2458032.489583333 343.57689 -8.00223 29.0822141857982
2458032.489594907 343.57689 -8.00223 29.0822142849541
2458032.489606482 343.57689 -8.00223 29.0822143841102
2458032.489618056 343.57689 -8.00223 29.0822144832667
2458032.489629630 343.57689 -8.00223 29.0822145824234
2458032.489641204 343.57689 -8.00223 29.0822146815805
2458032.489652778 343.57689 -8.00223 29.0822147807378
2458032.489664352 343.57689 -8.00223 29.0822148798955
2458032.489675926 343.57689 -8.00223 29.0822149790535
2458032.489687500 343.57689 -8.00223 29.0822150782117
2458032.489699074 343.57689 -8.00223 29.0822151773703
2458032.489710648 343.57689 -8.00223 29.0822152765292
2458032.489722222 343.57689 -8.00223 29.0822153756884
2458032.489733796 343.57689 -8.00223 29.0822154748478
2458032.489745371 343.57689 -8.00223 29.0822155740076
2458032.489756945 343.57689 -8.00223 29.0822156731677
2458032.489768519 343.57689 -8.00223 29.0822157723281
2458032.489780093 343.57689 -8.00223 29.0822158714888
2458032.489791667 343.57689 -8.00223 29.0822159706498
2458032.489803241 343.57689 -8.00224 29.0822160698111
2458032.489814815 343.57689 -8.00224 29.0822161689727
2458032.489826389 343.57689 -8.00224 29.0822162681346
2458032.489837963 343.57689 -8.00224 29.0822163672968
2458032.489849537 343.57689 -8.00224 29.0822164664593
2458032.489861111 343.57689 -8.00224 29.0822165656221
2458032.489872685 343.57689 -8.00224 29.0822166647853
2458032.489884259 343.57689 -8.00224 29.0822167639487
2458032.489895833 343.57689 -8.00224 29.0822168631124
2458032.489907407 343.57689 -8.00224 29.0822169622765
2458032.489918982 343.57689 -8.00224 29.0822170614408
2458032.489930556 343.57689 -8.00224 29.0822171606054
2458032.489942130 343.57689 -8.00224 29.0822172597704
2458032.489953704 343.57689 -8.00224 29.0822173589356
2458032.489965278 343.57689 -8.00224 29.0822174581011
2458032.489976852 343.57689 -8.00224 29.082217557267
2458032.489988426 343.57689 -8.00224 29.0822176564331
2458032.490000000 343.57689 -8.00224 29.0822177555996
2458032.490011574 343.57689 -8.00224 29.0822178547664
2458032.490023148 343.57689 -8.00224 29.0822179539334
2458032.490034722 343.57689 -8.00224 29.0822180531008
2458032.490046296 343.57689 -8.00224 29.0822181522685
2458032.490057870 343.57689 -8.00224 29.0822182514364
2458032.490069444 343.57689 -8.00224 29.0822183506047
2458032.490081018 343.57689 -8.00224 29.0822184497733
2458032.490092593 343.57688 -8.00224 29.0822185489422
2458032.490104167 343.57688 -8.00224 29.0822186481114
2458032.490115741 343.57688 -8.00224 29.0822187472808
2458032.490127315 343.57688 -8.00224 29.0822188464506
2458032.490138889 343.57688 -8.00224 29.0822189456207
2458032.490150463 343.57688 -8.00224 29.0822190447911
2458032.490162037 343.57688 -8.00224 29.0822191439618
2458032.490173611 343.57688 -8.00224 29.0822192431328
2458032.490185185 343.57688 -8.00224 29.0822193423041
2458032.490196759 343.57688 -8.00224 29.0822194414758
2458032.490208333 343.57688 -8.00224 29.0822195406477
2458032.490219907 343.57688 -8.00224 29.0822196398199
2458032.490231481 343.57688 -8.00224 29.0822197389924
2458032.490243055 343.57688 -8.00224 29.0822198381652
2458032.490254629 343.57688 -8.00224 29.0822199373384
2458032.490266204 343.57688 -8.00224 29.0822200365118
2458032.490277778 343.57688 -8.00224 29.0822201356855
2458032.490289352 343.57688 -8.00224 29.0822202348596
2458032.490300926 343.57688 -8.00224 29.0822203340339
2458032.490312500 343.57688 -8.00224 29.0822204332086
2458032.490324074 343.57688 -8.00224 29.0822205323835
2458032.490335648 343.57688 -8.00224 29.0822206315588
2458032.490347222 343.57688 -8.00224 29.0822207307343
2458032.490358796 343.57688 -8.00224 29.0822208299102
2458032.490370370 343.57688 -8.00224 29.0822209290863
2458032.490381944 343.57688 -8.00224 29.0822210282628
2458032.490393518 343.57688 -8.00224 29.0822211274396
2458032.490405092 343.57688 -8.00224 29.0822212266166
2458032.490416666 343.57688 -8.00224 29.082221325794
2458032.490428241 343.57688 -8.00224 29.0822214249717
2458032.490439815 343.57688 -8.00224 29.0822215241497
2458032.490451389 343.57688 -8.00224 29.0822216233279
2458032.490462963 343.57688 -8.00224 29.0822217225065
2458032.490474537 343.57688 -8.00224 29.0822218216854
2458032.490486111 343.57688 -8.00224 29.0822219208646
2458032.490497685 343.57688 -8.00224 29.0822220200441
2458032.490509259 343.57688 -8.00224 29.0822221192239
2458032.490520834 343.57688 -8.00224 29.082222218404
2458032.490532408 343.57688 -8.00224 29.0822223175844
2458032.490543982 343.57688 -8.00224 29.0822224167651
2458032.490555556 343.57688 -8.00224 29.0822225159461
2458032.490567130 343.57688 -8.00224 29.0822226151275
2458032.490578704 343.57688 -8.00224 29.0822227143091
2458032.490590278 343.57688 -8.00224 29.082222813491
2458032.490601852 343.57688 -8.00224 29.0822229126732
2458032.490613426 343.57688 -8.00224 29.0822230118558
2458032.490625000 343.57687 -8.00224 29.0822231110386
2458032.490636574 343.57687 -8.00224 29.0822232102217
2458032.490648148 343.57687 -8.00224 29.0822233094052
2458032.490659722 343.57687 -8.00224 29.0822234085889
2458032.490671296 343.57687 -8.00224 29.082223507773
2458032.490682870 343.57687 -8.00224 29.0822236069573
2458032.490694445 343.57687 -8.00224 29.082223706142
2458032.490706019 343.57687 -8.00224 29.0822238053269
2458032.490717593 343.57687 -8.00224 29.0822239045122
2458032.490729167 343.57687 -8.00224 29.0822240036977
2458032.490740741 343.57687 -8.00224 29.0822241028836
2458032.490752315 343.57687 -8.00224 29.0822242020698
2458032.490763889 343.57687 -8.00224 29.0822243012563
2458032.490775463 343.57687 -8.00224 29.082224400443
2458032.490787037 343.57687 -8.00224 29.0822244996301
2458032.490798611 343.57687 -8.00224 29.0822245988175
2458032.490810185 343.57687 -8.00224 29.0822246980052
2458032.490821759 343.57687 -8.00224 29.0822247971932
2458032.490833333 343.57687 -8.00224 29.0822248963815
2458032.490844907 343.57687 -8.00224 29.0822249955701
2458032.490856481 343.57687 -8.00224 29.082225094759
2458032.490868056 343.57687 -8.00224 29.0822251939482
2458032.490879630 343.57687 -8.00224 29.0822252931377
2458032.490891204 343.57687 -8.00224 29.0822253923275
2458032.490902778 343.57687 -8.00224 29.0822254915176
2458032.490914352 343.57687 -8.00224 29.082225590708
2458032.490925926 343.57687 -8.00224 29.0822256898987
2458032.490937500 343.57687 -8.00224 29.0822257890898
2458032.490949074 343.57687 -8.00224 29.0822258882811
2458032.490960648 343.57687 -8.00224 29.0822259874727
2458032.490972222 343.57687 -8.00224 29.0822260866646
2458032.490983796 343.57687 -8.00224 29.0822261858569
2458032.490995370 343.57687 -8.00224 29.0822262850494
2458032.491006944 343.57687 -8.00224 29.0822263842423
2458032.491018518 343.57687 -8.00224 29.0822264834354
2458032.491030093 343.57687 -8.00224 29.0822265826289
2458032.491041667 343.57687 -8.00224 29.0822266818226
2458032.491053241 343.57687 -8.00224 29.0822267810167
2458032.491064815 343.57687 -8.00224 29.082226880211
2458032.491076389 343.57687 -8.00224 29.0822269794057
2458032.491087963 343.57687 -8.00224 29.0822270786006
2458032.491099537 343.57687 -8.00224 29.0822271777959
2458032.491111111 343.57687 -8.00224 29.0822272769915
2458032.491122685 343.57687 -8.00224 29.0822273761874
2458032.491134259 343.57687 -8.00224 29.0822274753835
2458032.491145833 343.57687 -8.00224 29.08222757458
2458032.491157407 343.57686 -8.00224 29.0822276737768
2458032.491168981 343.57686 -8.00224 29.0822277729739
2458032.491180555 343.57686 -8.00224 29.0822278721713
2458032.491192129 343.57686 -8.00224 29.082227971369
2458032.491203704 343.57686 -8.00224 29.082228070567
2458032.491215278 343.57686 -8.00224 29.0822281697653
2458032.491226852 343.57686 -8.00224 29.0822282689639
2458032.491238426 343.57686 -8.00224 29.0822283681628
2458032.491250000 343.57686 -8.00224 29.082228467362
2458032.491261574 343.57686 -8.00224 29.0822285665615
2458032.491273148 343.57686 -8.00224 29.0822286657614
2458032.491284722 343.57686 -8.00224 29.0822287649615
2458032.491296296 343.57686 -8.00224 29.0822288641619
2458032.491307870 343.57686 -8.00224 29.0822289633626
2458032.491319444 343.57686 -8.00224 29.0822290625637
2458032.491331019 343.57686 -8.00224 29.082229161765
2458032.491342593 343.57686 -8.00224 29.0822292609666
2458032.491354167 343.57686 -8.00224 29.0822293601686
2458032.491365741 343.57686 -8.00224 29.0822294593708
2458032.491377315 343.57686 -8.00224 29.0822295585734
2458032.491388889 343.57686 -8.00224 29.0822296577762
2458032.491400463 343.57686 -8.00224 29.0822297569794
2458032.491412037 343.57686 -8.00224 29.0822298561829
2458032.491423611 343.57686 -8.00224 29.0822299553866
2458032.491435185 343.57686 -8.00224 29.0822300545907
2458032.491446759 343.57686 -8.00224 29.0822301537951
2458032.491458334 343.57686 -8.00224 29.0822302529997
2458032.491469908 343.57686 -8.00224 29.0822303522047
2458032.491481482 343.57686 -8.00224 29.08223045141
2458032.491493056 343.57686 -8.00224 29.0822305506156
2458032.491504630 343.57686 -8.00224 29.0822306498214
2458032.491516204 343.57686 -8.00224 29.0822307490276
2458032.491527778 343.57686 -8.00224 29.0822308482341
2458032.491539352 343.57686 -8.00224 29.0822309474409
2458032.491550926 343.57686 -8.00224 29.082231046648
2458032.491562500 343.57686 -8.00224 29.0822311458554
2458032.491574074 343.57686 -8.00224 29.0822312450631
2458032.491585648 343.57686 -8.00224 29.0822313442712
2458032.491597222 343.57686 -8.00224 29.0822314434795
2458032.491608796 343.57686 -8.00224 29.0822315426881
2458032.491620370 343.57686 -8.00224 29.082231641897
2458032.491631945 343.57686 -8.00224 29.0822317411062
2458032.491643519 343.57686 -8.00224 29.0822318403157
2458032.491655093 343.57686 -8.00224 29.0822319395256
2458032.491666667 343.57686 -8.00224 29.0822320387357
2458032.491678241 343.57685 -8.00224 29.0822321379461
2458032.491689815 343.57685 -8.00224 29.0822322371569
2458032.491701389 343.57685 -8.00224 29.0822323363679
2458032.491712963 343.57685 -8.00224 29.0822324355793
2458032.491724537 343.57685 -8.00224 29.0822325347909
2458032.491736111 343.57685 -8.00224 29.0822326340029
2458032.491747685 343.57685 -8.00224 29.0822327332151
2458032.491759259 343.57685 -8.00224 29.0822328324277
2458032.491770833 343.57685 -8.00224 29.0822329316406
2458032.491782407 343.57685 -8.00224 29.0822330308537
2458032.491793981 343.57685 -8.00224 29.0822331300672
2458032.491805556 343.57685 -8.00224 29.082233229281
2458032.491817130 343.57685 -8.00224 29.0822333284951
2458032.491828704 343.57685 -8.00224 29.0822334277094
2458032.491840278 343.57685 -8.00224 29.0822335269241
2458032.491851852 343.57685 -8.00224 29.0822336261391
2458032.491863426 343.57685 -8.00224 29.0822337253544
2458032.491875000 343.57685 -8.00224 29.08223382457
2458032.491886574 343.57685 -8.00224 29.0822339237859
2458032.491898148 343.57685 -8.00224 29.0822340230021
2458032.491909722 343.57685 -8.00224 29.0822341222186
2458032.491921296 343.57685 -8.00224 29.0822342214354
2458032.491932870 343.57685 -8.00224 29.0822343206525
2458032.491944444 343.57685 -8.00224 29.0822344198699
2458032.491956018 343.57685 -8.00224 29.0822345190876
2458032.491967592 343.57685 -8.00224 29.0822346183057
2458032.491979167 343.57685 -8.00224 29.082234717524
2458032.491990741 343.57685 -8.00224 29.0822348167426
2458032.492002315 343.57685 -8.00224 29.0822349159616
2458032.492013889 343.57685 -8.00224 29.0822350151808
2458032.492025463 343.57685 -8.00224 29.0822351144003
2458032.492037037 343.57685 -8.00224 29.0822352136202
2458032.492048611 343.57685 -8.00224 29.0822353128403
2458032.492060185 343.57685 -8.00224 29.0822354120608
2458032.492071759 343.57685 -8.00224 29.0822355112815
2458032.492083333 343.57685 -8.00224 29.0822356105026
2458032.492094907 343.57685 -8.00224 29.0822357097239
2458032.492106481 343.57685 -8.00224 29.0822358089456
2458032.492118055 343.57685 -8.00224 29.0822359081676
2458032.492129629 343.57685 -8.00224 29.0822360073898
2458032.492141203 343.57685 -8.00224 29.0822361066124
2458032.492152778 343.57685 -8.00224 29.0822362058353
2458032.492164352 343.57685 -8.00224 29.0822363050585
2458032.492175926 343.57685 -8.00224 29.0822364042819
2458032.492187500 343.57685 -8.00224 29.0822365035057
2458032.492199074 343.57685 -8.00224 29.0822366027298
2458032.492210648 343.57684 -8.00224 29.0822367019542
2458032.492222222 343.57684 -8.00225 29.0822368011789
2458032.492233797 343.57684 -8.00225 29.0822369004039
2458032.492245371 343.57684 -8.00225 29.0822369996292
2458032.492256945 343.57684 -8.00225 29.0822370988548
2458032.492268519 343.57684 -8.00225 29.0822371980807
2458032.492280093 343.57684 -8.00225 29.0822372973069
2458032.492291667 343.57684 -8.00225 29.0822373965334
2458032.492303241 343.57684 -8.00225 29.0822374957603
2458032.492314815 343.57684 -8.00225 29.0822375949874
2458032.492326389 343.57684 -8.00225 29.0822376942148
2458032.492337963 343.57684 -8.00225 29.0822377934425
2458032.492349537 343.57684 -8.00225 29.0822378926706
2458032.492361111 343.57684 -8.00225 29.0822379918989
2458032.492372685 343.57684 -8.00225 29.0822380911276
2458032.492384259 343.57684 -8.00225 29.0822381903565
2458032.492395833 343.57684 -8.00225 29.0822382895858
2458032.492407408 343.57684 -8.00225 29.0822383888153
2458032.492418982 343.57684 -8.00225 29.0822384880452
2458032.492430556 343.57684 -8.00225 29.0822385872753
2458032.492442130 343.57684 -8.00225 29.0822386865058
2458032.492453704 343.57684 -8.00225 29.0822387857365
2458032.492465278 343.57684 -8.00225 29.0822388849676
2458032.492476852 343.57684 -8.00225 29.082238984199
2458032.492488426 343.57684 -8.00225 29.0822390834307
2458032.492500000 343.57684 -8.00225 29.0822391826626
2458032.492511574 343.57684 -8.00225 29.0822392818949
2458032.492523148 343.57684 -8.00225 29.0822393811275
2458032.492534722 343.57684 -8.00225 29.0822394803604
2458032.492546296 343.57684 -8.00225 29.0822395795936
2458032.492557870 343.57684 -8.00225 29.0822396788271
2458032.492569444 343.57684 -8.00225 29.0822397780609
2458032.492581019 343.57684 -8.00225 29.082239877295
2458032.492592593 343.57684 -8.00225 29.0822399765294
2458032.492604167 343.57684 -8.00225 29.0822400757641
2458032.492615741 343.57684 -8.00225 29.0822401749991
2458032.492627315 343.57684 -8.00225 29.0822402742344
2458032.492638889 343.57684 -8.00225 29.08224037347
2458032.492650463 343.57684 -8.00225 29.082240472706
2458032.492662037 343.57684 -8.00225 29.0822405719422
2458032.492673611 343.57684 -8.00225 29.0822406711787
2458032.492685185 343.57684 -8.00225 29.0822407704155
2458032.492696759 343.57684 -8.00225 29.0822408696527
2458032.492708333 343.57684 -8.00225 29.0822409688901
2458032.492719907 343.57684 -8.00225 29.0822410681279
2458032.492731481 343.57684 -8.00225 29.0822411673659
2458032.492743055 343.57683 -8.00225 29.0822412666043
2458032.492754630 343.57683 -8.00225 29.0822413658429
2458032.492766204 343.57683 -8.00225 29.0822414650819
2458032.492777778 343.57683 -8.00225 29.0822415643211
2458032.492789352 343.57683 -8.00225 29.0822416635607
2458032.492800926 343.57683 -8.00225 29.0822417628006
2458032.492812500 343.57683 -8.00225 29.0822418620407
2458032.492824074 343.57683 -8.00225 29.0822419612812
2458032.492835648 343.57683 -8.00225 29.082242060522
2458032.492847222 343.57683 -8.00225 29.0822421597631
2458032.492858796 343.57683 -8.00225 29.0822422590045
2458032.492870370 343.57683 -8.00225 29.0822423582461
2458032.492881944 343.57683 -8.00225 29.0822424574881
2458032.492893518 343.57683 -8.00225 29.0822425567304
2458032.492905092 343.57683 -8.00225 29.082242655973
2458032.492916666 343.57683 -8.00225 29.0822427552159
2458032.492928241 343.57683 -8.00225 29.0822428544591
2458032.492939815 343.57683 -8.00225 29.0822429537026
2458032.492951389 343.57683 -8.00225 29.0822430529465
2458032.492962963 343.57683 -8.00225 29.0822431521906
2458032.492974537 343.57683 -8.00225 29.082243251435
2458032.492986111 343.57683 -8.00225 29.0822433506797
2458032.492997685 343.57683 -8.00225 29.0822434499247
2458032.493009259 343.57683 -8.00225 29.0822435491701
2458032.493020833 343.57683 -8.00225 29.0822436484157
2458032.493032407 343.57683 -8.00225 29.0822437476616
2458032.493043981 343.57683 -8.00225 29.0822438469079
2458032.493055556 343.57683 -8.00225 29.0822439461544
2458032.493067130 343.57683 -8.00225 29.0822440454013
2458032.493078704 343.57683 -8.00225 29.0822441446484
2458032.493090278 343.57683 -8.00225 29.0822442438959
2458032.493101852 343.57683 -8.00225 29.0822443431436
2458032.493113426 343.57683 -8.00225 29.0822444423917
2458032.493125000 343.57683 -8.00225 29.0822445416401
2458032.493136574 343.57683 -8.00225 29.0822446408887
2458032.493148148 343.57683 -8.00225 29.0822447401377
2458032.493159722 343.57683 -8.00225 29.082244839387
2458032.493171296 343.57683 -8.00225 29.0822449386365
2458032.493182871 343.57683 -8.00225 29.0822450378864
2458032.493194445 343.57683 -8.00225 29.0822451371366
2458032.493206019 343.57683 -8.00225 29.0822452363871
2458032.493217593 343.57683 -8.00225 29.0822453356379
2458032.493229167 343.57683 -8.00225 29.082245434889
2458032.493240741 343.57683 -8.00225 29.0822455341404
2458032.493252315 343.57683 -8.00225 29.0822456333921
2458032.493263889 343.57683 -8.00225 29.0822457326441
2458032.493275463 343.57682 -8.00225 29.0822458318964
2458032.493287037 343.57682 -8.00225 29.082245931149
2458032.493298611 343.57682 -8.00225 29.0822460304019
2458032.493310185 343.57682 -8.00225 29.0822461296552
2458032.493321759 343.57682 -8.00225 29.0822462289087
2458032.493333333 343.57682 -8.00225 29.0822463281625
2458032.493344907 343.57682 -8.00225 29.0822464274166
2458032.493356482 343.57682 -8.00225 29.0822465266711
2458032.493368056 343.57682 -8.00225 29.0822466259258
2458032.493379630 343.57682 -8.00225 29.0822467251808
2458032.493391204 343.57682 -8.00225 29.0822468244362
2458032.493402778 343.57682 -8.00225 29.0822469236918
2458032.493414352 343.57682 -8.00225 29.0822470229478
2458032.493425926 343.57682 -8.00225 29.082247122204
2458032.493437500 343.57682 -8.00225 29.0822472214606
2458032.493449074 343.57682 -8.00225 29.0822473207174
2458032.493460648 343.57682 -8.00225 29.0822474199746
2458032.493472222 343.57682 -8.00225 29.0822475192321
2458032.493483796 343.57682 -8.00225 29.0822476184899
2458032.493495370 343.57682 -8.00225 29.0822477177479
2458032.493506944 343.57682 -8.00225 29.0822478170063
2458032.493518519 343.57682 -8.00225 29.082247916265
2458032.493530093 343.57682 -8.00225 29.082248015524
2458032.493541667 343.57682 -8.00225 29.0822481147833
2458032.493553241 343.57682 -8.00225 29.0822482140429
2458032.493564815 343.57682 -8.00225 29.0822483133028
2458032.493576389 343.57682 -8.00225 29.082248412563
2458032.493587963 343.57682 -8.00225 29.0822485118235
2458032.493599537 343.57682 -8.00225 29.0822486110843
2458032.493611111 343.57682 -8.00225 29.0822487103454
2458032.493622685 343.57682 -8.00225 29.0822488096068
2458032.493634259 343.57682 -8.00225 29.0822489088685
2458032.493645833 343.57682 -8.00225 29.0822490081305
2458032.493657407 343.57682 -8.00225 29.0822491073929
2458032.493668981 343.57682 -8.00225 29.0822492066555
2458032.493680555 343.57682 -8.00225 29.0822493059184
2458032.493692130 343.57682 -8.00225 29.0822494051816
2458032.493703704 343.57682 -8.00225 29.0822495044452
2458032.493715278 343.57682 -8.00225 29.082249603709
2458032.493726852 343.57682 -8.00225 29.0822497029732
2458032.493738426 343.57682 -8.00225 29.0822498022376
2458032.493750000 343.57682 -8.00225 29.0822499015024
2458032.493761574 343.57682 -8.00225 29.0822500007674
2458032.493773148 343.57682 -8.00225 29.0822501000328
2458032.493784722 343.57682 -8.00225 29.0822501992984
2458032.493796296 343.57682 -8.00225 29.0822502985644
2458032.493807870 343.57681 -8.00225 29.0822503978307
2458032.493819444 343.57681 -8.00225 29.0822504970973
2458032.493831018 343.57681 -8.00225 29.0822505963641
2458032.493842592 343.57681 -8.00225 29.0822506956313
2458032.493854166 343.57681 -8.00225 29.0822507948988
2458032.493865741 343.57681 -8.00225 29.0822508941666
2458032.493877315 343.57681 -8.00225 29.0822509934347
2458032.493888889 343.57681 -8.00225 29.0822510927031
2458032.493900463 343.57681 -8.00225 29.0822511919718
2458032.493912037 343.57681 -8.00225 29.0822512912408
2458032.493923611 343.57681 -8.00225 29.0822513905101
2458032.493935185 343.57681 -8.00225 29.0822514897797
2458032.493946759 343.57681 -8.00225 29.0822515890496
2458032.493958334 343.57681 -8.00225 29.0822516883198
2458032.493969908 343.57681 -8.00225 29.0822517875903
2458032.493981482 343.57681 -8.00225 29.0822518868611
2458032.493993056 343.57681 -8.00225 29.0822519861323
2458032.494004630 343.57681 -8.00225 29.0822520854037
2458032.494016204 343.57681 -8.00225 29.0822521846754
2458032.494027778 343.57681 -8.00225 29.0822522839475
2458032.494039352 343.57681 -8.00225 29.0822523832198
2458032.494050926 343.57681 -8.00225 29.0822524824925
2458032.494062500 343.57681 -8.00225 29.0822525817654
2458032.494074074 343.57681 -8.00225 29.0822526810387
2458032.494085648 343.57681 -8.00225 29.0822527803122
2458032.494097222 343.57681 -8.00225 29.0822528795861
2458032.494108796 343.57681 -8.00225 29.0822529788602
2458032.494120371 343.57681 -8.00225 29.0822530781347
2458032.494131945 343.57681 -8.00225 29.0822531774095
2458032.494143519 343.57681 -8.00225 29.0822532766845
2458032.494155093 343.57681 -8.00225 29.0822533759599
2458032.494166667 343.57681 -8.00225 29.0822534752356
2458032.494178241 343.57681 -8.00225 29.0822535745116
2458032.494189815 343.57681 -8.00225 29.0822536737879
2458032.494201389 343.57681 -8.00225 29.0822537730644
2458032.494212963 343.57681 -8.00225 29.0822538723413
2458032.494224537 343.57681 -8.00225 29.0822539716185
2458032.494236111 343.57681 -8.00225 29.082254070896
2458032.494247685 343.57681 -8.00225 29.0822541701738
2458032.494259259 343.57681 -8.00225 29.0822542694519
2458032.494270833 343.57681 -8.00225 29.0822543687304
2458032.494282407 343.57681 -8.00225 29.0822544680091
2458032.494293982 343.57681 -8.00225 29.0822545672881
2458032.494305556 343.57681 -8.00225 29.0822546665674
2458032.494317130 343.57681 -8.00225 29.082254765847
2458032.494328704 343.57681 -8.00225 29.082254865127
2458032.494340278 343.5768 -8.00225 29.0822549644072
2458032.494351852 343.5768 -8.00225 29.0822550636877
2458032.494363426 343.5768 -8.00225 29.0822551629686
2458032.494375000 343.5768 -8.00225 29.0822552622497
2458032.494386574 343.5768 -8.00225 29.0822553615312
2458032.494398148 343.5768 -8.00225 29.0822554608129
2458032.494409722 343.5768 -8.00225 29.082255560095
2458032.494421296 343.5768 -8.00225 29.0822556593773
2458032.494432870 343.5768 -8.00225 29.08225575866
2458032.494444444 343.5768 -8.00225 29.0822558579429
2458032.494456018 343.5768 -8.00225 29.0822559572262
2458032.494467593 343.5768 -8.00225 29.0822560565098
2458032.494479167 343.5768 -8.00225 29.0822561557937
2458032.494490741 343.5768 -8.00225 29.0822562550778
2458032.494502315 343.5768 -8.00225 29.0822563543623
2458032.494513889 343.5768 -8.00225 29.0822564536471
2458032.494525463 343.5768 -8.00225 29.0822565529322
2458032.494537037 343.5768 -8.00225 29.0822566522176
2458032.494548611 343.5768 -8.00225 29.0822567515033
2458032.494560185 343.5768 -8.00225 29.0822568507893
2458032.494571759 343.5768 -8.00225 29.0822569500756
2458032.494583333 343.5768 -8.00225 29.0822570493622
2458032.494594907 343.5768 -8.00225 29.0822571486491
2458032.494606481 343.5768 -8.00225 29.0822572479363
2458032.494618055 343.5768 -8.00225 29.0822573472238
2458032.494629629 343.5768 -8.00225 29.0822574465116
2458032.494641204 343.5768 -8.00226 29.0822575457998
2458032.494652778 343.5768 -8.00226 29.0822576450882
2458032.494664352 343.5768 -8.00226 29.0822577443769
2458032.494675926 343.5768 -8.00226 29.082257843666
2458032.494687500 343.5768 -8.00226 29.0822579429553
2458032.494699074 343.5768 -8.00226 29.0822580422449
2458032.494710648 343.5768 -8.00226 29.0822581415349
2458032.494722222 343.5768 -8.00226 29.0822582408251
2458032.494733796 343.5768 -8.00226 29.0822583401157
2458032.494745370 343.5768 -8.00226 29.0822584394065
2458032.494756944 343.5768 -8.00226 29.0822585386977
2458032.494768518 343.5768 -8.00226 29.0822586379892
2458032.494780093 343.5768 -8.00226 29.0822587372809
2458032.494791667 343.5768 -8.00226 29.082258836573
2458032.494803241 343.5768 -8.00226 29.0822589358654
2458032.494814815 343.5768 -8.00226 29.0822590351581
2458032.494826389 343.5768 -8.00226 29.082259134451
2458032.494837963 343.5768 -8.00226 29.0822592337443
2458032.494849537 343.5768 -8.00226 29.0822593330379
2458032.494861111 343.57679 -8.00226 29.0822594323318
2458032.494872685 343.57679 -8.00226 29.082259531626
2458032.494884259 343.57679 -8.00226 29.0822596309205
2458032.494895834 343.57679 -8.00226 29.0822597302153
2458032.494907408 343.57679 -8.00226 29.0822598295104
2458032.494918982 343.57679 -8.00226 29.0822599288058
2458032.494930556 343.57679 -8.00226 29.0822600281015
2458032.494942130 343.57679 -8.00226 29.0822601273976
2458032.494953704 343.57679 -8.00226 29.0822602266939
2458032.494965278 343.57679 -8.00226 29.0822603259905
2458032.494976852 343.57679 -8.00226 29.0822604252874
2458032.494988426 343.57679 -8.00226 29.0822605245847
2458032.495 343.57679 -8.00226 29.0822606238822
2458032.495011574 343.57679 -8.00226 29.08226072318
2458032.495023148 343.57679 -8.00226 29.0822608224782
2458032.495034722 343.57679 -8.00226 29.0822609217766
2458032.495046296 343.57679 -8.00226 29.0822610210754
2458032.49505787 343.57679 -8.00226 29.0822611203744
2458032.495069445 343.57679 -8.00226 29.0822612196738
2458032.495081019 343.57679 -8.00226 29.0822613189734
2458032.495092593 343.57679 -8.00226 29.0822614182734
2458032.495104167 343.57679 -8.00226 29.0822615175737
2458032.495115741 343.57679 -8.00226 29.0822616168742
2458032.495127315 343.57679 -8.00226 29.0822617161751
2458032.495138889 343.57679 -8.00226 29.0822618154763
2458032.495150463 343.57679 -8.00226 29.0822619147778
2458032.495162037 343.57679 -8.00226 29.0822620140796
2458032.495173611 343.57679 -8.00226 29.0822621133816
2458032.495185185 343.57679 -8.00226 29.082262212684
2458032.495196759 343.57679 -8.00226 29.0822623119867
2458032.495208333 343.57679 -8.00226 29.0822624112897
2458032.495219907 343.57679 -8.00226 29.082262510593
2458032.495231481 343.57679 -8.00226 29.0822626098966
2458032.495243056 343.57679 -8.00226 29.0822627092006
2458032.49525463 343.57679 -8.00226 29.0822628085048
2458032.495266204 343.57679 -8.00226 29.0822629078093
2458032.495277778 343.57679 -8.00226 29.0822630071141
2458032.495289352 343.57679 -8.00226 29.0822631064192
2458032.495300926 343.57679 -8.00226 29.0822632057246
2458032.4953125 343.57679 -8.00226 29.0822633050304
2458032.495324074 343.57679 -8.00226 29.0822634043364
2458032.495335648 343.57679 -8.00226 29.0822635036428
2458032.495347222 343.57679 -8.00226 29.0822636029494
2458032.495358796 343.57679 -8.00226 29.0822637022563
2458032.49537037 343.57679 -8.00226 29.0822638015636
2458032.495381944 343.57679 -8.00226 29.0822639008712
2458032.495393518 343.57678 -8.00226 29.082264000179
2458032.495405092 343.57678 -8.00226 29.0822640994872
2458032.495416667 343.57678 -8.00226 29.0822641987956
2458032.495428241 343.57678 -8.00226 29.0822642981044
2458032.495439815 343.57678 -8.00226 29.0822643974135
2458032.495451389 343.57678 -8.00226 29.0822644967228
2458032.495462963 343.57678 -8.00226 29.0822645960325
2458032.495474537 343.57678 -8.00226 29.0822646953425
2458032.495486111 343.57678 -8.00226 29.0822647946528
2458032.495497685 343.57678 -8.00226 29.0822648939634
2458032.495509259 343.57678 -8.00226 29.0822649932743
2458032.495520833 343.57678 -8.00226 29.0822650925855
2458032.495532407 343.57678 -8.00226 29.082265191897
2458032.495543981 343.57678 -8.00226 29.0822652912088
2458032.495555555 343.57678 -8.00226 29.0822653905209
2458032.495567129 343.57678 -8.00226 29.0822654898333
2458032.495578703 343.57678 -8.00226 29.082265589146
2458032.495590278 343.57678 -8.00226 29.082265688459
2458032.495601852 343.57678 -8.00226 29.0822657877724
2458032.495613426 343.57678 -8.00226 29.082265887086
2458032.495625 343.57678 -8.00226 29.0822659863999
2458032.495636574 343.57678 -8.00226 29.0822660857141
2458032.495648148 343.57678 -8.00226 29.0822661850287
2458032.495659722 343.57678 -8.00226 29.0822662843435
2458032.495671296 343.57678 -8.00226 29.0822663836587
2458032.495682871 343.57678 -8.00226 29.0822664829741
2458032.495694445 343.57678 -8.00226 29.0822665822899
2458032.495706019 343.57678 -8.00226 29.0822666816059
2458032.495717593 343.57678 -8.00226 29.0822667809223
2458032.495729167 343.57678 -8.00226 29.0822668802389
2458032.495740741 343.57678 -8.00226 29.0822669795559
2458032.495752315 343.57678 -8.00226 29.0822670788732
2458032.495763889 343.57678 -8.00226 29.0822671781907
2458032.495775463 343.57678 -8.00226 29.0822672775086
2458032.495787037 343.57678 -8.00226 29.0822673768268
2458032.495798611 343.57678 -8.00226 29.0822674761453
2458032.495810185 343.57678 -8.00226 29.0822675754641
2458032.495821759 343.57678 -8.00226 29.0822676747832
2458032.495833333 343.57678 -8.00226 29.0822677741026
2458032.495844908 343.57678 -8.00226 29.0822678734223
2458032.495856482 343.57678 -8.00226 29.0822679727423
2458032.495868056 343.57678 -8.00226 29.0822680720626
2458032.49587963 343.57678 -8.00226 29.0822681713832
2458032.495891204 343.57678 -8.00226 29.0822682707041
2458032.495902778 343.57678 -8.00226 29.0822683700253
2458032.495914352 343.57678 -8.00226 29.0822684693468
2458032.495925926 343.57677 -8.00226 29.0822685686687
2458032.4959375 343.57677 -8.00226 29.0822686679908
2458032.495949074 343.57677 -8.00226 29.0822687673132
2458032.495960648 343.57677 -8.00226 29.0822688666359
2458032.495972222 343.57677 -8.00226 29.082268965959
2458032.495983796 343.57677 -8.00226 29.0822690652823
2458032.49599537 343.57677 -8.00226 29.082269164606
2458032.496006944 343.57677 -8.00226 29.0822692639299
2458032.496018519 343.57677 -8.00226 29.0822693632542
2458032.496030093 343.57677 -8.00226 29.0822694625787
2458032.496041667 343.57677 -8.00226 29.0822695619036
2458032.496053241 343.57677 -8.00226 29.0822696612288
2458032.496064815 343.57677 -8.00226 29.0822697605542
2458032.496076389 343.57677 -8.00226 29.08226985988
2458032.496087963 343.57677 -8.00226 29.0822699592061
2458032.496099537 343.57677 -8.00226 29.0822700585325
2458032.496111111 343.57677 -8.00226 29.0822701578591
2458032.496122685 343.57677 -8.00226 29.0822702571861
2458032.496134259 343.57677 -8.00226 29.0822703565134
2458032.496145833 343.57677 -8.00226 29.082270455841
2458032.496157407 343.57677 -8.00226 29.0822705551689
2458032.496168981 343.57677 -8.00226 29.0822706544971
2458032.496180556 343.57677 -8.00226 29.0822707538256
2458032.49619213 343.57677 -8.00226 29.0822708531544
2458032.496203704 343.57677 -8.00226 29.0822709524835
2458032.496215278 343.57677 -8.00226 29.0822710518129
2458032.496226852 343.57677 -8.00226 29.0822711511427
2458032.496238426 343.57677 -8.00226 29.0822712504727
2458032.49625 343.57677 -8.00226 29.082271349803
2458032.496261574 343.57677 -8.00226 29.0822714491336
2458032.496273148 343.57677 -8.00226 29.0822715484646
2458032.496284722 343.57677 -8.00226 29.0822716477958
2458032.496296296 343.57677 -8.00226 29.0822717471273
2458032.49630787 343.57677 -8.00226 29.0822718464592
2458032.496319444 343.57677 -8.00226 29.0822719457913
2458032.496331018 343.57677 -8.00226 29.0822720451238
2458032.496342592 343.57677 -8.00226 29.0822721444565
2458032.496354167 343.57677 -8.00226 29.0822722437896
2458032.496365741 343.57677 -8.00226 29.082272343123
2458032.496377315 343.57677 -8.00226 29.0822724424566
2458032.496388889 343.57677 -8.00226 29.0822725417906
2458032.496400463 343.57677 -8.00226 29.0822726411249
2458032.496412037 343.57677 -8.00226 29.0822727404595
2458032.496423611 343.57677 -8.00226 29.0822728397943
2458032.496435185 343.57677 -8.00226 29.0822729391295
2458032.496446759 343.57677 -8.00226 29.082273038465
2458032.496458333 343.57676 -8.00226 29.0822731378008
2458032.496469907 343.57676 -8.00226 29.0822732371369
2458032.496481481 343.57676 -8.00226 29.0822733364733
2458032.496493055 343.57676 -8.00226 29.08227343581
2458032.496504629 343.57676 -8.00226 29.082273535147
2458032.496516204 343.57676 -8.00226 29.0822736344843
2458032.496527778 343.57676 -8.00226 29.0822737338219
2458032.496539352 343.57676 -8.00226 29.0822738331598
2458032.496550926 343.57676 -8.00226 29.0822739324981
2458032.4965625 343.57676 -8.00226 29.0822740318366
2458032.496574074 343.57676 -8.00226 29.0822741311754
2458032.496585648 343.57676 -8.00226 29.0822742305146
2458032.496597222 343.57676 -8.00226 29.082274329854
2458032.496608797 343.57676 -8.00226 29.0822744291937
2458032.496620371 343.57676 -8.00226 29.0822745285338
2458032.496631945 343.57676 -8.00226 29.0822746278741
2458032.496643519 343.57676 -8.00226 29.0822747272148
2458032.496655093 343.57676 -8.00226 29.0822748265557
2458032.496666667 343.57676 -8.00226 29.082274925897
2458032.496678241 343.57676 -8.00226 29.0822750252386
2458032.496689815 343.57676 -8.00226 29.0822751245804
2458032.496701389 343.57676 -8.00226 29.0822752239226
2458032.496712963 343.57676 -8.00226 29.0822753232651
2458032.496724537 343.57676 -8.00226 29.0822754226078
2458032.496736111 343.57676 -8.00226 29.0822755219509
2458032.496747685 343.57676 -8.00226 29.0822756212943
2458032.496759259 343.57676 -8.00226 29.082275720638
2458032.496770833 343.57676 -8.00226 29.082275819982
2458032.496782408 343.57676 -8.00226 29.0822759193263
2458032.496793982 343.57676 -8.00226 29.0822760186709
2458032.496805556 343.57676 -8.00226 29.0822761180158
2458032.49681713 343.57676 -8.00226 29.082276217361
2458032.496828704 343.57676 -8.00226 29.0822763167065
2458032.496840278 343.57676 -8.00226 29.0822764160523
2458032.496851852 343.57676 -8.00226 29.0822765153984
2458032.496863426 343.57676 -8.00226 29.0822766147449
2458032.496875 343.57676 -8.00226 29.0822767140916
2458032.496886574 343.57676 -8.00226 29.0822768134386
2458032.496898148 343.57676 -8.00226 29.0822769127859
2458032.496909722 343.57676 -8.00226 29.0822770121336
2458032.496921296 343.57676 -8.00226 29.0822771114815
2458032.49693287 343.57676 -8.00226 29.0822772108298
2458032.496944444 343.57676 -8.00226 29.0822773101783
2458032.496956019 343.57676 -8.00226 29.0822774095272
2458032.496967593 343.57676 -8.00226 29.0822775088763
2458032.496979167 343.57676 -8.00226 29.0822776082258
2458032.496990741 343.57675 -8.00226 29.0822777075755
2458032.497002315 343.57675 -8.00226 29.0822778069256
2458032.497013889 343.57675 -8.00226 29.082277906276
2458032.497025463 343.57675 -8.00226 29.0822780056266
2458032.497037037 343.57675 -8.00226 29.0822781049776
2458032.497048611 343.57675 -8.00226 29.0822782043289
2458032.497060185 343.57675 -8.00226 29.0822783036805
2458032.497071759 343.57675 -8.00227 29.0822784030324
2458032.497083333 343.57675 -8.00227 29.0822785023846
2458032.497094907 343.57675 -8.00227 29.0822786017371
2458032.497106481 343.57675 -8.00227 29.0822787010899
2458032.497118055 343.57675 -8.00227 29.082278800443
2458032.49712963 343.57675 -8.00227 29.0822788997964
2458032.497141204 343.57675 -8.00227 29.0822789991501
2458032.497152778 343.57675 -8.00227 29.0822790985041
2458032.497164352 343.57675 -8.00227 29.0822791978584
2458032.497175926 343.57675 -8.00227 29.082279297213
2458032.4971875 343.57675 -8.00227 29.082279396568
2458032.497199074 343.57675 -8.00227 29.0822794959232
2458032.497210648 343.57675 -8.00227 29.0822795952787
2458032.497222222 343.57675 -8.00227 29.0822796946346
2458032.497233796 343.57675 -8.00227 29.0822797939907
2458032.49724537 343.57675 -8.00227 29.0822798933471
2458032.497256944 343.57675 -8.00227 29.0822799927039
2458032.497268518 343.57675 -8.00227 29.0822800920609
2458032.497280092 343.57675 -8.00227 29.0822801914183
2458032.497291666 343.57675 -8.00227 29.082280290776
2458032.497303241 343.57675 -8.00227 29.0822803901339
2458032.497314815 343.57675 -8.00227 29.0822804894922
2458032.497326389 343.57675 -8.00227 29.0822805888507
2458032.497337963 343.57675 -8.00227 29.0822806882096
2458032.497349537 343.57675 -8.00227 29.0822807875688
2458032.497361111 343.57675 -8.00227 29.0822808869283
2458032.497372685 343.57675 -8.00227 29.0822809862881
2458032.497384259 343.57675 -8.00227 29.0822810856482
2458032.497395833 343.57675 -8.00227 29.0822811850085
2458032.497407407 343.57675 -8.00227 29.0822812843692
2458032.497418982 343.57675 -8.00227 29.0822813837302
2458032.497430556 343.57675 -8.00227 29.0822814830915
2458032.49744213 343.57675 -8.00227 29.0822815824532
2458032.497453704 343.57675 -8.00227 29.0822816818151
2458032.497465278 343.57675 -8.00227 29.0822817811773
2458032.497476852 343.57675 -8.00227 29.0822818805398
2458032.497488426 343.57675 -8.00227 29.0822819799026
2458032.4975 343.57675 -8.00227 29.0822820792657
2458032.497511574 343.57675 -8.00227 29.0822821786292
2458032.497523148 343.57674 -8.00227 29.0822822779929
2458032.497534722 343.57674 -8.00227 29.082282377357
2458032.497546296 343.57674 -8.00227 29.0822824767213
2458032.497557871 343.57674 -8.00227 29.0822825760859
2458032.497569445 343.57674 -8.00227 29.0822826754509
2458032.497581019 343.57674 -8.00227 29.0822827748161
2458032.497592593 343.57674 -8.00227 29.0822828741817
2458032.497604167 343.57674 -8.00227 29.0822829735476
2458032.497615741 343.57674 -8.00227 29.0822830729137
2458032.497627315 343.57674 -8.00227 29.0822831722802
2458032.497638889 343.57674 -8.00227 29.082283271647
2458032.497650463 343.57674 -8.00227 29.082283371014
2458032.497662037 343.57674 -8.00227 29.0822834703814
2458032.497673611 343.57674 -8.00227 29.0822835697491
2458032.497685185 343.57674 -8.00227 29.0822836691171
2458032.497696759 343.57674 -8.00227 29.0822837684854
2458032.497708333 343.57674 -8.00227 29.082283867854
2458032.497719907 343.57674 -8.00227 29.0822839672229
2458032.497731482 343.57674 -8.00227 29.0822840665921
2458032.497743056 343.57674 -8.00227 29.0822841659616
2458032.49775463 343.57674 -8.00227 29.0822842653314
2458032.497766204 343.57674 -8.00227 29.0822843647015
2458032.497777778 343.57674 -8.00227 29.0822844640719
2458032.497789352 343.57674 -8.00227 29.0822845634426
2458032.497800926 343.57674 -8.00227 29.0822846628136
2458032.4978125 343.57674 -8.00227 29.082284762185
2458032.497824074 343.57674 -8.00227 29.0822848615566
2458032.497835648 343.57674 -8.00227 29.0822849609285
2458032.497847222 343.57674 -8.00227 29.0822850603008
2458032.497858796 343.57674 -8.00227 29.0822851596733
2458032.49787037 343.57674 -8.00227 29.0822852590462
2458032.497881944 343.57674 -8.00227 29.0822853584193
2458032.497893518 343.57674 -8.00227 29.0822854577928
2458032.497905093 343.57674 -8.00227 29.0822855571665
2458032.497916667 343.57674 -8.00227 29.0822856565406
2458032.497928241 343.57674 -8.00227 29.0822857559149
2458032.497939815 343.57674 -8.00227 29.0822858552896
2458032.497951389 343.57674 -8.00227 29.0822859546646
2458032.497962963 343.57674 -8.00227 29.0822860540399
2458032.497974537 343.57674 -8.00227 29.0822861534154
2458032.497986111 343.57674 -8.00227 29.0822862527913
2458032.497997685 343.57674 -8.00227 29.0822863521675
2458032.498009259 343.57674 -8.00227 29.082286451544
2458032.498020833 343.57674 -8.00227 29.0822865509208
2458032.498032407 343.57674 -8.00227 29.0822866502979
2458032.498043981 343.57674 -8.00227 29.0822867496753
2458032.498055555 343.57673 -8.00227 29.082286849053
2458032.498067129 343.57673 -8.00227 29.082286948431
2458032.498078704 343.57673 -8.00227 29.0822870478093
2458032.498090278 343.57673 -8.00227 29.082287147188
2458032.498101852 343.57673 -8.00227 29.0822872465669
2458032.498113426 343.57673 -8.00227 29.0822873459461
2458032.498125 343.57673 -8.00227 29.0822874453256
2458032.498136574 343.57673 -8.00227 29.0822875447055
2458032.498148148 343.57673 -8.00227 29.0822876440856
2458032.498159722 343.57673 -8.00227 29.082287743466
2458032.498171296 343.57673 -8.00227 29.0822878428468
2458032.49818287 343.57673 -8.00227 29.0822879422278
2458032.498194444 343.57673 -8.00227 29.0822880416092
2458032.498206018 343.57673 -8.00227 29.0822881409908
2458032.498217592 343.57673 -8.00227 29.0822882403728
2458032.498229166 343.57673 -8.00227 29.0822883397551
2458032.498240741 343.57673 -8.00227 29.0822884391376
2458032.498252315 343.57673 -8.00227 29.0822885385205
2458032.498263889 343.57673 -8.00227 29.0822886379037
2458032.498275463 343.57673 -8.00227 29.0822887372872
2458032.498287037 343.57673 -8.00227 29.0822888366709
2458032.498298611 343.57673 -8.00227 29.082288936055
2458032.498310185 343.57673 -8.00227 29.0822890354394
2458032.498321759 343.57673 -8.00227 29.0822891348241
2458032.498333334 343.57673 -8.00227 29.0822892342091
2458032.498344908 343.57673 -8.00227 29.0822893335944
2458032.498356482 343.57673 -8.00227 29.08228943298
2458032.498368056 343.57673 -8.00227 29.0822895323659
2458032.49837963 343.57673 -8.00227 29.0822896317521
2458032.498391204 343.57673 -8.00227 29.0822897311387
2458032.498402778 343.57673 -8.00227 29.0822898305255
2458032.498414352 343.57673 -8.00227 29.0822899299126
2458032.498425926 343.57673 -8.00227 29.0822900293
2458032.4984375 343.57673 -8.00227 29.0822901286877
2458032.498449074 343.57673 -8.00227 29.0822902280758
2458032.498460648 343.57673 -8.00227 29.0822903274641
2458032.498472222 343.57673 -8.00227 29.0822904268528
2458032.498483796 343.57673 -8.00227 29.0822905262417
2458032.49849537 343.57673 -8.00227 29.082290625631
2458032.498506945 343.57673 -8.00227 29.0822907250205
2458032.498518519 343.57673 -8.00227 29.0822908244104
2458032.498530093 343.57673 -8.00227 29.0822909238005
2458032.498541667 343.57673 -8.00227 29.082291023191
2458032.498553241 343.57673 -8.00227 29.0822911225818
2458032.498564815 343.57673 -8.00227 29.0822912219729
2458032.498576389 343.57673 -8.00227 29.0822913213642
2458032.498587963 343.57672 -8.00227 29.0822914207559
2458032.498599537 343.57672 -8.00227 29.0822915201479
2458032.498611111 343.57672 -8.00227 29.0822916195402
2458032.498622685 343.57672 -8.00227 29.0822917189328
2458032.498634259 343.57672 -8.00227 29.0822918183257
2458032.498645833 343.57672 -8.00227 29.0822919177189
2458032.498657407 343.57672 -8.00227 29.0822920171124
2458032.498668981 343.57672 -8.00227 29.0822921165062
2458032.498680556 343.57672 -8.00227 29.0822922159003
2458032.49869213 343.57672 -8.00227 29.0822923152947
2458032.498703704 343.57672 -8.00227 29.0822924146894
2458032.498715278 343.57672 -8.00227 29.0822925140844
2458032.498726852 343.57672 -8.00227 29.0822926134798
2458032.498738426 343.57672 -8.00227 29.0822927128754
2458032.49875 343.57672 -8.00227 29.0822928122713
2458032.498761574 343.57672 -8.00227 29.0822929116676
2458032.498773148 343.57672 -8.00227 29.0822930110641
2458032.498784722 343.57672 -8.00227 29.082293110461
2458032.498796296 343.57672 -8.00227 29.0822932098581
2458032.49880787 343.57672 -8.00227 29.0822933092556
2458032.498819444 343.57672 -8.00227 29.0822934086533
2458032.498831018 343.57672 -8.00227 29.0822935080514
2458032.498842593 343.57672 -8.00227 29.0822936074498
2458032.498854167 343.57672 -8.00227 29.0822937068484
2458032.498865741 343.57672 -8.00227 29.0822938062474
2458032.498877315 343.57672 -8.00227 29.0822939056467
2458032.498888889 343.57672 -8.00227 29.0822940050463
2458032.498900463 343.57672 -8.00227 29.0822941044461
2458032.498912037 343.57672 -8.00227 29.0822942038463
2458032.498923611 343.57672 -8.00227 29.0822943032468
2458032.498935185 343.57672 -8.00227 29.0822944026476
2458032.498946759 343.57672 -8.00227 29.0822945020487
2458032.498958333 343.57672 -8.00227 29.0822946014501
2458032.498969907 343.57672 -8.00227 29.0822947008518
2458032.498981481 343.57672 -8.00227 29.0822948002538
2458032.498993055 343.57672 -8.00227 29.0822948996561
2458032.499004629 343.57672 -8.00227 29.0822949990588
2458032.499016204 343.57672 -8.00227 29.0822950984617
2458032.499027778 343.57672 -8.00227 29.0822951978649
2458032.499039352 343.57672 -8.00227 29.0822952972684
2458032.499050926 343.57672 -8.00227 29.0822953966723
2458032.4990625 343.57672 -8.00227 29.0822954960764
2458032.499074074 343.57672 -8.00227 29.0822955954809
2458032.499085648 343.57672 -8.00227 29.0822956948856
2458032.499097222 343.57672 -8.00227 29.0822957942907
2458032.499108796 343.57671 -8.00227 29.082295893696
2458032.49912037 343.57671 -8.00227 29.0822959931017
2458032.499131944 343.57671 -8.00227 29.0822960925076
2458032.499143519 343.57671 -8.00227 29.0822961919139
2458032.499155093 343.57671 -8.00227 29.0822962913205
2458032.499166667 343.57671 -8.00227 29.0822963907273
2458032.499178241 343.57671 -8.00227 29.0822964901345
2458032.499189815 343.57671 -8.00227 29.082296589542
2458032.499201389 343.57671 -8.00227 29.0822966889498
2458032.499212963 343.57671 -8.00227 29.0822967883579
2458032.499224537 343.57671 -8.00227 29.0822968877663
2458032.499236111 343.57671 -8.00227 29.0822969871749
2458032.499247685 343.57671 -8.00227 29.0822970865839
2458032.499259259 343.57671 -8.00227 29.0822971859932
2458032.499270834 343.57671 -8.00227 29.0822972854029
2458032.499282408 343.57671 -8.00227 29.0822973848128
2458032.499293982 343.57671 -8.00227 29.082297484223
2458032.499305556 343.57671 -8.00227 29.0822975836335
2458032.49931713 343.57671 -8.00227 29.0822976830443
2458032.499328704 343.57671 -8.00227 29.0822977824555
2458032.499340278 343.57671 -8.00227 29.0822978818669
2458032.499351852 343.57671 -8.00227 29.0822979812786
2458032.499363426 343.57671 -8.00227 29.0822980806907
2458032.499375 343.57671 -8.00227 29.082298180103
2458032.499386574 343.57671 -8.00227 29.0822982795156
2458032.499398148 343.57671 -8.00227 29.0822983789286
2458032.499409722 343.57671 -8.00227 29.0822984783418
2458032.499421296 343.57671 -8.00227 29.0822985777554
2458032.49943287 343.57671 -8.00227 29.0822986771693
2458032.499444445 343.57671 -8.00227 29.0822987765834
2458032.499456019 343.57671 -8.00227 29.0822988759979
2458032.499467593 343.57671 -8.00227 29.0822989754127
2458032.499479167 343.57671 -8.00227 29.0822990748277
2458032.499490741 343.57671 -8.00228 29.0822991742431
2458032.499502315 343.57671 -8.00228 29.0822992736588
2458032.499513889 343.57671 -8.00228 29.0822993730748
2458032.499525463 343.57671 -8.00228 29.0822994724911
2458032.499537037 343.57671 -8.00228 29.0822995719077
2458032.499548611 343.57671 -8.00228 29.0822996713246
2458032.499560185 343.57671 -8.00228 29.0822997707418
2458032.499571759 343.57671 -8.00228 29.0822998701593
2458032.499583333 343.57671 -8.00228 29.0822999695771
2458032.499594907 343.57671 -8.00228 29.0823000689952
2458032.499606481 343.57671 -8.00228 29.0823001684136
2458032.499618056 343.57671 -8.00228 29.0823002678324
2458032.49962963 343.57671 -8.00228 29.0823003672514
2458032.499641204 343.5767 -8.00228 29.0823004666707
2458032.499652778 343.5767 -8.00228 29.0823005660904
2458032.499664352 343.5767 -8.00228 29.0823006655103
2458032.499675926 343.5767 -8.00228 29.0823007649305
2458032.4996875 343.5767 -8.00228 29.0823008643511
2458032.499699074 343.5767 -8.00228 29.0823009637719
2458032.499710648 343.5767 -8.00228 29.0823010631931
2458032.499722222 343.5767 -8.00228 29.0823011626145
2458032.499733796 343.5767 -8.00228 29.0823012620363
2458032.49974537 343.5767 -8.00228 29.0823013614584
2458032.499756944 343.5767 -8.00228 29.0823014608807
2458032.499768518 343.5767 -8.00228 29.0823015603034
2458032.499780092 343.5767 -8.00228 29.0823016597264
2458032.499791667 343.5767 -8.00228 29.0823017591497
2458032.499803241 343.5767 -8.00228 29.0823018585733
2458032.499814815 343.5767 -8.00228 29.0823019579971
2458032.499826389 343.5767 -8.00228 29.0823020574213
2458032.499837963 343.5767 -8.00228 29.0823021568458
2458032.499849537 343.5767 -8.00228 29.0823022562706
2458032.499861111 343.5767 -8.00228 29.0823023556957
2458032.499872685 343.5767 -8.00228 29.0823024551212
2458032.499884259 343.5767 -8.00228 29.0823025545469
2458032.499895833 343.5767 -8.00228 29.0823026539729
2458032.499907407 343.5767 -8.00228 29.0823027533992
2458032.499918981 343.5767 -8.00228 29.0823028528258
2458032.499930555 343.5767 -8.00228 29.0823029522528
2458032.499942129 343.5767 -8.00228 29.08230305168
2458032.499953703 343.5767 -8.00228 29.0823031511075
2458032.499965278 343.5767 -8.00228 29.0823032505354
2458032.499976852 343.5767 -8.00228 29.0823033499635
2458032.499988426 343.5767 -8.00228 29.082303449392
2458032.5 343.5767 -8.00228 29.0823035488207
2458032.500011574 343.5767 -8.00228 29.0823036482498
2458032.500023148 343.5767 -8.00228 29.0823037476791
2458032.500034722 343.5767 -8.00228 29.0823038471088
2458032.500046297 343.5767 -8.00228 29.0823039465387
2458032.500057871 343.5767 -8.00228 29.082304045969
2458032.500069445 343.5767 -8.00228 29.0823041453996
2458032.500081019 343.5767 -8.00228 29.0823042448305
2458032.500092593 343.5767 -8.00228 29.0823043442616
2458032.500104167 343.5767 -8.00228 29.0823044436931
2458032.500115741 343.5767 -8.00228 29.0823045431249
2458032.500127315 343.5767 -8.00228 29.082304642557
2458032.500138889 343.5767 -8.00228 29.0823047419894
2458032.500150463 343.5767 -8.00228 29.0823048414221
2458032.500162037 343.5767 -8.00228 29.0823049408551
2458032.500173611 343.57669 -8.00228 29.0823050402884
2458032.500185185 343.57669 -8.00228 29.0823051397221
2458032.500196759 343.57669 -8.00228 29.082305239156
2458032.500208333 343.57669 -8.00228 29.0823053385902
2458032.500219908 343.57669 -8.00228 29.0823054380247
2458032.500231482 343.57669 -8.00228 29.0823055374595
2458032.500243056 343.57669 -8.00228 29.0823056368947
2458032.50025463 343.57669 -8.00228 29.0823057363301
2458032.500266204 343.57669 -8.00228 29.0823058357659
2458032.500277778 343.57669 -8.00228 29.0823059352019
2458032.500289352 343.57669 -8.00228 29.0823060346383
2458032.500300926 343.57669 -8.00228 29.0823061340749
2458032.5003125 343.57669 -8.00228 29.0823062335119
2458032.500324074 343.57669 -8.00228 29.0823063329491
2458032.500335648 343.57669 -8.00228 29.0823064323867
2458032.500347222 343.57669 -8.00228 29.0823065318245
2458032.500358796 343.57669 -8.00228 29.0823066312627
2458032.50037037 343.57669 -8.00228 29.0823067307012
2458032.500381944 343.57669 -8.00228 29.08230683014
2458032.500393519 343.57669 -8.00228 29.0823069295791
2458032.500405093 343.57669 -8.00228 29.0823070290185
2458032.500416667 343.57669 -8.00228 29.0823071284582
2458032.500428241 343.57669 -8.00228 29.0823072278981
2458032.500439815 343.57669 -8.00228 29.0823073273384
2458032.500451389 343.57669 -8.00228 29.082307426779
2458032.500462963 343.57669 -8.00228 29.08230752622
2458032.500474537 343.57669 -8.00228 29.0823076256612
2458032.500486111 343.57669 -8.00228 29.0823077251027
2458032.500497685 343.57669 -8.00228 29.0823078245445
2458032.500509259 343.57669 -8.00228 29.0823079239866
2458032.500520833 343.57669 -8.00228 29.0823080234291
2458032.500532407 343.57669 -8.00228 29.0823081228718
2458032.500543981 343.57669 -8.00228 29.0823082223148
2458032.500555555 343.57669 -8.00228 29.0823083217582
2458032.50056713 343.57669 -8.00228 29.0823084212018
2458032.500578704 343.57669 -8.00228 29.0823085206457
2458032.500590278 343.57669 -8.00228 29.08230862009
2458032.500601852 343.57669 -8.00228 29.0823087195346
2458032.500613426 343.57669 -8.00228 29.0823088189794
2458032.500625 343.57669 -8.00228 29.0823089184246
2458032.500636574 343.57669 -8.00228 29.08230901787
2458032.500648148 343.57669 -8.00228 29.0823091173158
2458032.500659722 343.57669 -8.00228 29.0823092167619
2458032.500671296 343.57669 -8.00228 29.0823093162083
2458032.50068287 343.57669 -8.00228 29.082309415655
2458032.500694444 343.57669 -8.00228 29.0823095151019
2458032.500706018 343.57668 -8.00228 29.0823096145492
2458032.500717592 343.57668 -8.00228 29.0823097139968
2458032.500729166 343.57668 -8.00228 29.0823098134447
2458032.500740741 343.57668 -8.00228 29.0823099128929
2458032.500752315 343.57668 -8.00228 29.0823100123414
2458032.500763889 343.57668 -8.00228 29.0823101117902
2458032.500775463 343.57668 -8.00228 29.0823102112393
2458032.500787037 343.57668 -8.00228 29.0823103106888
2458032.500798611 343.57668 -8.00228 29.0823104101385
2458032.500810185 343.57668 -8.00228 29.0823105095885
2458032.500821759 343.57668 -8.00228 29.0823106090388
2458032.500833333 343.57668 -8.00228 29.0823107084895
2458032.500844907 343.57668 -8.00228 29.0823108079404
2458032.500856481 343.57668 -8.00228 29.0823109073917
2458032.500868056 343.57668 -8.00228 29.0823110068432
2458032.50087963 343.57668 -8.00228 29.0823111062951
2458032.500891204 343.57668 -8.00228 29.0823112057472
2458032.500902778 343.57668 -8.00228 29.0823113051997
2458032.500914352 343.57668 -8.00228 29.0823114046524
2458032.500925926 343.57668 -8.00228 29.0823115041055
2458032.5009375 343.57668 -8.00228 29.0823116035589
2458032.500949074 343.57668 -8.00228 29.0823117030125
2458032.500960648 343.57668 -8.00228 29.0823118024665
2458032.500972222 343.57668 -8.00228 29.0823119019208
2458032.500983796 343.57668 -8.00228 29.0823120013754
2458032.500995371 343.57668 -8.00228 29.0823121008303
2458032.501006945 343.57668 -8.00228 29.0823122002855
2458032.501018519 343.57668 -8.00228 29.082312299741
2458032.501030093 343.57668 -8.00228 29.0823123991968
2458032.501041667 343.57668 -8.00228 29.0823124986529
2458032.501053241 343.57668 -8.00228 29.0823125981093
2458032.501064815 343.57668 -8.00228 29.082312697566
2458032.501076389 343.57668 -8.00228 29.082312797023
2458032.501087963 343.57668 -8.00228 29.0823128964803
2458032.501099537 343.57668 -8.00228 29.082312995938
2458032.501111111 343.57668 -8.00228 29.0823130953959
2458032.501122685 343.57668 -8.00228 29.0823131948541
2458032.501134259 343.57668 -8.00228 29.0823132943127
2458032.501145833 343.57668 -8.00228 29.0823133937715
2458032.501157407 343.57668 -8.00228 29.0823134932306
2458032.501168982 343.57668 -8.00228 29.0823135926901
2458032.501180556 343.57668 -8.00228 29.0823136921498
2458032.50119213 343.57668 -8.00228 29.0823137916099
2458032.501203704 343.57668 -8.00228 29.0823138910703
2458032.501215278 343.57668 -8.00228 29.0823139905309
2458032.501226852 343.57668 -8.00228 29.0823140899919
2458032.501238426 343.57667 -8.00228 29.0823141894532
2458032.50125 343.57667 -8.00228 29.0823142889147
2458032.501261574 343.57667 -8.00228 29.0823143883766
2458032.501273148 343.57667 -8.00228 29.0823144878388
2458032.501284722 343.57667 -8.00228 29.0823145873013
2458032.501296296 343.57667 -8.00228 29.0823146867641
2458032.50130787 343.57667 -8.00228 29.0823147862272
2458032.501319444 343.57667 -8.00228 29.0823148856906
2458032.501331019 343.57667 -8.00228 29.0823149851543
2458032.501342593 343.57667 -8.00228 29.0823150846183
2458032.501354167 343.57667 -8.00228 29.0823151840826
2458032.501365741 343.57667 -8.00228 29.0823152835472
2458032.501377315 343.57667 -8.00228 29.0823153830121
2458032.501388889 343.57667 -8.00228 29.0823154824774
2458032.501400463 343.57667 -8.00228 29.0823155819429
2458032.501412037 343.57667 -8.00228 29.0823156814087
2458032.501423611 343.57667 -8.00228 29.0823157808749
2458032.501435185 343.57667 -8.00228 29.0823158803413
2458032.501446759 343.57667 -8.00228 29.082315979808
2458032.501458333 343.57667 -8.00228 29.0823160792751
2458032.501469907 343.57667 -8.00228 29.0823161787424
2458032.501481481 343.57667 -8.00228 29.0823162782101
2458032.501493055 343.57667 -8.00228 29.0823163776781
2458032.50150463 343.57667 -8.00228 29.0823164771463
2458032.501516204 343.57667 -8.00228 29.0823165766149
2458032.501527778 343.57667 -8.00228 29.0823166760838
2458032.501539352 343.57667 -8.00228 29.0823167755529
2458032.501550926 343.57667 -8.00228 29.0823168750224
2458032.5015625 343.57667 -8.00228 29.0823169744922
2458032.501574074 343.57667 -8.00228 29.0823170739623
2458032.501585648 343.57667 -8.00228 29.0823171734327
2458032.501597222 343.57667 -8.00228 29.0823172729034
2458032.501608796 343.57667 -8.00228 29.0823173723744
2458032.50162037 343.57667 -8.00228 29.0823174718457
2458032.501631944 343.57667 -8.00228 29.0823175713173
2458032.501643518 343.57667 -8.00228 29.0823176707892
2458032.501655092 343.57667 -8.00228 29.0823177702614
2458032.501666666 343.57667 -8.00228 29.0823178697339
2458032.501678241 343.57667 -8.00228 29.0823179692068
2458032.501689815 343.57667 -8.00228 29.0823180686799
2458032.501701389 343.57667 -8.00228 29.0823181681533
2458032.501712963 343.57667 -8.00228 29.0823182676271
2458032.501724537 343.57667 -8.00228 29.0823183671011
2458032.501736111 343.57667 -8.00228 29.0823184665754
2458032.501747685 343.57667 -8.00228 29.0823185660501
2458032.501759259 343.57667 -8.00228 29.082318665525
2458032.501770834 343.57666 -8.00228 29.0823187650003
2458032.501782408 343.57666 -8.00228 29.0823188644759
2458032.501793982 343.57666 -8.00228 29.0823189639517
2458032.501805556 343.57666 -8.00228 29.0823190634279
2458032.50181713 343.57666 -8.00228 29.0823191629044
2458032.501828704 343.57666 -8.00228 29.0823192623811
2458032.501840278 343.57666 -8.00228 29.0823193618582
2458032.501851852 343.57666 -8.00228 29.0823194613356
2458032.501863426 343.57666 -8.00228 29.0823195608133
2458032.501875 343.57666 -8.00228 29.0823196602913
2458032.501886574 343.57666 -8.00228 29.0823197597696
2458032.501898148 343.57666 -8.00229 29.0823198592482
2458032.501909722 343.57666 -8.00229 29.0823199587271
2458032.501921296 343.57666 -8.00229 29.0823200582063
2458032.501932871 343.57666 -8.00229 29.0823201576858
2458032.501944445 343.57666 -8.00229 29.0823202571656
2458032.501956019 343.57666 -8.00229 29.0823203566457
2458032.501967593 343.57666 -8.00229 29.0823204561262
2458032.501979167 343.57666 -8.00229 29.0823205556069
2458032.501990741 343.57666 -8.00229 29.0823206550879
2458032.502002315 343.57666 -8.00229 29.0823207545693
2458032.502013889 343.57666 -8.00229 29.0823208540509
2458032.502025463 343.57666 -8.00229 29.0823209535329
2458032.502037037 343.57666 -8.00229 29.0823210530151
2458032.502048611 343.57666 -8.00229 29.0823211524977
2458032.502060185 343.57666 -8.00229 29.0823212519805
2458032.502071759 343.57666 -8.00229 29.0823213514637
2458032.502083333 343.57666 -8.00229 29.0823214509471
2458032.502094907 343.57666 -8.00229 29.0823215504309
2458032.502106482 343.57666 -8.00229 29.082321649915
2458032.502118056 343.57666 -8.00229 29.0823217493994
2458032.50212963 343.57666 -8.00229 29.082321848884
2458032.502141204 343.57666 -8.00229 29.082321948369
2458032.502152778 343.57666 -8.00229 29.0823220478543
2458032.502164352 343.57666 -8.00229 29.0823221473399
2458032.502175926 343.57666 -8.00229 29.0823222468258
2458032.5021875 343.57666 -8.00229 29.082322346312
2458032.502199074 343.57666 -8.00229 29.0823224457985
2458032.502210648 343.57666 -8.00229 29.0823225452853
2458032.502222222 343.57666 -8.00229 29.0823226447724
2458032.502233796 343.57666 -8.00229 29.0823227442598
2458032.50224537 343.57666 -8.00229 29.0823228437476
2458032.502256944 343.57666 -8.00229 29.0823229432356
2458032.502268518 343.57666 -8.00229 29.0823230427239
2458032.502280093 343.57666 -8.00229 29.0823231422125
2458032.502291667 343.57666 -8.00229 29.0823232417015
2458032.502303241 343.57665 -8.00229 29.0823233411907
2458032.502314815 343.57665 -8.00229 29.0823234406803
2458032.502326389 343.57665 -8.00229 29.0823235401701
2458032.502337963 343.57665 -8.00229 29.0823236396603
2458032.502349537 343.57665 -8.00229 29.0823237391507
2458032.502361111 343.57665 -8.00229 29.0823238386415
2458032.502372685 343.57665 -8.00229 29.0823239381326
2458032.502384259 343.57665 -8.00229 29.0823240376239
2458032.502395833 343.57665 -8.00229 29.0823241371156
2458032.502407407 343.57665 -8.00229 29.0823242366076
2458032.502418981 343.57665 -8.00229 29.0823243360999
2458032.502430555 343.57665 -8.00229 29.0823244355924
2458032.502442129 343.57665 -8.00229 29.0823245350853
2458032.502453704 343.57665 -8.00229 29.0823246345785
2458032.502465278 343.57665 -8.00229 29.082324734072
2458032.502476852 343.57665 -8.00229 29.0823248335658
2458032.502488426 343.57665 -8.00229 29.0823249330599
2458032.5025 343.57665 -8.00229 29.0823250325543
2458032.502511574 343.57665 -8.00229 29.0823251320491
2458032.502523148 343.57665 -8.00229 29.0823252315441
2458032.502534722 343.57665 -8.00229 29.0823253310394
2458032.502546296 343.57665 -8.00229 29.082325430535
2458032.50255787 343.57665 -8.00229 29.082325530031
2458032.502569444 343.57665 -8.00229 29.0823256295272
2458032.502581018 343.57665 -8.00229 29.0823257290237
2458032.502592593 343.57665 -8.00229 29.0823258285206
2458032.502604167 343.57665 -8.00229 29.0823259280177
2458032.502615741 343.57665 -8.00229 29.0823260275152
2458032.502627315 343.57665 -8.00229 29.0823261270129
2458032.502638889 343.57665 -8.00229 29.082326226511
2458032.502650463 343.57665 -8.00229 29.0823263260093
2458032.502662037 343.57665 -8.00229 29.082326425508
2458032.502673611 343.57665 -8.00229 29.082326525007
2458032.502685185 343.57665 -8.00229 29.0823266245063
2458032.502696759 343.57665 -8.00229 29.0823267240058
2458032.502708334 343.57665 -8.00229 29.0823268235057
2458032.502719908 343.57665 -8.00229 29.0823269230059
2458032.502731482 343.57665 -8.00229 29.0823270225064
2458032.502743056 343.57665 -8.00229 29.0823271220072
2458032.50275463 343.57665 -8.00229 29.0823272215083
2458032.502766204 343.57665 -8.00229 29.0823273210097
2458032.502777778 343.57665 -8.00229 29.0823274205114
2458032.502789352 343.57665 -8.00229 29.0823275200134
2458032.502800926 343.57665 -8.00229 29.0823276195157
2458032.5028125 343.57665 -8.00229 29.0823277190183
2458032.502824074 343.57665 -8.00229 29.0823278185213
2458032.502835648 343.57664 -8.00229 29.0823279180245
2458032.502847222 343.57664 -8.00229 29.082328017528
2458032.502858796 343.57664 -8.00229 29.0823281170319
2458032.50287037 343.57664 -8.00229 29.082328216536
2458032.502881945 343.57664 -8.00229 29.0823283160405
2458032.502893519 343.57664 -8.00229 29.0823284155452
2458032.502905093 343.57664 -8.00229 29.0823285150503
2458032.502916667 343.57664 -8.00229 29.0823286145556
2458032.502928241 343.57664 -8.00229 29.0823287140613
2458032.502939815 343.57664 -8.00229 29.0823288135672
2458032.502951389 343.57664 -8.00229 29.0823289130735
2458032.502962963 343.57664 -8.00229 29.0823290125801
2458032.502974537 343.57664 -8.00229 29.082329112087
2458032.502986111 343.57664 -8.00229 29.0823292115941
2458032.502997685 343.57664 -8.00229 29.0823293111016
2458032.503009259 343.57664 -8.00229 29.0823294106094
2458032.503020833 343.57664 -8.00229 29.0823295101175
2458032.503032407 343.57664 -8.00229 29.0823296096259
2458032.503043981 343.57664 -8.00229 29.0823297091346
2458032.503055556 343.57664 -8.00229 29.0823298086436
2458032.50306713 343.57664 -8.00229 29.0823299081529
2458032.503078704 343.57664 -8.00229 29.0823300076625
2458032.503090278 343.57664 -8.00229 29.0823301071724
2458032.503101852 343.57664 -8.00229 29.0823302066827
2458032.503113426 343.57664 -8.00229 29.0823303061932
2458032.503125 343.57664 -8.00229 29.082330405704
2458032.503136574 343.57664 -8.00229 29.0823305052152
2458032.503148148 343.57664 -8.00229 29.0823306047266
2458032.503159722 343.57664 -8.00229 29.0823307042383
2458032.503171296 343.57664 -8.00229 29.0823308037504
2458032.50318287 343.57664 -8.00229 29.0823309032627
2458032.503194444 343.57664 -8.00229 29.0823310027754
2458032.503206018 343.57664 -8.00229 29.0823311022883
2458032.503217592 343.57664 -8.00229 29.0823312018016
2458032.503229167 343.57664 -8.00229 29.0823313013152
2458032.503240741 343.57664 -8.00229 29.0823314008291
2458032.503252315 343.57664 -8.00229 29.0823315003432
2458032.503263889 343.57664 -8.00229 29.0823315998577
2458032.503275463 343.57664 -8.00229 29.0823316993725
2458032.503287037 343.57664 -8.00229 29.0823317988876
2458032.503298611 343.57664 -8.00229 29.082331898403
2458032.503310185 343.57664 -8.00229 29.0823319979187
2458032.503321759 343.57664 -8.00229 29.0823320974347
2458032.503333333 343.57664 -8.00229 29.082332196951
2458032.503344907 343.57664 -8.00229 29.0823322964676
2458032.503356481 343.57664 -8.00229 29.0823323959845
2458032.503368055 343.57663 -8.00229 29.0823324955017
2458032.503379629 343.57663 -8.00229 29.0823325950192
2458032.503391203 343.57663 -8.00229 29.082332694537
2458032.503402778 343.57663 -8.00229 29.0823327940552
2458032.503414352 343.57663 -8.00229 29.0823328935736
2458032.503425926 343.57663 -8.00229 29.0823329930923
2458032.5034375 343.57663 -8.00229 29.0823330926114
2458032.503449074 343.57663 -8.00229 29.0823331921307
2458032.503460648 343.57663 -8.00229 29.0823332916504
2458032.503472222 343.57663 -8.00229 29.0823333911703
2458032.503483796 343.57663 -8.00229 29.0823334906906
2458032.503495371 343.57663 -8.00229 29.0823335902111
2458032.503506945 343.57663 -8.00229 29.082333689732
2458032.503518519 343.57663 -8.00229 29.0823337892532
2458032.503530093 343.57663 -8.00229 29.0823338887747
2458032.503541667 343.57663 -8.00229 29.0823339882964
2458032.503553241 343.57663 -8.00229 29.0823340878185
2458032.503564815 343.57663 -8.00229 29.0823341873409
2458032.503576389 343.57663 -8.00229 29.0823342868636
2458032.503587963 343.57663 -8.00229 29.0823343863866
2458032.503599537 343.57663 -8.00229 29.0823344859099
2458032.503611111 343.57663 -8.00229 29.0823345854335
2458032.503622685 343.57663 -8.00229 29.0823346849574
2458032.503634259 343.57663 -8.00229 29.0823347844816
2458032.503645833 343.57663 -8.00229 29.0823348840061
2458032.503657408 343.57663 -8.00229 29.0823349835309
2458032.503668982 343.57663 -8.00229 29.0823350830561
2458032.503680556 343.57663 -8.00229 29.0823351825815
2458032.50369213 343.57663 -8.00229 29.0823352821072
2458032.503703704 343.57663 -8.00229 29.0823353816332
2458032.503715278 343.57663 -8.00229 29.0823354811596
2458032.503726852 343.57663 -8.00229 29.0823355806862
2458032.503738426 343.57663 -8.00229 29.0823356802132
2458032.50375 343.57663 -8.00229 29.0823357797404
2458032.503761574 343.57663 -8.00229 29.082335879268
2458032.503773148 343.57663 -8.00229 29.0823359787958
2458032.503784722 343.57663 -8.00229 29.082336078324
2458032.503796296 343.57663 -8.00229 29.0823361778525
2458032.50380787 343.57663 -8.00229 29.0823362773813
2458032.503819444 343.57663 -8.00229 29.0823363769103
2458032.503831019 343.57663 -8.00229 29.0823364764397
2458032.503842593 343.57663 -8.00229 29.0823365759694
2458032.503854167 343.57663 -8.00229 29.0823366754994
2458032.503865741 343.57663 -8.00229 29.0823367750297
2458032.503877315 343.57663 -8.00229 29.0823368745603
2458032.503888889 343.57663 -8.00229 29.0823369740912
2458032.503900463 343.57662 -8.00229 29.0823370736224
2458032.503912037 343.57662 -8.00229 29.0823371731539
2458032.503923611 343.57662 -8.00229 29.0823372726857
2458032.503935185 343.57662 -8.00229 29.0823373722178
2458032.503946759 343.57662 -8.00229 29.0823374717503
2458032.503958333 343.57662 -8.00229 29.082337571283
2458032.503969907 343.57662 -8.00229 29.082337670816
2458032.503981481 343.57662 -8.00229 29.0823377703493
2458032.503993056 343.57662 -8.00229 29.082337869883
2458032.50400463 343.57662 -8.00229 29.0823379694169
2458032.504016204 343.57662 -8.00229 29.0823380689512
2458032.504027778 343.57662 -8.00229 29.0823381684857
2458032.504039352 343.57662 -8.00229 29.0823382680206
2458032.504050926 343.57662 -8.00229 29.0823383675557
2458032.5040625 343.57662 -8.00229 29.0823384670912
2458032.504074074 343.57662 -8.00229 29.082338566627
2458032.504085648 343.57662 -8.00229 29.082338666163
2458032.504097222 343.57662 -8.00229 29.0823387656994
2458032.504108796 343.57662 -8.00229 29.0823388652361
2458032.50412037 343.57662 -8.00229 29.0823389647731
2458032.504131944 343.57662 -8.00229 29.0823390643104
2458032.504143518 343.57662 -8.00229 29.082339163848
2458032.504155092 343.57662 -8.00229 29.0823392633859
2458032.504166667 343.57662 -8.00229 29.0823393629241
2458032.504178241 343.57662 -8.00229 29.0823394624626
2458032.504189815 343.57662 -8.00229 29.0823395620014
2458032.504201389 343.57662 -8.00229 29.0823396615405
2458032.504212963 343.57662 -8.00229 29.0823397610799
2458032.504224537 343.57662 -8.00229 29.0823398606196
2458032.504236111 343.57662 -8.00229 29.0823399601596
2458032.504247685 343.57662 -8.00229 29.0823400597
2458032.504259259 343.57662 -8.00229 29.0823401592406
2458032.504270833 343.57662 -8.00229 29.0823402587815
2458032.504282407 343.57662 -8.00229 29.0823403583228
2458032.504293981 343.57662 -8.00229 29.0823404578643
2458032.504305555 343.57662 -8.00229 29.0823405574062
2458032.504317129 343.57662 -8.0023 29.0823406569483
2458032.504328704 343.57662 -8.0023 29.0823407564908
2458032.504340278 343.57662 -8.0023 29.0823408560336
2458032.504351852 343.57662 -8.0023 29.0823409555766
2458032.504363426 343.57662 -8.0023 29.08234105512
2458032.504375 343.57662 -8.0023 29.0823411546637
2458032.504386574 343.57662 -8.0023 29.0823412542077
2458032.504398148 343.57662 -8.0023 29.0823413537519
2458032.504409722 343.57662 -8.0023 29.0823414532965
2458032.504421297 343.57662 -8.0023 29.0823415528414
2458032.504432871 343.57661 -8.0023 29.0823416523866
2458032.504444445 343.57661 -8.0023 29.0823417519321
2458032.504456019 343.57661 -8.0023 29.0823418514779
2458032.504467593 343.57661 -8.0023 29.082341951024
2458032.504479167 343.57661 -8.0023 29.0823420505704
2458032.504490741 343.57661 -8.0023 29.0823421501172
2458032.504502315 343.57661 -8.0023 29.0823422496642
2458032.504513889 343.57661 -8.0023 29.0823423492115
2458032.504525463 343.57661 -8.0023 29.0823424487591
2458032.504537037 343.57661 -8.0023 29.0823425483071
2458032.504548611 343.57661 -8.0023 29.0823426478553
2458032.504560185 343.57661 -8.0023 29.0823427474039
2458032.504571759 343.57661 -8.0023 29.0823428469527
2458032.504583333 343.57661 -8.0023 29.0823429465019
2458032.504594908 343.57661 -8.0023 29.0823430460513
2458032.504606482 343.57661 -8.0023 29.0823431456011
2458032.504618056 343.57661 -8.0023 29.0823432451511
2458032.50462963 343.57661 -8.0023 29.0823433447015
2458032.504641204 343.57661 -8.0023 29.0823434442522
2458032.504652778 343.57661 -8.0023 29.0823435438032
2458032.504664352 343.57661 -8.0023 29.0823436433544
2458032.504675926 343.57661 -8.0023 29.082343742906
2458032.5046875 343.57661 -8.0023 29.0823438424579
2458032.504699074 343.57661 -8.0023 29.0823439420101
2458032.504710648 343.57661 -8.0023 29.0823440415626
2458032.504722222 343.57661 -8.0023 29.0823441411154
2458032.504733796 343.57661 -8.0023 29.0823442406685
2458032.50474537 343.57661 -8.0023 29.0823443402219
2458032.504756944 343.57661 -8.0023 29.0823444397756
2458032.504768519 343.57661 -8.0023 29.0823445393297
2458032.504780093 343.57661 -8.0023 29.082344638884
2458032.504791667 343.57661 -8.0023 29.0823447384386
2458032.504803241 343.57661 -8.0023 29.0823448379935
2458032.504814815 343.57661 -8.0023 29.0823449375488
2458032.504826389 343.57661 -8.0023 29.0823450371043
2458032.504837963 343.57661 -8.0023 29.0823451366601
2458032.504849537 343.57661 -8.0023 29.0823452362163
2458032.504861111 343.57661 -8.0023 29.0823453357727
2458032.504872685 343.57661 -8.0023 29.0823454353295
2458032.504884259 343.57661 -8.0023 29.0823455348866
2458032.504895833 343.57661 -8.0023 29.0823456344439
2458032.504907407 343.57661 -8.0023 29.0823457340016
2458032.504918981 343.57661 -8.0023 29.0823458335596
2458032.504930555 343.57661 -8.0023 29.0823459331178
2458032.50494213 343.57661 -8.0023 29.0823460326764
2458032.504953704 343.57661 -8.0023 29.0823461322353
2458032.504965278 343.5766 -8.0023 29.0823462317945
2458032.504976852 343.5766 -8.0023 29.082346331354
2458032.504988426 343.5766 -8.0023 29.0823464309138
2458032.505 343.5766 -8.0023 29.0823465304739
2458032.505011574 343.5766 -8.0023 29.0823466300343
2458032.505023148 343.5766 -8.0023 29.082346729595
2458032.505034722 343.5766 -8.0023 29.082346829156
2458032.505046296 343.5766 -8.0023 29.0823469287173
2458032.50505787 343.5766 -8.0023 29.082347028279
2458032.505069444 343.5766 -8.0023 29.0823471278409
2458032.505081018 343.5766 -8.0023 29.0823472274031
2458032.505092592 343.5766 -8.0023 29.0823473269656
2458032.505104166 343.5766 -8.0023 29.0823474265285
2458032.505115741 343.5766 -8.0023 29.0823475260916
2458032.505127315 343.5766 -8.0023 29.0823476256551
2458032.505138889 343.5766 -8.0023 29.0823477252188
2458032.505150463 343.5766 -8.0023 29.0823478247829
2458032.505162037 343.5766 -8.0023 29.0823479243473
2458032.505173611 343.5766 -8.0023 29.0823480239119
2458032.505185185 343.5766 -8.0023 29.0823481234769
2458032.505196759 343.5766 -8.0023 29.0823482230422
2458032.505208333 343.5766 -8.0023 29.0823483226077
2458032.505219907 343.5766 -8.0023 29.0823484221736
2458032.505231482 343.5766 -8.0023 29.0823485217398
2458032.505243056 343.5766 -8.0023 29.0823486213063
2458032.50525463 343.5766 -8.0023 29.0823487208731
2458032.505266204 343.5766 -8.0023 29.0823488204402
2458032.505277778 343.5766 -8.0023 29.0823489200076
2458032.505289352 343.5766 -8.0023 29.0823490195753
2458032.505300926 343.5766 -8.0023 29.0823491191433
2458032.5053125 343.5766 -8.0023 29.0823492187116
2458032.505324074 343.5766 -8.0023 29.0823493182803
2458032.505335648 343.5766 -8.0023 29.0823494178492
2458032.505347222 343.5766 -8.0023 29.0823495174184
2458032.505358796 343.5766 -8.0023 29.0823496169879
2458032.505370371 343.5766 -8.0023 29.0823497165578
2458032.505381945 343.5766 -8.0023 29.0823498161279
2458032.505393519 343.5766 -8.0023 29.0823499156984
2458032.505405093 343.5766 -8.0023 29.0823500152691
2458032.505416667 343.5766 -8.0023 29.0823501148402
2458032.505428241 343.5766 -8.0023 29.0823502144115
2458032.505439815 343.5766 -8.0023 29.0823503139832
2458032.505451389 343.5766 -8.0023 29.0823504135552
2458032.505462963 343.5766 -8.0023 29.0823505131274
2458032.505474537 343.5766 -8.0023 29.0823506127
2458032.505486111 343.5766 -8.0023 29.0823507122729
2458032.505497685 343.57659 -8.0023 29.0823508118461
2458032.505509259 343.57659 -8.0023 29.0823509114195
2458032.505520833 343.57659 -8.0023 29.0823510109933
2458032.505532407 343.57659 -8.0023 29.0823511105674
2458032.505543982 343.57659 -8.0023 29.0823512101418
2458032.505555556 343.57659 -8.0023 29.0823513097165
2458032.50556713 343.57659 -8.0023 29.0823514092915
2458032.505578704 343.57659 -8.0023 29.0823515088669
2458032.505590278 343.57659 -8.0023 29.0823516084425
2458032.505601852 343.57659 -8.0023 29.0823517080184
2458032.505613426 343.57659 -8.0023 29.0823518075946
2458032.505625 343.57659 -8.0023 29.0823519071712
2458032.505636574 343.57659 -8.0023 29.082352006748
2458032.505648148 343.57659 -8.0023 29.0823521063251
2458032.505659722 343.57659 -8.0023 29.0823522059026
2458032.505671296 343.57659 -8.0023 29.0823523054803
2458032.50568287 343.57659 -8.0023 29.0823524050584
2458032.505694444 343.57659 -8.0023 29.0823525046367
2458032.505706018 343.57659 -8.0023 29.0823526042154
2458032.505717593 343.57659 -8.0023 29.0823527037944
2458032.505729167 343.57659 -8.0023 29.0823528033736
2458032.505740741 343.57659 -8.0023 29.0823529029532
2458032.505752315 343.57659 -8.0023 29.0823530025331
2458032.505763889 343.57659 -8.0023 29.0823531021133
2458032.505775463 343.57659 -8.0023 29.0823532016937
2458032.505787037 343.57659 -8.0023 29.0823533012745
2458032.505798611 343.57659 -8.0023 29.0823534008556
2458032.505810185 343.57659 -8.0023 29.082353500437
2458032.505821759 343.57659 -8.0023 29.0823536000187
2458032.505833333 343.57659 -8.0023 29.0823536996007
2458032.505844907 343.57659 -8.0023 29.082353799183
2458032.505856481 343.57659 -8.0023 29.0823538987656
2458032.505868055 343.57659 -8.0023 29.0823539983486
2458032.505879629 343.57659 -8.0023 29.0823540979318
2458032.505891204 343.57659 -8.0023 29.0823541975153
2458032.505902778 343.57659 -8.0023 29.0823542970992
2458032.505914352 343.57659 -8.0023 29.0823543966833
2458032.505925926 343.57659 -8.0023 29.0823544962677
2458032.5059375 343.57659 -8.0023 29.0823545958525
2458032.505949074 343.57659 -8.0023 29.0823546954375
2458032.505960648 343.57659 -8.0023 29.0823547950229
2458032.505972222 343.57659 -8.0023 29.0823548946085
2458032.505983796 343.57659 -8.0023 29.0823549941945
2458032.50599537 343.57659 -8.0023 29.0823550937808
2458032.506006944 343.57659 -8.0023 29.0823551933673
2458032.506018518 343.57659 -8.0023 29.0823552929542
2458032.506030092 343.57658 -8.0023 29.0823553925414
2458032.506041666 343.57658 -8.0023 29.0823554921289
2458032.506053241 343.57658 -8.0023 29.0823555917167
2458032.506064815 343.57658 -8.0023 29.0823556913047
2458032.506076389 343.57658 -8.0023 29.0823557908931
2458032.506087963 343.57658 -8.0023 29.0823558904818
2458032.506099537 343.57658 -8.0023 29.0823559900709
2458032.506111111 343.57658 -8.0023 29.0823560896602
2458032.506122685 343.57658 -8.0023 29.0823561892498
2458032.506134259 343.57658 -8.0023 29.0823562888397
2458032.506145834 343.57658 -8.0023 29.0823563884299
2458032.506157408 343.57658 -8.0023 29.0823564880204
2458032.506168982 343.57658 -8.0023 29.0823565876113
2458032.506180556 343.57658 -8.0023 29.0823566872024
2458032.50619213 343.57658 -8.0023 29.0823567867938
2458032.506203704 343.57658 -8.0023 29.0823568863856
2458032.506215278 343.57658 -8.0023 29.0823569859776
2458032.506226852 343.57658 -8.0023 29.08235708557
2458032.506238426 343.57658 -8.0023 29.0823571851626
2458032.50625 343.57658 -8.0023 29.0823572847556
2458032.506261574 343.57658 -8.0023 29.0823573843489
2458032.506273148 343.57658 -8.0023 29.0823574839424
2458032.506284722 343.57658 -8.0023 29.0823575835363
2458032.506296296 343.57658 -8.0023 29.0823576831305
2458032.50630787 343.57658 -8.0023 29.082357782725
2458032.506319445 343.57658 -8.0023 29.0823578823197
2458032.506331019 343.57658 -8.0023 29.0823579819148
2458032.506342593 343.57658 -8.0023 29.0823580815102
2458032.506354167 343.57658 -8.0023 29.0823581811059
2458032.506365741 343.57658 -8.0023 29.0823582807019
2458032.506377315 343.57658 -8.0023 29.0823583802982
2458032.506388889 343.57658 -8.0023 29.0823584798949
2458032.506400463 343.57658 -8.0023 29.0823585794918
2458032.506412037 343.57658 -8.0023 29.082358679089
2458032.506423611 343.57658 -8.0023 29.0823587786865
2458032.506435185 343.57658 -8.0023 29.0823588782843
2458032.506446759 343.57658 -8.0023 29.0823589778825
2458032.506458333 343.57658 -8.0023 29.0823590774809
2458032.506469907 343.57658 -8.0023 29.0823591770797
2458032.506481481 343.57658 -8.0023 29.0823592766787
2458032.506493056 343.57658 -8.0023 29.0823593762781
2458032.50650463 343.57658 -8.0023 29.0823594758777
2458032.506516204 343.57658 -8.0023 29.0823595754777
2458032.506527778 343.57658 -8.0023 29.0823596750779
2458032.506539352 343.57658 -8.0023 29.0823597746785
2458032.506550926 343.57657 -8.0023 29.0823598742794
2458032.5065625 343.57657 -8.0023 29.0823599738805
2458032.506574074 343.57657 -8.0023 29.082360073482
2458032.506585648 343.57657 -8.0023 29.0823601730838
2458032.506597222 343.57657 -8.0023 29.0823602726859
2458032.506608796 343.57657 -8.0023 29.0823603722883
2458032.50662037 343.57657 -8.0023 29.082360471891
2458032.506631944 343.57657 -8.0023 29.082360571494
2458032.506643518 343.57657 -8.0023 29.0823606710973
2458032.506655093 343.57657 -8.0023 29.0823607707009
2458032.506666667 343.57657 -8.0023 29.0823608703048
2458032.506678241 343.57657 -8.0023 29.082360969909
2458032.506689815 343.57657 -8.0023 29.0823610695136
2458032.506701389 343.57657 -8.0023 29.0823611691184
2458032.506712963 343.57657 -8.0023 29.0823612687235
2458032.506724537 343.57657 -8.0023 29.082361368329
2458032.506736111 343.57657 -8.00231 29.0823614679347
2458032.506747685 343.57657 -8.00231 29.0823615675407
2458032.506759259 343.57657 -8.00231 29.0823616671471
2458032.506770833 343.57657 -8.00231 29.0823617667538
2458032.506782407 343.57657 -8.00231 29.0823618663607
2458032.506793981 343.57657 -8.00231 29.082361965968
2458032.506805555 343.57657 -8.00231 29.0823620655755
2458032.506817129 343.57657 -8.00231 29.0823621651834
2458032.506828704 343.57657 -8.00231 29.0823622647916
2458032.506840278 343.57657 -8.00231 29.0823623644001
2458032.506851852 343.57657 -8.00231 29.0823624640088
2458032.506863426 343.57657 -8.00231 29.0823625636179
2458032.506875 343.57657 -8.00231 29.0823626632273
2458032.506886574 343.57657 -8.00231 29.082362762837
2458032.506898148 343.57657 -8.00231 29.082362862447
2458032.506909722 343.57657 -8.00231 29.0823629620573
2458032.506921296 343.57657 -8.00231 29.0823630616679
2458032.50693287 343.57657 -8.00231 29.0823631612789
2458032.506944444 343.57657 -8.00231 29.0823632608901
2458032.506956019 343.57657 -8.00231 29.0823633605016
2458032.506967593 343.57657 -8.00231 29.0823634601134
2458032.506979167 343.57657 -8.00231 29.0823635597256
2458032.506990741 343.57657 -8.00231 29.082363659338
2458032.507002315 343.57657 -8.00231 29.0823637589507
2458032.507013889 343.57657 -8.00231 29.0823638585638
2458032.507025463 343.57657 -8.00231 29.0823639581771
2458032.507037037 343.57657 -8.00231 29.0823640577908
2458032.507048611 343.57657 -8.00231 29.0823641574047
2458032.507060185 343.57657 -8.00231 29.082364257019
2458032.507071759 343.57657 -8.00231 29.0823643566336
2458032.507083334 343.57656 -8.00231 29.0823644562484
2458032.507094908 343.57656 -8.00231 29.0823645558636
2458032.507106482 343.57656 -8.00231 29.0823646554791
2458032.507118056 343.57656 -8.00231 29.0823647550949
2458032.50712963 343.57656 -8.00231 29.0823648547109
2458032.507141204 343.57656 -8.00231 29.0823649543273
2458032.507152778 343.57656 -8.00231 29.082365053944
2458032.507164352 343.57656 -8.00231 29.082365153561
2458032.507175926 343.57656 -8.00231 29.0823652531783
2458032.5071875 343.57656 -8.00231 29.082365352796
2458032.507199074 343.57656 -8.00231 29.0823654524139
2458032.507210648 343.57656 -8.00231 29.0823655520321
2458032.507222222 343.57656 -8.00231 29.0823656516506
2458032.507233796 343.57656 -8.00231 29.0823657512694
2458032.50724537 343.57656 -8.00231 29.0823658508886
2458032.507256945 343.57656 -8.00231 29.082365950508
2458032.507268519 343.57656 -8.00231 29.0823660501277
2458032.507280093 343.57656 -8.00231 29.0823661497478
2458032.507291667 343.57656 -8.00231 29.0823662493681
2458032.507303241 343.57656 -8.00231 29.0823663489888
2458032.507314815 343.57656 -8.00231 29.0823664486097
2458032.507326389 343.57656 -8.00231 29.082366548231
2458032.507337963 343.57656 -8.00231 29.0823666478526
2458032.507349537 343.57656 -8.00231 29.0823667474744
2458032.507361111 343.57656 -8.00231 29.0823668470966
2458032.507372685 343.57656 -8.00231 29.0823669467191
2458032.507384259 343.57656 -8.00231 29.0823670463419
2458032.507395833 343.57656 -8.00231 29.082367145965
2458032.507407407 343.57656 -8.00231 29.0823672455884
2458032.507418981 343.57656 -8.00231 29.082367345212
2458032.507430556 343.57656 -8.00231 29.082367444836
2458032.50744213 343.57656 -8.00231 29.0823675444604
2458032.507453704 343.57656 -8.00231 29.082367644085
2458032.507465278 343.57656 -8.00231 29.0823677437099
2458032.507476852 343.57656 -8.00231 29.0823678433351
2458032.507488426 343.57656 -8.00231 29.0823679429606
2458032.5075 343.57656 -8.00231 29.0823680425864
2458032.507511574 343.57656 -8.00231 29.0823681422126
2458032.507523148 343.57656 -8.00231 29.082368241839
2458032.507534722 343.57656 -8.00231 29.0823683414658
2458032.507546296 343.57656 -8.00231 29.0823684410928
2458032.50755787 343.57656 -8.00231 29.0823685407201
2458032.507569444 343.57656 -8.00231 29.0823686403478
2458032.507581018 343.57656 -8.00231 29.0823687399758
2458032.507592592 343.57656 -8.00231 29.082368839604
2458032.507604167 343.57656 -8.00231 29.0823689392326
2458032.507615741 343.57655 -8.00231 29.0823690388615
2458032.507627315 343.57655 -8.00231 29.0823691384906
2458032.507638889 343.57655 -8.00231 29.0823692381201
2458032.507650463 343.57655 -8.00231 29.0823693377499
2458032.507662037 343.57655 -8.00231 29.08236943738
2458032.507673611 343.57655 -8.00231 29.0823695370104
2458032.507685185 343.57655 -8.00231 29.0823696366411
2458032.507696759 343.57655 -8.00231 29.0823697362721
2458032.507708333 343.57655 -8.00231 29.0823698359034
2458032.507719907 343.57655 -8.00231 29.082369935535
2458032.507731481 343.57655 -8.00231 29.0823700351669
2458032.507743055 343.57655 -8.00231 29.0823701347991
2458032.507754629 343.57655 -8.00231 29.0823702344316
2458032.507766203 343.57655 -8.00231 29.0823703340645
2458032.507777778 343.57655 -8.00231 29.0823704336976
2458032.507789352 343.57655 -8.00231 29.082370533331
2458032.507800926 343.57655 -8.00231 29.0823706329648
2458032.5078125 343.57655 -8.00231 29.0823707325988
2458032.507824074 343.57655 -8.00231 29.0823708322332
2458032.507835648 343.57655 -8.00231 29.0823709318678
2458032.507847222 343.57655 -8.00231 29.0823710315028
2458032.507858797 343.57655 -8.00231 29.082371131138
2458032.507870371 343.57655 -8.00231 29.0823712307736
2458032.507881945 343.57655 -8.00231 29.0823713304095
2458032.507893519 343.57655 -8.00231 29.0823714300457
2458032.507905093 343.57655 -8.00231 29.0823715296821
2458032.507916667 343.57655 -8.00231 29.0823716293189
2458032.507928241 343.57655 -8.00231 29.082371728956
2458032.507939815 343.57655 -8.00231 29.0823718285934
2458032.507951389 343.57655 -8.00231 29.0823719282311
2458032.507962963 343.57655 -8.00231 29.0823720278691
2458032.507974537 343.57655 -8.00231 29.0823721275074
2458032.507986111 343.57655 -8.00231 29.082372227146
2458032.507997685 343.57655 -8.00231 29.0823723267849
2458032.508009259 343.57655 -8.00231 29.0823724264241
2458032.508020833 343.57655 -8.00231 29.0823725260637
2458032.508032408 343.57655 -8.00231 29.0823726257035
2458032.508043982 343.57655 -8.00231 29.0823727253436
2458032.508055556 343.57655 -8.00231 29.0823728249841
2458032.50806713 343.57655 -8.00231 29.0823729246248
2458032.508078704 343.57655 -8.00231 29.0823730242658
2458032.508090278 343.57655 -8.00231 29.0823731239072
2458032.508101852 343.57655 -8.00231 29.0823732235488
2458032.508113426 343.57655 -8.00231 29.0823733231908
2458032.508125 343.57655 -8.00231 29.0823734228331
2458032.508136574 343.57655 -8.00231 29.0823735224756
2458032.508148148 343.57654 -8.00231 29.0823736221185
2458032.508159722 343.57654 -8.00231 29.0823737217617
2458032.508171296 343.57654 -8.00231 29.0823738214052
2458032.50818287 343.57654 -8.00231 29.0823739210489
2458032.508194444 343.57654 -8.00231 29.082374020693
2458032.508206019 343.57654 -8.00231 29.0823741203374
2458032.508217593 343.57654 -8.00231 29.0823742199821
2458032.508229167 343.57654 -8.00231 29.0823743196271
2458032.508240741 343.57654 -8.00231 29.0823744192724
2458032.508252315 343.57654 -8.00231 29.0823745189181
2458032.508263889 343.57654 -8.00231 29.082374618564
2458032.508275463 343.57654 -8.00231 29.0823747182102
2458032.508287037 343.57654 -8.00231 29.0823748178567
2458032.508298611 343.57654 -8.00231 29.0823749175035
2458032.508310185 343.57654 -8.00231 29.0823750171507
2458032.508321759 343.57654 -8.00231 29.0823751167981
2458032.508333333 343.57654 -8.00231 29.0823752164459
2458032.508344907 343.57654 -8.00231 29.0823753160939
2458032.508356481 343.57654 -8.00231 29.0823754157423
2458032.508368055 343.57654 -8.00231 29.0823755153909
2458032.50837963 343.57654 -8.00231 29.0823756150399
2458032.508391204 343.57654 -8.00231 29.0823757146891
2458032.508402778 343.57654 -8.00231 29.0823758143387
2458032.508414352 343.57654 -8.00231 29.0823759139886
2458032.508425926 343.57654 -8.00231 29.0823760136387
2458032.5084375 343.57654 -8.00231 29.0823761132892
2458032.508449074 343.57654 -8.00231 29.08237621294
2458032.508460648 343.57654 -8.00231 29.0823763125911
2458032.508472222 343.57654 -8.00231 29.0823764122425
2458032.508483796 343.57654 -8.00231 29.0823765118942
2458032.50849537 343.57654 -8.00231 29.0823766115462
2458032.508506944 343.57654 -8.00231 29.0823767111985
2458032.508518518 343.57654 -8.00231 29.0823768108511
2458032.508530092 343.57654 -8.00231 29.082376910504
2458032.508541666 343.57654 -8.00231 29.0823770101573
2458032.508553241 343.57654 -8.00231 29.0823771098108
2458032.508564815 343.57654 -8.00231 29.0823772094646
2458032.508576389 343.57654 -8.00231 29.0823773091188
2458032.508587963 343.57654 -8.00231 29.0823774087732
2458032.508599537 343.57654 -8.00231 29.0823775084279
2458032.508611111 343.57654 -8.00231 29.082377608083
2458032.508622685 343.57654 -8.00231 29.0823777077383
2458032.508634259 343.57654 -8.00231 29.082377807394
2458032.508645833 343.57654 -8.00231 29.08237790705
2458032.508657407 343.57654 -8.00231 29.0823780067062
2458032.508668981 343.57654 -8.00231 29.0823781063628
2458032.508680556 343.57653 -8.00231 29.0823782060197
2458032.50869213 343.57653 -8.00231 29.0823783056768
2458032.508703704 343.57653 -8.00231 29.0823784053343
2458032.508715278 343.57653 -8.00231 29.0823785049921
2458032.508726852 343.57653 -8.00231 29.0823786046502
2458032.508738426 343.57653 -8.00231 29.0823787043086
2458032.50875 343.57653 -8.00231 29.0823788039673
2458032.508761574 343.57653 -8.00231 29.0823789036263
2458032.508773148 343.57653 -8.00231 29.0823790032856
2458032.508784722 343.57653 -8.00231 29.0823791029452
2458032.508796296 343.57653 -8.00231 29.0823792026052
2458032.508807871 343.57653 -8.00231 29.0823793022654
2458032.508819445 343.57653 -8.00231 29.0823794019259
2458032.508831019 343.57653 -8.00231 29.0823795015867
2458032.508842593 343.57653 -8.00231 29.0823796012479
2458032.508854167 343.57653 -8.00231 29.0823797009093
2458032.508865741 343.57653 -8.00231 29.0823798005711
2458032.508877315 343.57653 -8.00231 29.0823799002331
2458032.508888889 343.57653 -8.00231 29.0823799998955
2458032.508900463 343.57653 -8.00231 29.0823800995581
2458032.508912037 343.57653 -8.00231 29.0823801992211
2458032.508923611 343.57653 -8.00231 29.0823802988844
2458032.508935185 343.57653 -8.00231 29.0823803985479
2458032.508946759 343.57653 -8.00231 29.0823804982118
2458032.508958333 343.57653 -8.00231 29.082380597876
2458032.508969907 343.57653 -8.00231 29.0823806975405
2458032.508981482 343.57653 -8.00231 29.0823807972053
2458032.508993056 343.57653 -8.00231 29.0823808968704
2458032.50900463 343.57653 -8.00231 29.0823809965358
2458032.509016204 343.57653 -8.00231 29.0823810962015
2458032.509027778 343.57653 -8.00231 29.0823811958675
2458032.509039352 343.57653 -8.00231 29.0823812955338
2458032.509050926 343.57653 -8.00231 29.0823813952004
2458032.5090625 343.57653 -8.00231 29.0823814948673
2458032.509074074 343.57653 -8.00231 29.0823815945345
2458032.509085648 343.57653 -8.00231 29.0823816942021
2458032.509097222 343.57653 -8.00231 29.0823817938699
2458032.509108796 343.57653 -8.00231 29.082381893538
2458032.50912037 343.57653 -8.00231 29.0823819932065
2458032.509131944 343.57653 -8.00231 29.0823820928752
2458032.509143519 343.57653 -8.00232 29.0823821925443
2458032.509155093 343.57653 -8.00232 29.0823822922136
2458032.509166667 343.57653 -8.00232 29.0823823918833
2458032.509178241 343.57653 -8.00232 29.0823824915533
2458032.509189815 343.57653 -8.00232 29.0823825912235
2458032.509201389 343.57653 -8.00232 29.0823826908941
2458032.509212963 343.57652 -8.00232 29.082382790565
2458032.509224537 343.57652 -8.00232 29.0823828902362
2458032.509236111 343.57652 -8.00232 29.0823829899077
2458032.509247685 343.57652 -8.00232 29.0823830895795
2458032.509259259 343.57652 -8.00232 29.0823831892516
2458032.509270833 343.57652 -8.00232 29.082383288924
2458032.509282407 343.57652 -8.00232 29.0823833885967
2458032.509293981 343.57652 -8.00232 29.0823834882697
2458032.509305555 343.57652 -8.00232 29.082383587943
2458032.50931713 343.57652 -8.00232 29.0823836876166
2458032.509328704 343.57652 -8.00232 29.0823837872905
2458032.509340278 343.57652 -8.00232 29.0823838869648
2458032.509351852 343.57652 -8.00232 29.0823839866393
2458032.509363426 343.57652 -8.00232 29.0823840863141
2458032.509375 343.57652 -8.00232 29.0823841859893
2458032.509386574 343.57652 -8.00232 29.0823842856647
2458032.509398148 343.57652 -8.00232 29.0823843853405
2458032.509409722 343.57652 -8.00232 29.0823844850165
2458032.509421296 343.57652 -8.00232 29.0823845846929
2458032.50943287 343.57652 -8.00232 29.0823846843695
2458032.509444444 343.57652 -8.00232 29.0823847840465
2458032.509456018 343.57652 -8.00232 29.0823848837238
2458032.509467592 343.57652 -8.00232 29.0823849834014
2458032.509479166 343.57652 -8.00232 29.0823850830792
2458032.509490741 343.57652 -8.00232 29.0823851827574
2458032.509502315 343.57652 -8.00232 29.0823852824359
2458032.509513889 343.57652 -8.00232 29.0823853821147
2458032.509525463 343.57652 -8.00232 29.0823854817938
2458032.509537037 343.57652 -8.00232 29.0823855814732
2458032.509548611 343.57652 -8.00232 29.0823856811529
2458032.509560185 343.57652 -8.00232 29.0823857808329
2458032.509571759 343.57652 -8.00232 29.0823858805133
2458032.509583334 343.57652 -8.00232 29.0823859801939
2458032.509594908 343.57652 -8.00232 29.0823860798748
2458032.509606482 343.57652 -8.00232 29.082386179556
2458032.509618056 343.57652 -8.00232 29.0823862792376
2458032.50962963 343.57652 -8.00232 29.0823863789194
2458032.509641204 343.57652 -8.00232 29.0823864786016
2458032.509652778 343.57652 -8.00232 29.082386578284
2458032.509664352 343.57652 -8.00232 29.0823866779667
2458032.509675926 343.57652 -8.00232 29.0823867776498
2458032.5096875 343.57652 -8.00232 29.0823868773332
2458032.509699074 343.57652 -8.00232 29.0823869770168
2458032.509710648 343.57652 -8.00232 29.0823870767008
2458032.509722222 343.57652 -8.00232 29.0823871763851
2458032.509733796 343.57652 -8.00232 29.0823872760697
2458032.509745371 343.57651 -8.00232 29.0823873757546
2458032.509756945 343.57651 -8.00232 29.0823874754397
2458032.509768519 343.57651 -8.00232 29.0823875751252
2458032.509780093 343.57651 -8.00232 29.082387674811
2458032.509791667 343.57651 -8.00232 29.0823877744971
2458032.509803241 343.57651 -8.00232 29.0823878741835
2458032.509814815 343.57651 -8.00232 29.0823879738703
2458032.509826389 343.57651 -8.00232 29.0823880735573
2458032.509837963 343.57651 -8.00232 29.0823881732446
2458032.509849537 343.57651 -8.00232 29.0823882729322
2458032.509861111 343.57651 -8.00232 29.0823883726201
2458032.509872685 343.57651 -8.00232 29.0823884723084
2458032.509884259 343.57651 -8.00232 29.0823885719969
2458032.509895833 343.57651 -8.00232 29.0823886716858
2458032.509907407 343.57651 -8.00232 29.0823887713749
2458032.509918982 343.57651 -8.00232 29.0823888710644
2458032.509930556 343.57651 -8.00232 29.0823889707541
2458032.50994213 343.57651 -8.00232 29.0823890704442
2458032.509953704 343.57651 -8.00232 29.0823891701345
2458032.509965278 343.57651 -8.00232 29.0823892698252
2458032.509976852 343.57651 -8.00232 29.0823893695162
2458032.509988426 343.57651 -8.00232 29.0823894692075
2458032.51 343.57651 -8.00232 29.0823895688991
2458032.510011574 343.57651 -8.00232 29.0823896685909
2458032.510023148 343.57651 -8.00232 29.0823897682831
2458032.510034722 343.57651 -8.00232 29.0823898679756
2458032.510046296 343.57651 -8.00232 29.0823899676684
2458032.51005787 343.57651 -8.00232 29.0823900673615
2458032.510069444 343.57651 -8.00232 29.0823901670549
2458032.510081018 343.57651 -8.00232 29.0823902667487
2458032.510092593 343.57651 -8.00232 29.0823903664427
2458032.510104167 343.57651 -8.00232 29.082390466137
2458032.510115741 343.57651 -8.00232 29.0823905658316
2458032.510127315 343.57651 -8.00232 29.0823906655266
2458032.510138889 343.57651 -8.00232 29.0823907652218
2458032.510150463 343.57651 -8.00232 29.0823908649173
2458032.510162037 343.57651 -8.00232 29.0823909646132
2458032.510173611 343.57651 -8.00232 29.0823910643093
2458032.510185185 343.57651 -8.00232 29.0823911640058
2458032.510196759 343.57651 -8.00232 29.0823912637026
2458032.510208333 343.57651 -8.00232 29.0823913633996
2458032.510219907 343.57651 -8.00232 29.082391463097
2458032.510231481 343.57651 -8.00232 29.0823915627947
2458032.510243055 343.57651 -8.00232 29.0823916624927
2458032.510254629 343.57651 -8.00232 29.0823917621909
2458032.510266204 343.57651 -8.00232 29.0823918618895
2458032.510277778 343.5765 -8.00232 29.0823919615884
2458032.510289352 343.5765 -8.00232 29.0823920612876
2458032.510300926 343.5765 -8.00232 29.0823921609871
2458032.5103125 343.5765 -8.00232 29.0823922606869
2458032.510324074 343.5765 -8.00232 29.082392360387
2458032.510335648 343.5765 -8.00232 29.0823924600874
2458032.510347222 343.5765 -8.00232 29.0823925597882
2458032.510358796 343.5765 -8.00232 29.0823926594892
2458032.51037037 343.5765 -8.00232 29.0823927591905
2458032.510381944 343.5765 -8.00232 29.0823928588921
2458032.510393518 343.5765 -8.00232 29.0823929585941
2458032.510405093 343.5765 -8.00232 29.0823930582963
2458032.510416667 343.5765 -8.00232 29.0823931579989
