84988.293997939996 1.01235867
84989.141549170003 1.00355220
84990.002095699994 1.02887928
84990.861797329999 1.04921412
84991.734413800004 1.06357872
84992.582005260003 1.04685211
84993.441706900005 1.03286505
84994.302253429996 0.961499691
84995.173139870007 1.01692080
84996.021616459999 1.00401795
84996.881277859997 0.952124715
84997.741824390003 1.06362021
84998.613595960007 0.970205903
84999.462032320007 1.00518417
85000.321733949997 0.972751617
85001.182280480003 1.03682923
85002.066162229996 0.995412409
85002.902488410007 0.950688839
85003.762190039997 1.02119541
85004.621851439995 1.02119398
85005.493623019996 1.02216780
85006.342099610003 1.01826322
85007.202605900005 0.952961981
85008.063152429997 1.00098729
85008.934079109997 1.00811183
85009.782515469997 1.00752890
85010.642217100001 1.01709259
85011.502763629993 1.02704477
85012.374535199997 0.961292446
85013.222126659995 1.03689730
85014.082673190002 1.00890434
85014.944909509999 1.04265070
85015.814106170001 1.00530028
85016.662542520004 1.01963854
85017.522244160005 1.02987826
85018.382790680000 0.985521972
85019.257137180000 1.01691496
85020.102998610004 1.02003884
85020.962700250006 1.02442789
85021.823246779997 1.02014279
85022.704513370001 1.02930391
85023.542609810000 1.02258635
85024.403116109999 1.01460111
85025.262817740004 1.01070929
85026.135474440001 0.999024272
85026.983910800001 1.01656425
85027.842727299998 0.981703699
85028.703273830004 1.03556490
85029.575045410005 0.989315271
85030.422636870004 1.01240051
85031.284913419993 0.992838383
85032.143729930001 1.00131643
85033.016346400007 1.00365937
85033.863052729997 0.987901390
85034.722754360002 0.995599568
85035.583300889994 0.985780239
85036.454227569993 0.975475311
85037.303508819998 0.991541743
85038.163210450002 1.02346241
85039.022871850000 1.00800288
85039.894643430001 1.01141560
85040.743120009996 1.01687276
85041.602781409994 0.991109669
85042.463327940000 1.00356853
85043.334254620000 0.958654881
85044.183535870005 1.00008988
85045.043237510006 0.960338473
85045.903784039998 0.968810916
85046.774670479994 0.996527374
85047.625721990000 0.994596779
85048.486268520006 1.02318251
85049.347659949999 1.00599241
85050.215126569994 0.978018999
85051.069638129993 1.00193632
85051.929299530006 1.04207408
85052.789001169993 0.999048531
85053.685837979996 0.973705947
85054.509209099997 0.995579779
85055.369755630003 1.00171304
85056.229457259993 1.03144407
85057.142668960005 1.03951073
85057.949665189997 1.04253769
85058.809326589995 1.02555871
85059.669028220000 1.01955295
85060.566709940002 1.00607002
85061.390121279997 1.04015899
85062.249782679995 1.00561917
85063.109484310000 1.03115928
85064.014931020007 1.05407083
85064.829692240004 1.02264845
85065.690238769996 1.02421606
85066.549900169994 1.05081463
85067.463152109995 1.01454067
85068.270148340001 0.997198522
85069.130694869993 0.990426898
85069.990356270006 1.01217115
85070.901878179997 1.04923034
85071.711449330003 0.977877617
85072.570265830000 0.974795401
85073.430812360006 1.01301777
85074.339759349998 1.00110674
85075.151020289995 0.941025913
85076.010721920000 1.02557802
85076.871268450006 1.01483691
85077.772410210004 0.985194623
85078.590631479994 1.01913953
85079.451178010000 0.992218792
85080.310839409998 0.935651600
85081.211981179993 0.997781217
85082.031087580006 0.997128129
85082.890748980004 1.03929114
85083.750450609994 0.987485051
85084.661932289993 1.01171899
85085.470658539998 1.00951719
85086.331205070004 1.00072575
85087.190866470002 1.03599834
85088.095468279993 0.995538533
85088.911114629998 0.970294237
85089.770776029996 0.986004472
85090.631322560002 1.00897348
85091.543729600002 1.00492644
85092.351570729996 1.03544593
85093.211232129994 1.00294602
85094.071778660000 1.03200543
85094.973805550006 0.962248385
85095.791141690002 0.969440520
85096.650803090000 0.992110491
85097.510504720005 1.03238702
85098.417681460007 0.988772690
85099.230712649995 1.00998986
85100.091259180001 0.966677666
85100.950960810005 1.02126145
85101.850372550005 0.971374869
85102.671168739995 0.936105788
85103.530830139993 0.986522377
85104.391376669999 1.00173271
85105.303783709998 0.974488020
85106.110739709999 0.954120457
85106.970441340003 1.00133228
85107.830987869995 0.964237094
85108.734704550006 0.875329912
85109.551195799999 0.894895792
85110.410897430003 0.905370593
85111.271443959995 0.902989805
85112.171700599996 0.946994960
85112.990766760005 0.947320998
85113.851313289997 0.966873407
85114.711014929999 1.00468516
85115.613886709994 1.00761032
85116.431222860003 1.02310121
85117.290924489993 1.02863681
85118.151471019999 1.02035844
85119.060377779999 0.991600454
85119.871678950003 0.971160114
85120.731340350001 0.987901688
85121.591886880007 0.986485720
85122.499103840004 0.993081629
85123.311249909995 0.984427571
85124.171796440001 0.985426605
85125.031498070006 0.964895666
85125.928334890006 1.01319885
85126.751705999995 0.988134742
85127.613137659995 1.02398121
85128.471954170003 0.983280659
85129.376555979994 1.01661074
85130.193006989997 0.998888969
85131.053553520003 0.951539397
85131.912370029997 0.983035743
85132.817012069994 1.02484989
85133.631733060000 0.985326946
85134.492279590006 1.02414846
85135.352826119997 0.996301115
85136.254853010003 1.00771749
85137.072189150000 1.01122868
85137.931890790001 1.01097488
85138.792397080004 0.996446252
85139.693579080005 0.991368651
85140.512645240000 0.987840533
85141.373191770006 1.00108981
85142.233738299998 1.00903428
85143.134880070007 0.898953199
85143.953101339997 0.992428243
85144.812762739995 1.00172234
85145.673309270001 1.00127840
85146.582256259993 0.959186375
85147.392672300004 0.980051994
85148.253218829996 1.02211797
85149.112880229994 0.946976125
85150.015792249993 0.980748296
85150.833128390004 0.991200089
85151.692789790002 0.872226059
85152.553336319994 0.956686795
85153.459668159994 0.973203599
85154.273584490002 1.03732240
85155.132400989998 0.975892186
85155.992947520004 1.00098312
85156.897549329995 0.961716533
85157.714000339998 1.00617099
85158.572816850006 1.02461052
85159.432518479996 1.00182319
85160.327625270002 0.982311189
85161.153611539994 0.997573435
85162.013272940007 1.00214243
85162.872974569997 0.976376951
85163.774961229996 0.981522262
85164.592337609996 1.01112974
85165.452843899999 1.04333138
85166.313390430005 0.998218060
85167.227527499999 1.00952280
85168.033638599998 0.984828651
85168.893299999996 0.997773170
85169.753846530002 1.00975394
85170.656718309998 1.01143193
85171.473209560005 1.00570416
85172.333756089996 1.01643217
85173.193457720001 0.992513299
85174.100634460003 1.00121772
85174.914510550007 1.02060843
85175.775057079998 1.01228201
85176.633873579995 0.971819401
85177.534170450002 1.00323117
85178.354121740005 1.01242018
85179.212938249999 0.954454839
85180.073484780005 1.00250852
85180.971166489995 1.03853106
85181.793692709995 0.993657827
85182.653394339999 1.00130486
85183.513900639999 0.970382392
85184.417657550002 1.01419055
85185.233263670001 1.00375831
85186.093810199993 1.00024867
85186.953511829997 1.02972400
85187.864148620007 1.00630641
85188.673719760001 1.01116621
85189.534266289993 0.975447416
85190.393967929995 0.957134724
85191.293379659997 0.990642250
85192.113330959997 0.957239449
85192.973837259997 0.951908648
85193.834383790003 1.01607955
85194.749365750002 1.03977370
85195.553746820005 1.02694619
85196.414293349997 0.978746533
85197.273994980002 1.00599897
85198.174291849995 1.05218005
85198.995088039999 1.00581443
85199.854749439997 1.02076209
85200.715295970003 0.993042588
85201.622512939997 1.02470732
85202.434659000006 1.01217461
85203.300395610000 1.04085970
85204.154866929995 0.972216010
85205.057778949995 1.02539802
85205.874229969995 1.05898178
85206.733931600000 1.08612442
85207.594478130006 1.01556969
85208.506000039997 0.995257020
85209.314686059995 1.00770569
85210.175232590002 0.998347759
85211.034049089998 1.03730226
85211.949875949998 0.991829634
85212.754257020002 0.970759988
85213.614803549994 0.975715101
85214.475350080000 1.03646410
85215.373072029994 0.985815227
85216.195598239996 1.03340602
85217.056144770002 1.01550603
85217.915806170000 0.977252364
85218.812642990000 1.01801836
85219.635169210000 0.979961693
85220.494830609998 0.974068165
85221.355377140004 0.995439708
85222.260864080003 1.00077629
85223.075625300000 1.03472292
85223.934441799996 0.992160678
85224.795833230004 1.00479436
85225.692670050004 0.984311521
85226.514351370002 1.01124775
85227.374897899994 1.02061689
85228.234559300006 0.966547251
85229.138316209996 1.01478374
85229.954767229996 0.996324062
85230.815313760002 1.00991571
85231.676745410005 0.996637881
85232.571852210007 0.984511316
85233.395223319996 1.00491679
85234.254924950001 0.989722252
85235.115471480007 0.985946596
85236.026108260005 0.961157978
85236.835679409996 1.00430059
85237.695340809994 0.972607911
85238.555042449996 1.04183984
85239.462259409993 1.00736463
85240.276135499997 0.993136227
85241.136682030003 0.963559330
85241.996343430001 1.00314367
85242.905290420007 0.981240511
85243.716591599994 1.01833022
85244.576253000007 1.01350260
85245.435954629997 0.983930826
85246.343131360001 0.978527904
85247.156162560001 1.02040899
85248.015823959999 0.960344255
85248.875525590003 0.972494066
85249.776667359998 0.946188331
85250.596618650001 0.975791812
85251.456280049999 0.966653407
85252.315981690001 0.956748724
85253.222313520004 0.968225181
85254.037074740001 0.983731210
85254.896736149996 0.994824708
85255.756397549994 1.00754762
85256.673994659999 0.973770320
85257.476645710005 0.971635699
85258.336307110003 0.992795169
85259.196853639995 1.01232398
85260.099725430002 0.985357881
85260.917101800005 1.00412083
85261.776763200003 1.00562751
85262.636464829993 0.978186488
85263.547986749996 0.988990188
85264.356672759997 1.00343895
85265.217219290003 1.01433933
85266.076880690001 1.01220465
85266.980637610002 1.02396595
85267.797128859995 1.01847851
85268.656790260007 1.00024402
85269.517336789999 0.991114914
85270.415058729996 1.02060556
85271.236699820001 1.02269006
85272.097246349993 1.02094042
85272.956947979997 0.994947493
85273.862394690004 1.02539420
85274.677155910002 1.01425624
85275.536817310000 1.01854444
85276.397363840006 1.00961018
85277.298545840007 0.987932205
85278.116726880005 0.978904784
85278.976428509995 0.973613381
85279.836975040002 1.02024996
85280.740691719999 1.00604737
85281.557182970006 1.01790631
85282.416844370004 0.962894797
85283.276545999994 0.969101369
85284.173382819994 0.990251303
85284.997639060006 1.02174819
85285.857300460004 1.00620878
85286.717002089994 1.02276027
85287.609493729993 0.989021242
85288.431175050006 1.05116844
85289.290836450004 1.00076485
85290.151382979995 0.987718880
85291.023154559996 1.03482437
85291.871631150003 1.00185680
85292.731292550001 0.993984342
85293.590994180006 0.990326524
85294.463610649997 0.955159009
85295.311202109995 0.998335660
85296.171748640001 0.996210992
85297.031410039999 0.972921550
85297.903181610003 0.968978047
85298.751658199995 1.05314028
85299.612204730001 0.992024720
85300.471866129999 1.01384223
85301.343637700003 0.955315292
85302.192114289996 0.973877490
85303.051775689994 0.991673052
85303.911437090006 0.977772832
85304.783248899999 0.976225436
85305.631685259999 0.988180041
85306.492231790005 0.988931239
85307.351893190003 0.985756934
85308.231469990002 0.986604035
85309.072141350000 0.970983326
85309.931802749998 1.01597071
85310.792349280004 0.962817848
85311.665005980001 0.998134255
85312.512557209993 0.994291365
85313.373103739999 1.02185190
85314.231920239996 0.960756302
85315.112341939996 1.03130376
85315.952168410004 0.997304142
85316.811829810002 1.03300190
85317.672376329996 1.03337240
85318.544147909997 1.01938283
85319.392624500004 1.03085935
85320.252285900002 0.998011410
85321.111987530006 1.02700698
85321.983759109993 1.01550806
85322.832195459996 0.977684379
85323.692741990002 1.00811589
85324.552403390000 0.987619996
85325.423330070000 1.00857413
85326.272651549996 1.00167227
85327.132312949994 0.954374850
85327.992859480000 0.971404850
85328.875856100000 0.956367433
85329.713107649994 1.00776196
85330.572769050006 1.01646399
85331.433315579998 1.00114036
85332.304242250000 1.00381231
85333.152678610000 1.01136637
85334.013225140006 0.962350905
85334.872886540004 1.00187516
85335.753308240004 0.969706953
85336.593134700001 0.999563813
85337.452796099999 0.990655601
85338.313342630005 0.967677653
85339.184269310004 1.02012300
85340.032705660007 0.997049928
85340.893252189999 1.02690661
85341.752913589997 0.984691679
85342.624685169998 0.982197881
85343.474006649994 1.03071880
85344.333708289996 0.974148452
85345.193369689994 0.982470751
85346.064296359997 1.02046335
85346.913617850005 1.04419529
85347.773279250003 0.997867763
85348.632940650001 1.01490033
85349.508172269998 0.996329188
85350.353188809997 0.995560348
85351.213735340003 0.922436237
85352.073396740001 0.982921124
85352.946898340000 0.996700466
85353.793644909994 0.978035212
85354.653306310007 0.995069087
85355.513007939997 0.999661148
85356.385624410002 0.956591368
85357.233215870001 0.978698313
85358.093762400007 1.01238596
85358.953423800005 1.01946723
85359.826080500003 1.05774915
85360.673671960001 0.996496499
85361.533333359999 0.980991781
85362.393879890005 0.995730579
85363.266536590003 1.00415289
85364.114128050001 1.01391542
85364.973789449999 0.981662989
85365.834335980006 0.974868655
85366.713027659993 0.944530725
85367.553699020005 0.989705682
85368.415090440001 0.972288549
85369.273906949995 0.978128433
85370.146563650007 0.950279593
85370.994155110006 0.975740016
85371.853816510004 0.992778420
85372.714363039995 0.968088448
85373.588749770002 0.955075026
85374.434611200006 0.953929484
85375.294272600004 0.946467459
85376.153934000002 0.945035279
85377.032625680004 0.990405500
85377.874182159998 1.02486515
85378.734728690004 0.986968219
85379.594390090002 0.970797539
85380.477426950005 0.978076458
85381.314638259995 0.963054419
85382.174299659993 0.983733416
85383.034001289998 0.994841516
85383.907502889997 0.968334675
85384.754209220002 0.993034601
85385.614755749993 0.960976303
85386.474417150006 1.00855303
85387.349648770003 1.00128543
85388.194665310002 0.995644927
85389.054326710000 0.984548748
85389.914873240006 1.01824880
85390.793564919994 1.02868998
85391.635966300004 1.02391183
85392.494782809998 1.04373419
85393.354444209996 0.985352933
85394.227100909993 1.03360522
85395.074692370006 0.975701869
85395.935238899998 1.00222611
85396.794900299996 1.00577712
85397.666671870000 0.988747537
85398.515148460006 1.01067829
85399.374809860004 1.00551903
85400.234511489994 1.00773084
85401.113203169996 0.986106694
85401.954719419999 1.02594066
85402.815265950005 0.975597143
85403.674927350003 0.986042678
85404.546739159996 1.01534832
85405.395175519996 1.01516843
85406.254836919994 1.00436223
85407.115383450000 0.961579859
85407.989770169996 0.976431131
85408.835631609996 1.01540887
85409.695293009994 0.994358838
85410.554994639999 0.992935538
85411.426766220000 1.05527723
85412.275202570003 0.993153214
85413.134863970001 0.983113468
85413.995410500007 1.00438273
85414.866337180007 0.993290246
85415.715658660003 1.01149666
85416.577050089996 0.955497086
85417.435866590007 1.00099349
85418.309368190006 1.01968062
85419.155229630007 1.02113211
85420.017506179996 0.996346951
85420.875437559996 0.991000056
85421.747249360007 1.00221992
85422.595685720007 0.962877989
85423.455347120005 1.00186908
85424.315048749995 0.985509992
85425.190280380004 1.01090479
85426.036141809993 0.995981991
85426.895803210005 1.00653374
85427.756349739997 1.00683868
85428.629006450006 1.00273860
85429.475712779997 0.992891550
85430.335374179995 1.01350141
85431.195920710001 1.00767767
85432.067692280005 0.988157690
85432.916168869997 1.00081921
85433.775830269995 1.02986062
85434.636376800001 1.03332877
85435.507303480001 1.01409614
85436.355739830004 0.975129902
85437.216286359995 1.01988375
85438.075987990000 1.02047908
85438.947759570001 1.00392783
85439.797040820005 1.01946747
85440.655857320002 1.00329876
85441.516403849993 1.00705624
85442.396825549993 1.04300439
85443.236652020001 0.968490362
85444.096313419999 0.980391562
85444.956015050004 0.993730664
85445.831246670001 1.03619766
85446.676222979993 0.975570798
85447.536769509999 1.03547776
85448.396430909997 1.02496159
85449.271662529995 1.00285149
85450.116679069994 0.977194309
85450.976340470006 1.00701892
85451.836042109993 1.01959634
85452.710388599997 0.981481433
85453.556250039997 1.00431287
85454.416796570003 0.993125081
85455.276498199994 0.998899937
85456.149114669999 0.989724934
85456.996706129998 1.00431752
85457.856367529996 1.01804876
85458.716914060002 1.02277148
85459.588685630006 1.01311779
85460.437162219998 1.00365484
85461.296823619996 1.00502336
85462.157370150002 1.02393389
85463.035216930002 1.03776574
85463.876733180005 1.05035126
85464.739009740006 1.00666618
85465.596941109994 1.05366850
85466.468752920002 0.993013144
85467.317189280002 1.02487016
85468.176850680000 1.05078542
85469.037397210006 1.04132354
85469.912628830003 1.03425896
85470.757645370002 1.02623439
85471.617306770000 1.02674389
85472.477008400005 1.02399337
85473.355700080006 1.02613413
85474.197216329994 0.992313623
85475.057762860000 1.04163468
85475.917424259998 1.00062120
85476.790080959996 1.04035628
85477.637672419994 1.02552247
85478.497333820007 0.998028576
85479.357880349999 1.00870621
85480.230537059993 1.03022349
85481.077243389998 0.996588528
85481.937789920004 0.990673423
85482.797491549994 1.01238430
85483.670108020000 0.978075743
85484.517699479999 0.992496908
85485.377360879997 1.04107213
85486.237907410003 0.980282784
85487.111409010002 1.03039682
85487.958155569999 0.990038931
85488.817816969997 1.03305662
85489.677518609999 1.00171626
85490.550135080004 1.04099607
85491.397726540003 1.02327967
85492.258273069994 0.995295107
85493.117934470007 1.01903296
85493.995781239995 1.01235211
85494.838182630003 0.992713511
85495.697844030001 1.04390287
85496.557545660005 1.00631750
85497.439697380003 1.03226972
85498.277753589995 1.01205385
85499.138300120001 0.987614214
85499.998001750006 1.00857675
85500.873233380000 0.984808266
85501.718209679995 0.980524600
85502.577871079993 0.969041348
85503.438417609999 0.989431202
85504.311074319994 1.01731217
85505.158665780007 0.982786000
85506.018327180005 0.984552264
85506.878028809995 1.04268265
85507.749800379999 1.03878701
85508.598236739999 1.00973082
85509.458783270005 0.964443982
85510.318444670003 0.964002132
85511.198021470002 1.04490662
85512.038692829999 1.02228153
85512.898354229997 1.04633462
85513.758900760004 1.01199102
85514.629827440003 1.04469168
85515.478263800003 0.971825540
85516.338810319998 0.997130275
85517.198511959999 1.02387834
85518.071128430005 1.05053341
85518.918719890004 1.03184247
85519.778381290002 1.03265476
85520.638927819993 1.01886284
85521.516774589996 1.06579781
85522.359175980004 1.02606106
85523.218837380002 1.00515664
85524.078539010006 0.972814858
85524.951155479997 1.02139044
85525.798746939996 1.03229487
85526.659293470002 1.00523698
85527.518995110004 1.02575445
85528.399376570000 1.04204571
85529.239203039993 1.03661227
85530.098864440006 1.04521465
85530.959410969997 1.02593923
85531.836372610007 1.02810204
85532.679659129994 1.01180398
85533.539320530006 1.04588664
85534.399022159996 1.01920497
85535.270793739997 0.992425561
85536.119230090000 1.05564880
85536.980621519993 1.01396286
85537.839438020004 1.04084206
85538.712979849995 1.01973391
85539.559686180000 1.03122711
85540.419347579998 1.02887201
85541.279894110005 0.999295771
85542.158585790006 1.02474010
85542.999257150004 1.04537499
85543.859803679996 1.02301121
85544.719505310000 1.00093389
85545.599041880007 1.06207871
85546.439713240004 1.03288054
85547.299374640002 1.02128923
85548.159921169994 1.00469339
85549.032577870006 0.985979676
85549.880169330005 0.995074987
85550.739830730003 1.02072537
85551.599532370004 0.996138692
85552.473033960006 0.993110538
85553.319740299994 0.953407526
85554.179441929999 0.900417507
85555.039948229998 0.862054527
85555.925560000003 0.842365444
85556.760196389994 0.781851172
85557.619857790007 0.766872644
85558.480404319998 0.788481116
85559.359981119997 0.709084213
85560.200652479994 0.684565842
85561.060313880007 0.697988331
85561.920015509997 0.686372876
85562.792631980003 0.668978214
85563.640223440001 0.641274929
85564.500769970007 0.618674338
85565.360431370005 0.651074052
85566.233088080000 0.643114865
85567.080679539999 0.654517710
85567.940340939997 0.621219397
85568.800042570001 0.605838239
85569.672659040007 0.619651258
85570.520250500005 0.646955252
85571.380797029997 0.644100845
85572.240498660001 0.626694381
85573.111385109994 0.655354023
85573.960706590005 0.619440913
85574.820367990003 0.627862096
85575.680914519995 0.634356558
85576.568256319995 0.632755697
85577.400277549998 0.620065987
85578.260824080004 0.600145578
85579.120525720005 0.636818230
85579.992297289995 0.618632793
85580.840733649995 0.642486036
85581.700435280000 0.633363128
85582.560096679998 0.621731877
85583.447438479998 0.607978821
85584.280304610002 0.616791010
85585.140851139993 0.605735898
85586.000552769998 0.609438002
85586.873169240003 0.613816559
85587.720760700002 0.624368906
85588.581307229993 0.602506578
85589.441008869995 0.620779097
85590.311895310006 0.617923141
85591.161216799999 0.621627748
85592.020878199997 0.609603643
85592.881424730003 0.652394772
85593.755811449999 0.618559778
85594.600787760006 0.625837028
85595.461334289997 0.603868544
85596.321035920002 0.610084832
85597.193652389993 0.609931111
85598.041243850006 0.635746896
85598.900945479996 0.645635784
85599.761492010002 0.617289543
85600.641028579994 0.605935752
85601.481699940006 0.606070697
85602.341361340004 0.595583320
85603.201062980006 0.624596775
85604.076294600003 0.595854998
85604.921270909996 0.599081099
85605.781817440002 0.598637640
85606.641519070006 0.621863067
85607.514135539997 0.592534304
85608.362571899997 0.624554634
85609.221388399994 0.622277319
85610.081934930000 0.638456881
85610.957166549997 0.628740072
85611.801297960003 0.624336064
85612.660999600004 0.616549492
85613.521546129996 0.628963947
85614.399352670007 0.645731091
85615.241754060000 0.610295534
85616.101455690005 0.617491782
85616.962002219996 0.629426837
85617.838963870003 0.613033533
85618.682210150000 0.617330134
85619.541871549998 0.634683609
85620.401573180003 0.625153422
85621.273344760004 0.613591552
85622.121781110007 0.622436345
85622.982327639998 0.609131157
85623.842029270003 0.637616038
85624.723295870004 0.619957805
85625.562237200007 0.643609047
85626.421938839994 0.631753564
85627.282445129997 0.625412345
85628.153371809996 0.633296847
85629.001808169996 0.618050516
85629.862354700002 0.623418808
85630.722901229994 0.597619712
85631.598132850006 0.623607516
85632.442264259997 0.611647904
85633.304540810001 0.631056547
85634.162512420007 0.640785515
85635.040318970001 0.656327069
85635.884450380006 0.636135638
85636.744996909998 0.623108864
85637.602928280001 0.617247283
85638.506685200002 0.636087060
85639.329211410004 0.615403056
85640.188027919998 0.620777607
85641.047729550002 0.635841489
85641.949716210001 0.624749780
85642.768782379993 0.654833376
85643.630214039993 0.609144449
85644.489030540004 0.621208251
85645.397937300004 0.613505185
85646.208393570007 0.635261536
85647.068940099998 0.623872459
85647.929486630004 0.638656199
85648.830628399999 0.655189931
85649.648849670004 0.637495458
85650.509355960006 0.609425604
85651.369057599994 0.629449904
85652.282309529997 0.612918913
85653.089265529998 0.627512693
85653.948967160002 0.627271473
85654.809513689994 0.621404231
85655.706350509994 0.623105228
85656.528876719996 0.610443473
85657.389423250002 0.634070098
85658.248239759996 0.630045652
85659.145921470001 0.611757755
85659.968447690000 0.615104914
85660.828994209995 0.605157971
85661.688655610007 0.625882387
85662.591567640004 0.610889614
85663.408903780000 0.636664033
85664.268565179998 0.611667156
85665.129111710005 0.618029058
85666.038903590001 0.611771286
85666.849359870001 0.627260268
85667.709021269999 0.614395261
85668.568722900003 0.600751162
85669.478514789997 0.605952740
85670.289775729994 0.603766382
85671.149477359999 0.596336305
85672.009138759997 0.614070356
85672.907705610007 0.611112416
85673.729386930005 0.630209208
85674.589048330003 0.623751342
85675.449594859994 0.631094396
85676.355081799993 0.611321509
85677.169843020005 0.613704383
85678.029504420003 0.617937803
85678.890895839999 0.623533368
85679.794652760000 0.627479732
85680.610258879999 0.599816203
85681.469960510003 0.606092811
85682.329621910001 0.598559201
85683.226458730001 0.600462079
85684.049870069997 0.613450944
85684.910416600003 0.611656547
85685.770078000001 0.604802430
85686.672104900004 0.602425992
85687.490285930005 0.589144826
85688.349987570007 0.619464934
85689.209648970005 0.618936300
85690.108215810003 0.618118167
85690.929897130001 0.643287480
85691.790443659993 0.639451146
85692.650990189999 0.617698669
85693.552131949997 0.632655919
85694.370353220002 0.635534763
85695.230014620000 0.602576077
85696.089676019998 0.637111664
85696.989972890005 0.627139270
85697.809924190005 0.604397774
85698.670470710000 0.613124669
85699.530132109998 0.635787010
85700.433889029999 0.629807055
85701.250380280006 0.647112370
85702.110926809997 0.609453380
85702.970588209995 0.634658754
85703.878650069993 0.660944760
85704.690796139999 0.632047832
85705.549612639996 0.649755061
85706.410159170002 0.611591876
85707.311341170003 0.592635810
85708.130407329998 0.639016032
85708.990953860004 0.657999396
85709.850615260002 0.692789316
85710.755217080005 0.659884214
85711.570863429995 0.639259875
85712.430524829993 0.667911172
85713.291071359999 0.681344748
85714.210358259996 0.695078492
85715.011279280006 0.699435711
85715.870980919994 0.754753172
85716.731527450000 0.767322421
85717.633554340006 0.815143764
85718.450890480002 0.835724473
85719.311437009994 0.890686989
85720.171098410006 0.925249100
85721.086925270007 0.957968652
85721.891346570002 0.967629850
85722.751007970001 0.948773563
85723.611554500007 0.982281327
85724.518771470001 0.993425667
85725.332647560004 0.991369605
85726.192308960002 0.933319449
85727.052010600004 0.980034709
85727.962647380002 0.964987695
85728.771373630007 1.02089953
85729.631920159998 1.02989972
85730.490736659995 0.983754277
85731.384958330003 0.938190460
85732.210944589999 0.956863880
85733.071491120005 0.933291733
85733.931152520003 0.967134535
85734.834064540002 0.979173779
85735.651400689996 0.931132615
85736.511947210005 0.976141155
85737.371608610003 1.00393593
85738.266715410005 1.00189090
85739.090971650003 0.960293889
85739.951518179994 0.926817656
85740.811219809999 0.986535072
85741.711476450000 0.903419077
85742.531427740003 0.933179080
85743.391974269995 0.979108453
85744.251635670007 1.00496984
85745.158852640001 0.935144126
85745.971883830003 0.973834336
85746.831545230001 0.980893493
85747.691246870003 1.01195991
85748.590658610003 0.972875357
85749.411454800007 1.00531542
85750.272001329999 0.974548697
85751.132547860005 1.02239096
85752.029384669993 0.993683159
85752.851910890007 0.963587582
85753.711572290005 1.00860107
85754.571273919995 1.02400851
85755.475875739998 0.968024969
85756.291481849999 1.00500572
85757.152028380006 0.960970938
85758.012574909997 0.965687096
85758.913716669995 1.00573277
85759.731937940000 0.995337725
85760.591599349995 1.03902185
85761.452145870004 1.01322424
85762.362822890005 0.996164143
85763.172394039997 1.04005349
85764.032055439995 0.986658096
85764.892601970001 1.02339482
85765.802393849997 0.971269250
85766.612850129997 0.958799660
85767.472511529995 0.993679881
85768.328753110007 1.00174820
85769.225549700001 0.978678465
85770.053265990005 0.988316000
85770.912967619995 0.976340055
85771.773514150002 0.995419443
85772.672080990000 0.922897041
85773.492877190001 0.953963697
85774.353423709996 0.991433084
85775.213085109994 0.972765505
85776.111651960004 1.00828445
85776.932448149993 1.02678645
85777.792109550006 1.04274082
85778.651811179996 0.999182999
85779.549492899998 1.00550175
85780.372904239994 0.988787353
85781.232565640006 1.03761399
85782.093997300006 1.07346106
85782.995139060004 0.999276280
85783.812475200000 1.02724636
85784.673021730006 1.02451146
85785.532723369994 1.00218141
85786.443360150006 0.974633873
85787.252931299998 1.00497794
85788.113477830004 0.932797432
85788.973139230002 0.959702969
85789.872591199994 0.991152585
85790.693387389998 0.961802900
85791.553933920004 0.996803105
85792.414480449996 0.979280114
85793.325117229993 0.988176882
85794.133843479998 0.981288910
85794.993504879996 0.937828004
85795.853166279994 0.981130242
85796.752618250001 0.976520300
85797.573414440005 1.00079715
85798.433960969996 1.00220084
85799.293622369994 0.964143336
85800.197379289995 0.987946451
85801.013870540002 1.04460311
85801.873531940000 0.974167347
85802.733233570005 1.00320613
85803.645600379998 0.983791173
85804.453441499994 0.968306005
85805.313988030000 0.993603528
85806.173649429998 0.996984839
85807.080866400007 0.972127736
85807.894742489996 0.984094739
85808.753558990007 0.957840562
85809.614105519999 1.03611016
85810.517862440000 0.999685287
85811.334353690007 0.947130620
85812.194015090005 0.934696853
85813.054561609999 0.920085728
85813.958318530000 0.972900689
85814.774769540003 0.994670331
85815.634471180005 1.01753974
85816.495017709996 0.956252277
85817.401349540000 1.01355112
85818.214380739999 1.02307057
85819.074042139997 0.959485590
85819.933743770001 1.01145720
85820.834000410003 0.974976420
85821.654796600007 1.02418685
85822.514498229997 1.02699077
85823.374159629995 0.998808801
85824.288296700004 0.979538918
85825.094407800003 1.01778209
85825.954954329995 0.991470635
85826.815500860001 1.03329968
85827.717487510003 1.04631865
85828.534863890003 0.996017992
85829.395410419995 1.01794767
85830.255071819993 0.976754725
85831.158828739994 1.01167881
85831.975279749997 0.982661009
85832.834981380001 1.03186512
85833.694642779999 1.02922451
85834.608779849994 1.04305410
85835.414890939996 1.02453732
85836.275437470002 0.975572050
85837.135983999993 1.01925349
85838.044045870003 0.984173059
85838.855347039993 1.01624990
85839.715008440005 1.02601242
85840.575554969997 1.02088892
85841.485346849993 1.03106034
85842.294032870006 0.979263544
85843.149389330007 1.01087260
85844.014281030002 1.01428688
85844.918882850005 1.00151837
85845.734488960006 1.00512385
85846.595035489998 1.00267696
85847.454737130000 1.02099717
85848.357608909995 0.974533200
85849.174945060004 1.00000501
85850.035491589995 0.980856538
85850.895152989993 0.975224316
85851.796334979997 0.987893283
85852.615401150004 0.992696643
85853.475062550002 1.03023100
85854.334764180006 1.01962960
85855.243670940006 1.06444979
85856.054972109996 1.05762351
85856.915518640002 1.01627159
85857.775180040000 0.990435064
85858.675476909993 0.994561195
85859.495428199996 1.00325549
85860.355974730002 0.974320531
85861.215636130000 1.01937056
85862.121967970001 1.01095545
85862.935884299994 1.08540249
85863.795545700006 1.06244135
85864.656092229998 1.02841389
85865.553773940002 1.08656621
