85104.209080340006 0.986444354
85104.709339139998 1.00890946
85105.209597950001 1.04206729
85105.710701639997 1.01418173
85106.210960450000 1.00741088
85106.711219250006 1.03610182
85107.212363180006 1.02499986
85107.712621989995 1.01430392
85108.212880790001 1.03433216
85108.713984489994 1.05733800
85109.214243290000 1.03134787
85109.714502100003 1.03418684
85110.215605799996 1.01537025
85110.715864600003 0.983425260
85111.216123399994 1.00182915
85111.717267329994 0.960274816
85112.217485899993 0.990047574
85112.717744709997 1.00181937
85113.218888639996 1.05108130
85113.719147440002 1.03415990
85114.219406250006 1.04958558
85114.720509949999 1.03076959
85115.220768750005 1.03320241
85115.721872449998 1.00937879
85116.222131250004 0.987856269
85116.722390059993 0.994349360
85117.223533990007 0.972420990
85117.723792789999 0.954011559
85118.224051590005 1.03494143
85118.725155289998 0.972005367
85119.225414100001 1.02627301
85119.725672899993 1.00556290
85120.226776600000 1.02071738
85120.727035400007 1.01516521
85121.227294209995 0.977944195
85121.728397910003 0.997564733
85122.228656709995 1.02056861
85122.728915510001 0.986595988
85123.230059440000 0.993359447
85123.730318250004 1.01500976
85124.230577049995 1.00458562
85124.731680750003 1.02068698
85125.231939549994 0.978730321
85125.732198359998 0.982245684
85126.233302060005 1.01404560
85126.733560859997 0.968976676
85127.233819660003 0.999558330
85127.734963600000 0.965451598
85128.235182169999 0.997521698
85128.735440970006 0.994676471
85129.236584900005 0.977350950
85129.736843709994 0.957048297
85130.237102510000 0.966247439
85130.738206209993 0.974228561
85131.238465009999 0.989788055
85131.738723810005 0.990055382
85132.239827509999 0.988834143
85132.740086320002 0.991402030
85133.240345119993 1.03876281
85133.741489049993 1.03145170
85134.241747859996 1.01818633
85134.741966429996 0.957286835
85135.243110359996 1.01858556
85135.743369160002 0.965535164
85136.244472859995 0.983259261
85136.744731660001 0.988804162
85137.244990470004 1.01153505
85137.746094169997 1.02100408
85138.246352970003 1.01477587
85138.746611769995 1.03669441
85139.247755710006 0.969842553
85139.748014509998 0.968756735
85140.248273310004 1.01828039
85140.749377009997 0.978087187
85141.249635820001 0.966987729
85141.749894620007 0.965766549
85142.250998320000 0.909335732
85142.751257120006 0.982810020
85143.251515919997 1.00175107
85143.752659859994 1.02001536
85144.252878429994 0.986724079
85144.753137230000 1.01824927
85145.254281160000 1.03502488
85145.754539970003 1.02622581
85146.254798769995 0.989822865
85146.755902470002 0.971281469
85147.256161269994 1.04082918
85147.756420079997 1.01471019
85148.257523780005 1.02850854
85148.757782579996 1.05583799
85149.258041380002 1.01023448
85149.759185310002 1.04703557
85150.259403880002 1.03444815
85150.759662690005 1.04148066
85151.260806620005 0.978016913
85151.761065419996 1.01427639
85152.261324229999 0.996412158
85152.762427930007 0.991943538
85153.262686729999 1.01670146
85153.762945530005 0.996672451
85154.264049229998 0.960406780
85154.764308040001 1.01831460
85155.265451970001 0.955529153
85155.765710770007 0.997876406
85156.265969569999 1.02885771
85156.767073270006 1.00219917
85157.267332079995 0.945909321
85157.767590880001 1.00462770
85158.268694579994 0.992717564
85158.768953380000 1.02369833
85159.269212190004 1.02112401
85159.770315889997 1.01530254
85160.270574690003 1.05399513
85160.770833489994 0.989723623
85161.271977419994 1.05520546
85161.772236229997 1.02611232
85162.272495030003 1.04924488
85162.773598729997 0.986597896
85163.273857530003 0.995659411
85163.774116340006 0.972249448
85164.275220039999 0.993081808
85164.775478840005 1.01743174
85165.275737639997 1.00863385
85165.776881579994 1.01715398
85166.277100149993 1.02973294
85166.777358949999 0.989411414
85167.278502879999 0.924737155
85167.778761680005 0.982639730
85168.279020489994 1.00482440
85168.780124190002 1.05109107
85169.280382989993 1.01266420
85169.780641789999 1.00521958
85170.281745490007 1.00413370
85170.782004299996 1.01901221
85171.282263100002 1.03808451
85171.783407030001 1.00479949
85172.283665840005 0.977332175
85172.783884410004 0.965152681
85173.285028340004 0.945667684
85173.785287139995 1.03265464
85174.286390840003 0.965548217
85174.786649639995 0.972850323
85175.286908449998 0.978393614
85175.788012150006 0.973655105
85176.288270949997 0.941318333
85176.788529750003 1.01802170
85177.289673690000 1.04358685
85177.789932490006 1.00800335
85178.290191289998 1.04303825
85178.791294990006 1.04574025
85179.291553799994 1.00731611
85179.791812600000 1.02138197
85180.292916299994 0.987963617
85180.793175100000 1.03747308
85181.293433900006 1.04612732
85181.794577840003 1.03002524
85182.294796410002 1.05978310
85182.795055209994 0.996468484
85183.296199139993 0.968056321
85183.796457949997 0.998355210
85184.296716750003 1.00511551
85184.797820449996 0.940313935
85185.298079250002 0.909602702
85185.798338060005 0.943283260
85186.299441750001 0.965870917
85186.799700560005 0.937053740
85187.299959359996 1.00008857
85187.801103289996 0.945839822
85188.301362099999 0.992235363
85188.801580669999 0.965177059
85189.302724599998 0.992092907
85189.802983400004 1.00913370
85190.303242209993 0.985592663
85190.804345910001 0.987482846
85191.304604710007 0.978416085
85191.804863509999 0.983417571
85192.305967210006 1.05226648
85192.806226019995 1.06146097
85193.307369949995 1.03589118
85193.807628750001 1.05428398
85194.307887550007 0.932674050
85194.808991250000 0.958642006
85195.309250060003 0.976629078
85195.809508859995 0.945784688
85196.310612560002 0.916698992
85196.810871359994 0.969313979
85197.311130169997 0.937252581
85197.812274099997 0.982021749
85198.312492669997 1.00406623
85198.812751470003 1.00041044
85199.313895400002 1.02245462
85199.814154210006 1.06546438
85200.314413009997 1.04314220
85200.815516710005 0.999584079
85201.315775509996 1.05327904
85201.816034320000 1.00688076
85202.317138019993 1.03176498
85202.817396819999 1.01931727
85203.317655620005 1.00484073
85203.818799560002 0.981572509
85204.319058359994 0.928277135
85204.819276929993 0.954513729
85205.320420859993 0.937602997
85205.820679659999 0.968032300
85206.320938470002 0.996838272
85206.822042169995 0.973705828
85207.322300970001 0.979112446
85207.822559769993 1.01995575
85208.323663470001 1.02576780
85208.823922280004 1.02197695
85209.324181079995 1.04983532
85209.825325009995 1.00249290
85210.325583819998 0.990451753
85210.825842620005 0.982197702
85211.326946319998 1.01330173
85211.827205120004 0.894547880
85212.327463919995 0.921053588
85212.828567620003 1.00963867
85213.328826430006 0.990970492
85213.829970360006 1.05318117
85214.330188930006 0.974057019
85214.830447729997 0.994611025
85215.331591669994 0.855843723
85215.831850470000 1.01232088
85216.332109270006 1.00230885
85216.833212969999 1.00501001
85217.333471780003 0.980662048
85217.833730579994 0.979576409
85218.334834280002 1.00581002
85218.835093079993 1.03623605
85219.335351880000 1.04367054
85219.836495819996 0.976856768
85220.336754620002 0.984426618
85220.836973190002 0.991455495
85221.338117120002 1.00159478
85221.838375930005 0.999021411
85222.338634729997 1.01348829
85222.839738430004 0.956548691
85223.339997229996 0.940586865
85223.840256039999 0.996571958
85224.341359729995 0.993187249
85224.841618539998 0.939088523
85225.341877340004 1.00169957
85225.843021270004 1.04929900
85226.343280079993 1.00642526
85226.843538879999 1.02183819
85227.344642580007 1.03603399
85227.844901379998 0.997758746
85228.345160190001 1.06604803
85228.846263889995 1.03548121
85229.346522690001 1.04697204
85229.846781490007 0.949195087
85230.347885190000 0.966230631
85230.848143990006 0.995842576
85231.349287930003 0.985561192
85231.849546729994 1.04289508
85232.349805530001 1.02733958
85232.850064340004 1.00299442
85233.351168039997 0.995553017
85233.851426840003 1.05126309
85234.352530539996 1.04760790
85234.852789340002 1.04327667
85235.353048150006 1.02907383
85235.854192080005 1.09803510
85236.354450879997 1.04218280
85236.854669449996 1.02784491
85237.355813379996 1.07111275
85237.856072189999 0.978750706
85238.356330990006 1.02918518
85238.857434689999 1.02417803
85239.357693490005 0.986311793
85239.857952299993 0.999424458
85240.359056000001 1.01280749
85240.859314800007 1.02564955
85241.359573599999 1.00847256
85241.860717539996 0.968578815
85242.360976340002 0.957351863
85242.861235139993 0.978307068
85243.362338840001 1.02292526
85243.862597640007 0.993173361
85244.362856449996 1.03535724
85244.863960150004 1.02548242
85245.364218949995 1.00627768
85245.864477750001 1.00924850
85246.365581449994 1.02614641
85246.865840259998 1.04006946
85247.366099060004 1.00409853
85247.867242990003 1.06034338
85248.367501800007 1.00936401
85248.867760599998 1.00232899
85249.368864300006 1.02179551
85249.869123099998 1.02638876
85250.369381900004 1.07573664
85250.870485599997 1.04706776
85251.370744410000 0.990951717
85251.871888340000 1.00920105
85252.372147140006 1.01190126
85252.872365710005 0.994590580
85253.373509650002 1.01987052
85253.873768449994 0.968082190
85254.374027250000 0.984573543
85254.875130949993 0.998631060
85255.375389749999 0.922641695
85255.875648560002 0.996054292
85256.376752259996 1.00713706
85256.877011060002 0.991719902
85257.377269859993 1.00401950
85257.878413800005 1.04200745
85258.378672599996 1.02699590
85258.878931400002 1.01942050
85259.380035099995 1.00224590
85259.880293909999 1.04307246
85260.380552710005 1.01562274
85260.881656409998 0.997907579
85261.381915210004 0.991143644
85261.882174019993 1.02047777
85262.383277710003 1.01466024
85262.883536520007 0.998973250
85263.383795319998 1.01762640
85263.884939249998 1.01775753
85264.385198060001 0.981926620
85264.885456860007 1.00247240
85265.386560560000 1.01436543
85265.886819360006 0.995839834
85266.387078169995 0.972988129
85266.888181870003 1.00543058
85267.388440669994 0.905248880
85267.888699470001 0.936880171
85268.389843400000 0.899833977
85268.890061970000 0.990678608
85269.390320780003 0.944574714
85269.891464710003 0.987290859
85270.391723509994 0.977418125
85270.891982319998 0.970519543
85271.393086020005 0.987414122
85271.893344819997 1.00322711
85272.394448520005 1.00268233
85272.894707319996 0.961581588
85273.394966129999 0.951168358
85273.896110059999 0.930210769
85274.396368860005 0.981577277
85274.896627659997 1.03483593
85275.397731360004 1.00441539
85275.897990169993 0.982646823
85276.398248969999 1.00575912
85276.899352670007 0.994805217
85277.399611469998 0.991286457
85277.899870280002 0.923556745
85278.400973979995 1.01777375
85278.901232780001 0.955992460
85279.401491580007 0.996812701
85279.902635510007 0.968691468
85280.402894319996 0.979096234
85280.903153120002 1.01937521
85281.404256819995 1.07398260
85281.904515620001 1.06329930
85282.404774430004 1.05613065
85282.905878129997 0.996513903
85283.406136930003 1.02084136
85283.906395729995 0.937029004
85284.407539670006 0.915397346
85284.907758240006 0.950133145
85285.408017039998 0.966214836
85285.909160969997 0.987297714
85286.409419780000 1.00662315
85286.909678580007 0.993912995
85287.410782280000 0.992286861
85287.911041080006 0.998906136
85288.411299879997 0.973760486
85288.912403580005 0.979163229
85289.412662389994 0.979024053
85289.913806319993 0.955500841
85290.414065120000 0.994965672
85290.914323930003 1.02821255
85291.414542500002 1.04077876
85291.915686430002 1.03063703
85292.415945229994 1.04333830
85292.917048930001 1.06698775
85293.417307729993 1.00372672
85293.917566539996 0.988854587
85294.418670240004 1.04048264
85294.918929039995 1.01331067
85295.419187840002 1.01519883
85295.920331779998 1.00492227
85296.420590580005 1.03559959
85296.920849379996 1.01342905
85297.421953080004 0.981527209
85297.922211890007 0.995309353
85298.422470689999 0.988547325
85298.923574390006 0.998409688
85299.423833189998 1.05017066
85299.924091990004 0.981506824
85300.425235930001 1.04529631
85300.925454500000 0.997582138
85301.425713300006 1.01879728
85301.926857230006 0.970137477
85302.427116039995 0.990947068
85302.927374840001 1.01527047
85303.428478539994 1.02229416
85303.928737340000 1.00526071
85304.428996150004 0.980794132
85304.930099839999 0.992953598
85305.430358650003 0.998760879
85305.930617449994 0.994567037
85306.431761379994 0.968479097
85306.931979949994 1.00807357
85307.432238759997 0.983337224
85307.933382689997 1.01779568
85308.433641490003 0.986977875
85308.933900300006 0.895749986
85309.435003999999 0.962237895
85309.935262800005 0.964396179
85310.436366499998 0.988582969
85310.936625300004 0.983037889
85311.436884109993 0.983574331
85311.937142909999 0.926945269
85312.438286839999 0.981538892
85312.938545640005 1.00261688
85313.439649339998 1.00977504
85313.939908150001 1.04206944
85314.440166949993 1.00219870
85314.941270650001 1.04043889
85315.441529450007 1.04111016
85315.941788259996 0.989212632
85316.442891960003 1.01542521
85316.943150759995 1.02055609
85317.443409560001 0.979335070
85317.944553490001 1.02879071
85318.444812300004 1.00905645
85318.945071099995 0.956619859
85319.446174800003 0.968777895
85319.946433599995 0.910666227
85320.446692409998 0.947418571
85320.947796110006 0.989575863
85321.448054909997 0.912816703
85321.948313710003 0.896191597
85322.449457650000 0.929835379
85322.949676220000 0.987802267
85323.449935020006 1.01522934
85323.951078950005 1.03576458
85324.451337749997 1.00292397
85324.951596560000 1.04386342
85325.452700259993 1.05210173
85325.952959060000 1.06777191
85326.453217860006 1.03885031
85326.954321559999 1.01141536
85327.454580370002 0.965198219
85327.954839169994 0.961410582
85328.455983099993 0.939786613
85328.956241909997 0.924513638
85329.456460479996 0.939778507
85329.957604409996 0.909371972
85330.457863210002 0.994629741
85330.958966909995 0.991112292
85331.459225710001 1.01083553
85331.959484520004 0.957729101
85332.460588219998 0.950158298
85332.960847020004 0.959882736
85333.461105819995 0.990955710
85333.962249760007 0.956901848
85334.462508559998 1.00364816
85334.962767360004 0.982430518
85335.463871059997 0.973778844
85335.964129870001 0.985934973
85336.464388670007 0.961745203
85336.965492370000 0.970388293
85337.465751170006 0.984976292
85337.966009969998 1.01793957
85338.467153909995 1.00496435
85338.967372479994 1.02374041
85339.467631280000 1.05589235
85339.968775210000 1.02697420
85340.469034020003 1.02183557
85340.969292819995 1.01156271
85341.470396520002 1.01101792
85341.970655319994 0.978857756
85342.470914129997 1.00925267
85342.972017819993 0.992900312
85343.472276629996 1.02613211
85343.972535430003 1.01977766
85344.473679360002 0.982619226
85344.973938170006 1.03679180
85345.474156740005 1.02651942
85345.975300670005 1.02138090
85346.475559469996 1.03826427
85346.975818280000 1.06379402
85347.476921979993 0.989078224
85347.977180779999 1.04014206
85348.478284480007 1.01122594
85348.978543279998 1.02783871
85349.478802080004 1.03918254
85349.979946020001 1.04404151
85350.480204820007 1.01782787
85350.980463619999 0.974592268
85351.481567320006 1.01146936
85351.981826129995 1.06415236
85352.482084930001 1.07211828
85352.983188629994 1.00456607
85353.483447430001 1.03320169
85353.983706240004 1.00523269
85354.484850170003 1.02549219
85354.985068740003 1.00400794
85355.485327539995 0.984144926
85355.986471469994 1.05627930
85356.486730279998 1.06600118
85356.986989080004 1.03411520
85357.488092779997 1.05896699
85357.988351580003 1.04612887
85358.488610390006 0.996411681
85358.989714089999 1.02220905
85359.489972890005 0.990999341
85359.990231689997 1.01233864
85360.491375629994 0.960055828
85360.991634430000 0.976396859
85361.491853000000 1.00367963
85361.992996929999 1.01110470
85362.493255730005 1.00812840
85362.993514539994 0.998668075
85363.494618240002 1.03135347
85363.994877039993 1.05201638
85364.495135839999 0.998384476
85364.996239540007 0.949886084
85365.496498349996 0.989190042
85365.996757150002 0.985673547
85366.497901080002 0.950548649
85366.998159890005 0.980396688
85367.498418689996 0.945407212
85367.999522390004 0.950941086
85368.499781189996 0.955394328
85369.000884890003 0.986727536
85369.501143689995 0.932828188
85370.001402499998 0.942414224
85370.502546429998 0.972936690
85371.002764999997 1.01453483
85371.503023800004 1.00993776
85372.004167740000 1.00196397
85372.504426540007 1.01870823
85373.004685339998 0.982909918
85373.505789040006 0.987362802
85374.006047839997 0.970339537
85374.506306650001 0.980600417
85375.007410349994 0.989915669
85375.507669150000 1.03205228
85376.007927950006 0.937500656
85376.509071890003 0.989496946
85377.009330689994 1.00691593
85377.509549259994 0.941809952
85378.010693189994 0.977597773
85378.510951999997 0.979214072
85379.011210800003 0.962191641
85379.512314499996 0.994467258
85380.012573300002 1.02012455
85380.512832110006 1.00647867
85381.013935800001 0.978381395
85381.514194610005 0.990262270
85382.014453409996 1.05360067
85382.515597339996 1.06210458
85383.015856149999 1.02441847
85383.516114950005 1.04885924
85384.017218649999 1.01671076
85384.517477450005 1.02291882
85385.017736259993 0.979561090
85385.518839960001 0.978341103
85386.019098760007 1.00345683
85386.519357559999 1.02398038
85387.020461260006 0.989942253
85387.520720059998 0.960631192
85388.021863999995 0.983855784
85388.522122800001 0.964133739
85389.022381600007 0.918482006
85389.523485300000 0.952915668
85390.023744110003 0.893894494
85390.524002909995 0.912527144
85391.025106610003 0.938587308
85391.525365409994 0.981798351
85392.025624219998 0.972745597
85392.526768149997 1.02000749
85393.027026950003 1.01149487
85393.527245520003 0.976513386
85394.028389450003 1.00135708
85394.528648260006 1.00297296
85395.028907059997 0.977985322
85395.530010760005 1.00201845
85396.030269559997 0.986889005
85396.530528370000 1.02523625
85397.031632069993 0.927056670
85397.531890869999 0.986065030
85398.032149670005 0.972151339
85398.533293600005 1.01414406
85399.033552409994 1.00603700
85399.533811210000 0.995634377
85400.034914909993 1.00049114
85400.535173709999 0.989953578
85401.035432520002 1.02114224
85401.536536219995 1.01533103
85402.036795020002 1.04705942
85402.537053819993 0.981022835
85403.038157520001 0.971565902
85403.538416330004 0.927675724
85404.038675129996 0.965075314
85404.539819059995 0.939009666
85405.040077869999 1.00449526
85405.540336670005 1.01340258
85406.041440369998 0.977479935
85406.541699170004 1.00961232
85407.042802869997 1.00555670
85407.543061670003 1.01972985
85408.043320480007 1.02148044
85408.544464410006 1.00108659
85409.044723209998 0.993790507
85409.544941779997 1.03091776
85410.046085719994 1.02429676
85410.546344520000 1.01321995
85411.046603320006 1.02644742
85411.547707020000 0.977159321
85412.047965820006 0.996327877
85412.548224629994 0.988761961
85413.049328330002 0.971069574
85413.549587129994 1.05410242
85414.049845930000 1.01804721
85414.550989869997 0.988203228
85415.051248670003 1.00345564
85415.551507469994 1.06123841
85416.052611170002 1.03814542
85416.552869980005 1.00506151
85417.053128779997 0.972247958
85417.554232480004 1.00788736
85418.054491279996 0.936729968
85418.554750080002 0.942936122
85419.055853779995 0.989511192
85419.556112589999 1.01394367
85420.056371390005 1.00840342
85420.557515320004 1.02284479
85421.057774129993 1.00123823
85421.558032929999 1.05942273
85422.059136630007 1.05577242
85422.559395429998 1.01445484
85423.059654240002 1.04590678
85423.560757939995 1.02605569
85424.061016740001 1.02996600
85424.561275540007 0.982843995
85425.062419470007 0.976629078
85425.562638040006 0.966364026
85426.062896849995 0.944488764
85426.564040779995 0.963924706
85427.064299580001 0.992540717
85427.565403279994 1.05774200
85428.065662089997 1.00832641
85428.565920890003 0.946626127
85429.067024589996 0.963631630
85429.567283390003 0.919752121
85430.067542200006 0.878033042
85430.568686130006 0.928248167
85431.068944929997 0.995472550
85431.569203730003 1.01085734
85432.070307429996 0.979803383
85432.570566240000 1.04243660
85433.070825040006 0.970074296
85433.571928739999 0.980599165
85434.072187540005 1.04215157
85434.572446349994 1.03647685
85435.073550050001 1.04362643
85435.573808849993 1.02242768
85436.074067649999 1.01094854
85436.575211579999 0.990695059
85437.075470390002 0.986640573
85437.575729189994 1.01174378
85438.076832890001 1.03387702
85438.577091689993 0.997290254
85439.077350499996 1.02333796
85439.578454200004 1.01617873
85440.078712999995 1.06382382
85440.578971800001 0.960419953
85441.080115739998 1.02142835
85441.580334309998 1.03613663
85442.080593110004 1.08958495
85442.581737040004 1.04706013
85443.081995839995 1.06676233
85443.582254649999 0.949188471
85444.083358350006 0.993187547
85444.583617149998 0.967266500
85445.084720850005 0.978870034
85445.584979649997 0.987908840
85446.085238460000 0.960368514
85446.586382390000 0.995457888
85447.086641190006 0.984384954
85447.586899999995 0.983435333
85448.088003700002 0.968313277
85448.588262499994 0.968308508
85449.088521300000 1.00339699
85449.589624999993 1.03686547
85450.089883799999 0.965999722
85450.590142610003 1.01714945
85451.091246309996 1.01471496
85451.591505110002 1.00877130
85452.091763909993 0.995404243
85452.592907850005 1.02954662
85453.093166649996 0.982707381
85453.593425450003 0.961647570
85454.094529149996 0.971495450
85454.594787959999 1.02804172
85455.095046760005 1.00036860
85455.596150459998 1.02479243
85456.096409260004 0.959599376
85456.596668059996 0.965263128
85457.097812000007 1.03759873
85457.598030570007 1.06903994
85458.098289369998 1.02841115
85458.599433299998 1.04230702
85459.099692110001 1.00005913
85459.599950909993 1.01813889
85460.101054610001 0.973732173
85460.601313410007 0.971837938
85461.101572219995 0.983439505
85461.602675910006 0.944297016
85462.102934719995 1.02877522
85462.603193520001 0.948066413
85463.104337450000 0.928898036
85463.604556020000 0.931592524
85464.104814830003 0.933882117
85464.605958760003 0.944808662
85465.106217559995 0.977192640
85465.607321260002 1.02631032
85466.107580070005 0.998505235
85466.607838869997 0.968676150
85467.108942570005 1.01590383
85467.609201369996 0.972714961
85468.109460180000 0.986204982
85468.610604109999 1.00036955
85469.110862910005 1.04705632
85469.611121709997 0.998470366
85470.112225410005 0.973095477
85470.612484219993 1.02288544
85471.112743019999 1.11032450
85471.613846720007 1.00519753
85472.114105519999 0.942308962
85472.614364330002 1.00815618
85473.115468029995 1.02083564
85473.615726830001 1.03513432
85474.115985629993 0.993432522
85474.617129560007 0.979123890
85475.117388369996 1.02337909
85475.617647170002 0.997735560
85476.118750869995 1.06290555
85476.619009670001 1.03888142
85477.119268480004 1.05412400
85477.620372179998 1.04912603
85478.120630980004 1.04453301
85478.620889779995 1.01632643
85479.122033720007 1.01119375
85479.622252290006 1.02130866
85480.122511089998 0.976505935
85480.623655019997 0.989454448
85481.123913820004 1.00334740
85481.624172630007 1.02263737
85482.125276330000 1.02721977
85482.625535130006 0.993077517
85483.125793929998 1.04798830
85483.626897630005 0.971748888
85484.127156439994 0.983617544
85484.628300369994 0.993866920
85485.128559170000 0.975107253
85485.628817980003 0.999658644
85486.129921669999 0.996820152
85486.630180480002 1.01907742
85487.130439279994 1.04416800
85487.631542980002 0.989654064
85488.131801779993 0.982902944
85488.632060589996 0.989913821
85489.133164290004 0.928655088
85489.633423089996 0.999752879
85490.133681890002 1.01040637
85490.634825829999 0.992457092
85491.135084630005 1.00257087
85491.635343429996 0.986915410
85492.136447130004 1.06124902
85492.636705940007 1.00376976
85493.136964739999 1.00889134
85493.638068440006 0.997688353
85494.138327239998 1.02763391
85494.638586040004 1.05488098
85495.139729980001 1.04732060
85495.639948550001 1.08670926
85496.140207350007 1.08238649
85496.641351280006 1.04865360
85497.141610089995 1.05390966
85497.641868890001 1.07360089
85498.142972589994 1.02462387
85498.643231390000 1.05699623
85499.143490200004 1.04188132
85499.644593890000 1.02352881
85500.144852700003 1.02284896
85500.645111499995 1.03323138
85501.146255429994 1.00624537
85501.646514239997 1.02121437
85502.146732809997 1.02242315
85502.647876739997 0.989367068
85503.148135540003 1.02052402
85503.648394350006 1.02982688
85504.149498049999 1.01026118
85504.649756850005 1.05463755
85505.150860549998 1.02981091
85505.651119350005 1.09212816
85506.151378149996 1.03654504
85506.652522089993 1.00443447
85507.152780889999 1.01805365
85507.653039690005 1.04947889
85508.154143389998 1.01871765
85508.654402200002 1.01655400
85509.154660999993 1.02396786
85509.655764700001 1.02247870
85510.156023500007 1.03906500
85510.656282309996 1.06711674
85511.157426239995 1.04836154
85511.657644809995 1.05968678
85512.157903610001 1.09030092
85512.659047540001 1.04713118
85513.159306350004 1.07207978
85513.659565149996 1.05157149
85514.160668850003 1.02742159
85514.660927649995 0.973327458
85515.161186459998 1.04602480
85515.662290160006 1.07933557
85516.162548959997 1.05086970
85516.662807760003 1.05558503
85517.163951690003 1.06663978
85517.664210500006 1.06555510
85518.164429070006 1.02265787
85518.665573000006 1.05610251
85519.165831799997 1.03181887
85519.666090610001 1.01994419
85520.167194309994 1.03396606
85520.667453110000 0.976638258
85521.167711910006 1.02208614
85521.668815609999 0.983911216
85522.169074420002 0.962595999
85522.670218350002 0.964883745
85523.170477149994 0.997787595
85523.670735959997 0.955297709
85524.171839649993 0.955157816
85524.672098459996 0.943419039
85525.172357260002 0.955282629
85525.673460959995 0.925201774
85526.173719760001 0.901190341
85526.673978570005 0.881225169
85527.175122500004 0.935167253
85527.675341070004 0.962944806
85528.175599869995 0.927739799
85528.676743810007 0.940951645
85529.177002609998 0.918963850
85529.677261410005 1.00055134
85530.178365109998 1.02252865
85530.678623910004 1.00229394
85531.178882720007 0.990151107
85531.679986420000 0.980570734
85532.180245220006 0.965596080
85532.680504019998 0.979751170
85533.181647959995 0.967878461
85533.681906760001 1.01669180
85534.182125330000 1.04150009
85534.683269260000 1.01937807
85535.183528070003 1.02166522
85535.683786869995 1.03932571
85536.184890570003 0.995222926
85536.685149369994 0.993059993
85537.185408170000 0.997639716
85537.686511869993 1.01084983
85538.186770679997 1.05264831
85538.687029480003 0.969979405
85539.188173410002 0.971457541
85539.688432220006 0.998152494
85540.188691019997 0.971042633
85540.689794720005 1.01418865
85541.190053519997 0.956333935
85541.690312330000 0.990040362
85542.191416029993 0.952143490
85542.691674829999 0.979242206
85543.192818759999 1.00458765
85543.693037329998 0.957252264
85544.193296130004 0.959674299
85544.694440070001 0.983536124
85545.194698869993 0.947258592
85545.694957669999 0.962760150
85546.196061370007 0.976508617
85546.696320179995 1.01385379
85547.196578980002 1.03542244
85547.697682679995 1.03514719
85548.197941480001 1.00332010
85548.698200290004 1.03554058
85549.199344220004 1.05643439
85549.699603019995 1.00613546
85550.199821589995 1.03242266
85550.700965519994 1.00369763
85551.201224329998 0.969579577
85551.701483130004 0.956091225
85552.202586829997 0.958108485
85552.702845630003 0.943406820
85553.203104440006 0.933424354
85553.704208140000 0.967665792
85554.204466940006 0.959031582
85554.704725739997 0.959970176
85555.205869669997 0.931786239
85555.706128480000 0.937848330
85556.206387280006 0.909664810
85556.707490979999 0.854381919
85557.207749780006 0.861388087
85557.708008589994 0.827947319
85558.209112290002 0.807854354
85558.709371089994 0.789379418
85559.209629890000 0.808924139
85559.710733589993 0.808515251
85560.210992399996 0.790310264
85560.711251200002 0.794080913
85561.212395130002 0.749451876
85561.712653929993 0.767513275
85562.213757630001 0.755240798
85562.714016440004 0.767774582
85563.214275239996 0.741481483
85563.715378940004 0.744982600
85564.215637739995 0.771132350
85564.715896549998 0.764387488
85565.217040479998 0.728927791
85565.717299280004 0.723666131
85566.217517850004 0.720291972
85566.718661790001 0.695348203
85567.218920590007 0.712330341
85567.719179389998 0.716101050
85568.220283090006 0.694527924
85568.720541889998 0.699512005
85569.220800700001 0.718515813
85569.721904399994 0.731587946
85570.222163200000 0.712172091
85570.722422000006 0.721334815
85571.223565940003 0.745865047
85571.723824739995 0.679133832
85572.224083540001 0.741543174
85572.725187239994 0.722666979
85573.225446049997 0.699881792
85573.725704850003 0.739778519
85574.226808549996 0.715780318
85574.727067350002 0.720359504
85575.227326149994 0.719007552
85575.728429850002 0.731539667
85576.228688660005 0.715090573
85576.728947459997 0.713334262
85577.230091389996 0.710904062
85577.730350200000 0.716022253
85578.230609000006 0.725318968
85578.731712699999 0.726123750
85579.231971500005 0.699026704
85579.732230309994 0.704414427
85580.233334000004 0.695784032
85580.733592809993 0.726242423
85581.234736740007 0.677175522
85581.734995539999 0.694154978
85582.235214109998 0.692668498
85582.736358049995 0.700212657
85583.236616850001 0.696165204
85583.736875649993 0.699396193
85584.237979350000 0.695213974
85584.738238160004 0.729714513
85585.238496959995 0.724588752
85585.739600660003 0.712319613
85586.239859459994 0.709889591
85586.740118269998 0.677268922
85587.241262199997 0.689260483
85587.741521000004 0.704082251
85588.241779799995 0.715264916
85588.742883500003 0.678062499
85589.243142310006 0.697736025
85589.743401109998 0.708379388
85590.244504810005 0.704871237
85590.744763609997 0.695433140
85591.245022420000 0.698529065
85591.746126119993 0.698659897
85592.246384919999 0.719141304
85592.746643720006 0.693530798
85593.247787650005 0.694200754
85593.748046459994 0.707404256
85594.248305260000 0.710365236
85594.749408959993 0.723568499
85595.249667759999 0.731111348
85595.749926570003 0.746470630
85596.251030269996 0.735415637
85596.751289070002 0.677732170
85597.251547869993 0.673550725
85597.752691810005 0.691874743
85598.252910380004 0.670308828
85598.753169179996 0.666666508
85599.254313109996 0.702239633
85599.754571910002 0.700079501
85600.254830720005 0.695358992
85600.755934419998 0.686056733
85601.256193220004 0.716508150
85601.757296919997 0.642657161
85602.257555720003 0.687931716
85602.757814530007 0.693857074
85603.258958460006 0.681859970
85603.759217259998 0.686572492
85604.259476070001 0.707590163
85604.760579759997 0.706912339
85605.260838570000 0.692220390
85605.761097370007 0.698684573
85606.262201070000 0.690730333
85606.762459870006 0.686549187
85607.262718679995 0.728182673
85607.763822380002 0.708505332
85608.264081179994 0.695700288
85608.764339980000 0.671576738
85609.265483919997 0.669416964
85609.765742720003 0.688546956
85610.266001519994 0.714952946
85610.767105220002 0.701070249
85611.267364030005 0.700392544
85611.767622829997 0.719791412
85612.268726530005 0.699171901
85612.768985329996 0.726250768
85613.269244130002 0.714524269
85613.770388069999 0.727050900
85614.270606639999 0.695787549
85614.770865440005 0.695648849
85615.272009370005 0.680150151
85615.772268179993 0.699817717
85616.272526979999 0.718676567
85616.773630680007 0.677982748
85617.273889479999 0.682964027
85617.774148290002 0.712331831
85618.275251979998 0.681608856
85618.775510790001 0.681739688
85619.276654720001 0.665702879
85619.776913520007 0.678498387
85620.277132090006 0.688329697
85620.777390899995 0.693580151
85621.278534829995 0.713515818
85621.778793630001 0.684545517
85622.279897329994 0.686023533
85622.780156139997 0.707575619
85623.280414940004 0.684264243
85623.781518639997 0.701370180
85624.281777440003 0.710662007
85624.782036239994 0.676707983
85625.283180180006 0.685460985
85625.783438979997 0.696099937
85626.283697780003 0.688012779
85626.784801479997 0.678309023
85627.285060290000 0.706730604
85627.785319090006 0.671430647
85628.286422789999 0.680318058
85628.786681590005 0.709816873
85629.286940399994 0.720724642
85629.788044100002 0.675321817
85630.288302899993 0.704954863
85630.788561699999 0.699697018
85631.289705629999 0.704946697
85631.789964440002 0.698476493
85632.290223239994 0.716658354
85632.791326940001 0.696178317
85633.291585739993 0.704660952
85633.791844549996 0.726614237
85634.292948250004 0.718797028
85634.793207049996 0.701011598
85635.293465850002 0.714478076
85635.794609789999 0.690765917
85636.294828359998 0.716759741
85636.795087160004 0.698570669
85637.296231090004 0.714057386
85637.796489889995 0.699505448
85638.296748699999 0.719033003
85638.797852400006 0.690203011
85639.298111199998 0.704342425
85639.799214900006 0.697603345
85640.299473699997 0.699754477
85640.799732510000 0.676043749
85641.300876440000 0.724530399
85641.801135240006 0.704456568
85642.301394049995 0.684113562
85642.802497740005 0.706064641
85643.302756549994 0.714007378
85643.803015350000 0.719660282
85644.304119049993 0.707533836
85644.804377850000 0.702680826
85645.304636660003 0.743353069
85645.805740359996 0.718027174
85646.305999160002 0.730144918
85646.806257959994 0.713304698
85647.307401900005 0.692962825
85647.807660699997 0.701713324
85648.307919500003 0.699823618
85648.809023199996 0.704533458
85649.309282000002 0.702105045
85649.809540810005 0.716107905
85650.310644509998 0.715295613
85650.810903310005 0.686738968
85651.311162109996 0.700203001
85651.812306049993 0.708548963
85652.312524620007 0.673393667
85652.812783419999 0.708810031
85653.313927349998 0.707189679
85653.814186160002 0.695468664
85654.314444959993 0.710413575
85654.815548660001 0.728590488
85655.315807460007 0.747575223
85655.816066269996 0.726965785
85656.317169960006 0.707703352
85656.817428769995 0.716587484
85657.317687570001 0.724932849
85657.818831500001 0.702842653
85658.319090310004 0.664727092
85658.819308880004 0.661895156
85659.320452810003 0.725319684
85659.820711609995 0.700940669
85660.321815310002 0.652322114
85660.822074120006 0.696488380
85661.322332919997 0.718030572
85661.823436620005 0.732569993
85662.323695419997 0.694860041
85662.823954220003 0.704147577
85663.325098159999 0.700911522
85663.825356960006 0.716123998
85664.325615759997 0.704539001
85664.826719460005 0.695916653
85665.326978269994 0.687698364
85665.827237070000 0.696043015
85666.328340769993 0.714621484
85666.828599569999 0.697381318
85667.328858380002 0.693068206
85667.830002310002 0.712723494
85668.330220880001 0.686057925
85668.830479679993 0.687535048
85669.331623610007 0.673527122
85669.831882419996 0.713110447
85670.332141220002 0.701660931
85670.833244919995 0.705830872
85671.333503720001 0.705288053
85671.833762530005 0.659099698
85672.334866229998 0.674714804
85672.835125030004 0.678346217
85673.335383829995 0.704867244
85673.836527759995 0.694630027
85674.336786569998 0.695433736
85674.837005139998 0.667154610
85675.338149069998 0.668900907
85675.838407870004 0.718175530
85676.338666680007 0.678048432
85676.839770380000 0.678313613
85677.340029180006 0.705775857
85677.841132879999 0.671438932
85678.341391680005 0.665106952
85678.841650489994 0.686779380
85679.342794419994 0.676408350
85679.843053220000 0.702792645
85680.343312030003 0.673842132
85680.844415719999 0.663202047
85681.344674530003 0.673968613
85681.844933329994 0.675714791
85682.346037030002 0.651881099
85682.846295829993 0.718788147
85683.346554639997 0.704513133
85683.847698569996 0.677852511
85684.347917139996 0.701138914
85684.848175940002 0.699519157
85685.349319879999 0.687533259
85685.849578680005 0.711492300
85686.349837479996 0.721854031
85686.850941180004 0.723869026
85687.351199979996 0.729518771
85687.851458789999 0.702859282
85688.352562490007 0.731529236
85688.852821289998 0.700023711
85689.353080090004 0.697327077
85689.854224030001 0.728150427
85690.354482829993 0.682914555
85690.854701400007 0.698795199
85691.355845330007 0.669444680
85691.856104139995 0.674555957
85692.356362940001 0.684513330
85692.857466639995 0.682759166
85693.357725440001 0.686793387
85693.857984240007 0.675616443
85694.359087940000 0.697284639
85694.859346750003 0.695934296
85695.359605549995 0.723390400
85695.860749479994 0.688522339
85696.361008289998 0.706420958
85696.861267090004 0.739126146
85697.362370789997 0.673568487
85697.862629590003 0.717311025
85698.363733289996 0.684193969
85698.863992090002 0.705187976
85699.364250900006 0.687416077
85699.865394830005 0.681085587
85700.365613400005 0.699925542
85700.865872199996 0.691845238
85701.367016139993 0.691033423
85701.867274939999 0.718756497
85702.367533740005 0.710407019
85702.868637439999 0.723054767
85703.368896250002 0.719550848
85703.869155049993 0.724257231
85704.370258750001 0.719676554
85704.870517550007 0.691407502
85705.370776359996 0.676598012
85705.871920289996 0.755733967
85706.372179090002 0.711045027
85706.872397660001 0.733517230
85707.373541590001 0.744279861
85707.873800400004 0.707263410
85708.374059199996 0.716545641
85708.875162900003 0.687201262
85709.375421699995 0.702405214
85709.875680509998 0.709399343
85710.376784210006 0.715720415
85710.877043009998 0.719618917
85711.377301810004 0.707232893
85711.878445740003 0.732933640
85712.378704550007 0.737370312
85712.878963349998 0.720139444
85713.380067050006 0.758086443
85713.880325849997 0.745296776
85714.380584660001 0.716896236
85714.881688359994 0.733713925
85715.381947160000 0.759009659
85715.882205960006 0.777845502
85716.383309659999 0.763172090
85716.883568470003 0.810940981
85717.384712400002 0.835697353
85717.884971199994 0.822638690
85718.385230000000 0.886285722
85718.886333699993 0.889779091
85719.386592509996 0.889773548
85719.886851310002 0.936732471
85720.387955009995 0.922193289
85720.888213810002 0.930127025
85721.388472620005 0.946538329
85721.889616550005 0.933075845
85722.389875349996 0.971151829
85722.890093919996 1.00061524
85723.391237849995 0.952300906
85723.891496659999 0.927939236
85724.391755460005 0.949597776
85724.892859159998 0.890250802
85725.393117960004 0.897511423
85725.893376769993 0.970302045
85726.394480470000 0.902075171
85726.894739270007 0.949164450
85727.394998069998 1.02343345
85727.896142009995 0.981849492
85728.396400810001 0.930712700
85728.896659610007 0.964479804
85729.397763310000 0.980754614
85729.898022120004 0.976577342
85730.398280919995 0.950737417
85730.899384620003 0.957458973
85731.399643419994 0.950994611
85731.899902220001 0.959061563
85732.401005919994 0.922054887
85732.901264729997 0.937387466
85733.401523530003 0.927559733
85733.902667460003 0.950291991
85734.402926270006 0.981365740
85734.903185069998 0.996562958
85735.404288770005 0.991713166
85735.904547569997 1.04269826
85736.405651270004 0.987664461
85736.905910069996 0.995999694
85737.406168879999 1.01186907
85737.907312809999 0.960603535
85738.407571610005 0.974589407
85738.907790180005 0.970547140
85739.408934120002 0.998928070
85739.909192919993 1.01990914
85740.409451719999 0.992323279
85740.910555420007 0.948997259
85741.410814229996 0.989889145
85741.911073030002 1.00037634
85742.412176729995 0.997544825
85742.912435530001 0.981125891
85743.412694330007 1.06815994
85743.913838270004 1.02994716
85744.414097069995 1.03222764
85744.914355870002 0.968051970
85745.415459569995 0.996430695
85745.915718379998 1.01216376
85746.415977180004 1.04377043
85746.917080879997 1.04268765
85747.417339680003 1.02156103
85747.917598490007 1.00823689
85748.418702190000 1.03177154
85748.918960990006 0.999883890
85749.419219789997 0.988577962
85749.920363719997 1.02354634
85750.420622530000 0.981974006
85750.920881330007 0.983851016
85751.421985030000 0.999717534
85751.922243830006 0.973077297
85752.422502639994 1.00293314
85752.923606340002 0.957999468
85753.423865139994 0.915218592
85753.924123940000 0.922610819
85754.425267879997 0.999813735
85754.925486449996 0.971694946
85755.426630379996 0.926493883
85755.926889180002 0.888153315
85756.427147979994 0.908996165
85756.928251680001 0.933201373
85757.428510490005 0.922838509
85757.928769289996 0.992640257
85758.429872990004 1.02504921
85758.930131789995 0.975276709
85759.430390599999 1.00903034
85759.931534529998 1.05825114
85760.431793330004 1.03336191
85760.932011900004 1.00161350
85761.433155830004 1.04935384
85761.933414640007 1.03858733
85762.433673439999 1.03696668
85762.934777140006 1.02552795
85763.435035939998 1.08241248
85763.935294750001 1.01408279
85764.436398449994 0.991077960
85764.936657250000 1.00304139
85765.436916050006 0.925164521
85765.938059990003 0.997110844
85766.438318789995 0.964558005
85766.938577590001 0.971679688
85767.439681289994 0.893267095
85767.939940090000 0.917334437
85768.440198900003 0.921228647
85768.941302599997 0.993575633
85769.441561400003 0.947306633
85769.941820199994 0.988183439
85770.442923900002 0.972711563
85770.943182710005 0.928864300
85771.443441509997 0.918503284
85771.944585439996 0.949024260
85772.444844250000 0.969727874
85772.945103050006 0.925209343
85773.446206749999 0.965680957
85773.946465550005 0.963523090
85774.446724359994 0.965533972
85774.947828050004 0.981799126
85775.448086859993 1.03369963
85775.949230789993 1.04324043
85776.449489589999 1.04000640
85776.949708159998 1.02345967
85777.449966970002 1.06688690
85777.951110900001 1.02748048
85778.451369699993 1.03728998
85778.952473400001 1.06955540
85779.452732210004 0.989137352
85779.952991009995 1.07747495
85780.454094710003 1.05904627
85780.954353509995 0.989386916
85781.454612310001 1.02138269
85781.955756249998 0.990853131
85782.456015050004 1.00052786
85782.956273849995 0.972284615
85783.457377550003 1.00643098
85783.957636360006 1.05630875
85784.457895159998 1.01219964
85784.958998860006 1.01098287
85785.459257659997 0.999681890
85785.959516470000 0.965254843
85786.460620159996 1.03126562
85786.960878970000 1.05263698
85787.461137770006 1.05558801
85787.962281700005 0.954607844
85788.462540509994 1.01604569
85788.962799310000 0.994392514
85789.463903009993 0.955126822
85789.964161809999 0.982144713
85790.464420620003 1.02327919
85790.965524319996 1.01749122
85791.465783120002 0.982125342
85791.966041919994 1.03159451
85792.467185849993 1.03266335
85792.967404430005 0.971216083
85793.467663229996 1.01450002
85793.968807159996 1.04554927
85794.469065960002 1.00104260
85794.970169659995 1.04822433
85795.470428469998 1.01380110
85795.970687270004 1.03382564
85796.471790969998 1.01593876
85796.972049770004 0.980978727
85797.472308580007 0.985005319
85797.973452510007 1.00677705
85798.473711309998 1.02572560
85798.973970120001 1.00394070
85799.475073809997 1.03324020
85799.975332620001 1.05393565
85800.475591420007 1.04357755
85800.976695120000 1.02717030
85801.476953920006 1.00847805
85801.977212729995 0.983736813
85802.478316430002 0.990451634
85802.978575229994 0.976061583
85803.478834030000 1.01382828
85803.979977969997 0.953062236
85804.480236770003 0.965691626
85804.980495569995 1.02604055
85805.481599270002 0.989202440
85805.981858069994 1.06312680
85806.482116879997 1.08166957
85806.983220580005 1.07507586
85807.483479379996 1.03272736
85807.983738180003 1.04495227
85808.484882119999 1.04763365
85808.985100689999 0.988081098
85809.485359490005 1.01791430
85809.986503420005 0.956346512
85810.486762229993 0.993437827
85810.987021030000 1.03832448
85811.488124730007 1.01681185
85811.988383529999 1.03212774
85812.488642330005 1.07298100
85812.989746029998 1.04797399
85813.490004840001 1.07256341
85813.991148770001 1.04339027
85814.491407570007 1.06300640
85814.991666379996 1.03087676
85815.492770080004 1.01635432
85815.993028879995 0.993096054
85816.493287680001 0.954650700
85816.994391379994 0.932065070
85817.494650189998 0.976813793
85817.994908990004 0.993741453
85818.496012689997 0.975187898
85818.996271490003 1.05837286
85819.496530289995 0.985657692
85819.997674230006 0.990892470
85820.497933029998 0.978924751
85820.998191830004 0.981068492
85821.499295529997 0.965606809
85821.999554340000 0.963181257
85822.499813140006 0.950810909
85823.000916839999 0.927958310
85823.501175640005 0.973375380
85824.001434449994 0.997021019
85824.502578379994 1.02778888
85825.002796949993 1.00171113
85825.503055749999 1.01379895
85826.004199679999 1.00425088
85826.504458490002 0.972932875
85827.004717289994 1.02157271
85827.505820990002 1.01014340
85828.006079789993 1.00973344
85828.506338599997 0.974384785
85829.007442300004 0.997088194
85829.507701099996 1.02919769
85830.007959900002 1.00339043
85830.509103830002 1.01829934
85831.009362640005 1.00109243
85831.509581210004 0.983348370
