85318.004178999996 0.955336332
85321.002231999999 0.979657769
85324.000323999993 0.921065509
85325.996169000005 0.912187278
85329.002871999997 0.947565317
85332.000964999999 0.947309494
85334.999058000001 0.964221120
85337.997109999997 0.954788864
85341.003853000002 0.992577493
85344.001906000005 1.03524494
85345.997751000003 0.964103460
85348.995844000005 1.00562239
85355.000639000005 1.07797289
85357.998731999993 1.09755182
85360.996784000003 1.10606396
85363.001279999997 0.965716064
85365.999372000006 0.998861492
85368.997424999994 1.00091922
85372.004167999999 0.943780601
85375.002219999995 1.03083408
85378.000312999997 1.05681849
85383.002861000001 0.947637260
85386.000954000003 0.953341126
85388.999045999997 0.972103417
85391.997138999999 0.978837430
85395.003842000006 1.15957510
85398.001934999993 1.05381620
85399.997780000005 1.04198384
85402.995832000001 0.966388106
85406.002575000006 0.943644345
85409.000627999994 0.955544293
85411.998720000003 0.948626459
85414.996813000005 0.928362489
85418.003515999997 0.945022345
85419.999360999995 0.942768455
85422.997453999997 0.940732002
85426.004155999995 0.902328968
85429.002248999997 0.948596716
85432.000302000000 1.02831995
85437.996486999997 0.975401461
85440.000941999999 1.10086322
85442.999035000001 0.932894349
85445.997128000003 1.26229668
85452.001923000003 0.990169168
85455.000016000005 1.06884861
85456.995821000004 1.29002512
85460.002563999995 1.23307538
85468.996801999994 1.08867729
85472.003505000001 0.993285894
85475.001596999995 1.00636423
85476.997443000000 1.02608645
85480.004144999999 1.02621305
85483.002238000001 1.10029447
85486.000331000003 0.949271023
85488.998382999998 1.00567460
85494.000971000001 1.25928366
85499.997117000006 1.09946358
85503.003859999997 0.951915443
85506.001912000007 0.988684654
85509.000004999994 0.934422135
85511.998097999996 0.935229897
85514.002552999998 0.974949360
85517.000644999993 1.01597226
85519.998737999995 1.01660335
85526.003534000003 1.02975190
85529.001585999998 0.993344843
85530.997430999996 0.955194533
85534.004174000002 1.00962424
85537.002227000004 0.971658409
85540.000318999999 1.00932121
85545.996465000004 0.966368258
85549.003207999995 0.957300127
85550.999053000007 0.925428033
85553.997105000002 0.953868866
85557.003847999993 0.968430698
85560.001900999996 1.05858660
85562.999993999998 0.977314055
85565.998086000007 1.04127109
85568.996178999994 0.983774185
85571.000633999996 1.10488379
85573.998726999998 1.34195113
85576.996820000000 0.967151999
85580.003521999999 1.01190221
85583.001615000001 0.972434640
85585.999668000004 0.939368963
85588.004163000005 0.946990132
85591.002256000007 0.886204123
85594.000308000002 0.690939426
85596.998401000004 0.599117637
85599.996494000006 0.485237271
85603.003196000005 0.465270996
85604.999041999996 0.452325970
85607.997134000005 0.437356919
85611.003836999997 0.461608976
85614.001929999999 0.465310216
85616.999981999994 0.585912585
85619.998074999996 0.592222691
85625.000623000000 0.571219802
85637.001604000005 0.543762326
85639.999697000007 0.417641342
85642.997749000002 0.462001890
85645.002244000003 0.436651170
85648.000337000005 0.460171223
85650.998389999993 0.453609556
85660.001277999996 0.734591305
85665.003826000000 0.601918817
85668.001917999994 0.561980128
85671.000010999996 0.565908194
85673.998063999999 0.576735795
85676.996157000001 0.560636997
85691.001592999994 0.573548436
85693.999685000003 0.685341954
85696.997778000004 0.565330625
85699.995830999993 0.504094124
85702.000325999994 0.509875715
85707.996471000006 0.476669908
85711.003213999997 0.588473618
85714.001267000000 0.473358929
85719.997451999996 0.590847850
85722.001906999998 0.496664673
85725.000000000000 0.551162124
85730.996144999997 0.502094567
85737.000941000006 0.583368719
85738.996786000003 0.536077380
85742.003528999994 0.454301000
85745.001581000004 0.445999414
85747.999674000006 0.444736600
85750.997766999993 0.468448043
85753.995859999995 0.581827164
85757.002561999994 0.717834055
85758.998407000006 0.833027720
85761.996459999995 0.858148873
85765.003203000000 1.12668717
85773.997441000000 1.12888789
85776.001936000001 1.03453732
85778.999989000004 1.19189501
85784.996174000000 1.06750929
85788.002877000006 1.00263989
85793.999022000004 1.16289020
85796.003517999998 1.07569504
85799.001610000007 0.969651580
85801.999662999995 0.982083201
85804.997755999997 1.03303468
85807.995848000006 1.02545238
85811.002550999998 1.01562548
85814.000644000000 1.07964826
85815.996488999997 0.985227466
85819.003192000004 1.02936482
85822.001283999998 1.00596011
85824.999377000000 1.00592649
85831.004172999994 1.01480532
85833.000018000006 1.04979753
85835.998070000001 0.989682376
85838.996163000003 0.960179031
85842.002865999995 0.955903351
85845.000958000004 0.922712624
85847.999051000006 0.978230059
85850.003505999994 0.926470995
85853.001598999996 0.944589555
85855.999691999998 0.974227786
85861.995836999995 0.912711382
85865.002580000000 0.918959498
85868.000633000003 0.939104736
85869.996478000001 0.918977678
85873.003180000000 0.956407011
85876.001273000002 0.957545280
85878.999366000004 0.919767261
85885.004161000004 0.924171984
85888.002254000006 0.965823412
85889.998099000004 0.976985693
85892.996152000007 0.933662653
85896.002894999998 0.982401729
85899.000946999993 1.00384605
85901.999039999995 0.987086535
85904.997132999997 1.09675455
85909.999681000001 1.06531763
85912.997772999996 0.985227048
85915.995825999998 0.932866871
85919.002569000004 0.985735416
85922.000620999999 0.956215918
85927.003209000002 1.04950368
85930.001262000005 1.17213774
85935.997447000002 1.25567830
85942.002242999995 1.12127960
85946.996140000003 1.17484951
85950.002882999994 0.919796526
85953.000975999996 0.950167775
85955.999028999999 0.990409970
85958.997120999993 0.963846564
85962.003823999999 0.984632373
85963.999668999997 0.911771715
85966.997761999999 0.987547874
85969.995855000001 0.987662077
85973.002557000000 1.01134646
85978.998703000005 1.02127671
85981.996796000007 0.981310546
85985.003538000004 0.989169717
85986.999343000003 0.948526859
85989.997436000005 0.980843902
85993.004178999996 0.972683370
85996.002231999999 1.01826823
85999.000323999993 0.983900428
86001.998416999995 1.04116201
86004.996469999998 0.946306288
86007.000964999999 1.07049763
86009.999058000001 0.972183406
86012.997109999997 0.985418975
86016.003853000002 1.00372553
86024.998091000001 1.18146646
86027.002546000003 1.06952667
86030.000639000005 0.944936156
86032.998731999993 1.01836526
86035.996784000003 1.01208031
86039.003526999993 0.960673213
86042.001619999995 0.883526564
86043.997424999994 0.890209675
86047.004167999999 0.947345555
86050.002219999995 1.06510353
86058.996499000001 1.18713427
86061.000954000003 1.14828336
86063.999045999997 0.991307914
