85526.097481599994 1.02910340
85526.201992200004 0.953339398
85526.306502799998 1.04505706
85526.411013400008 0.998320341
85526.515524000002 1.00946951
85526.620034599997 0.990675271
85526.724545200006 1.02070165
85526.829055900002 0.999698937
85526.933566499996 0.866212487
85527.038077100005 1.07021153
85527.142587700000 1.01449096
85527.247098299995 1.03983343
85527.351608900004 1.12049592
85527.456119499999 1.04067826
85527.560630100008 1.02660525
85527.665140700003 1.00715983
85527.769651299997 0.896284759
85527.874161900007 1.06292140
85527.978672500001 0.977613211
85528.083183099996 1.00588620
85528.187693700005 1.02946234
85528.292204300000 0.940599263
85528.396714899995 0.979712427
85528.501225500004 0.976097047
85528.605736099998 0.935870230
85528.710246800008 0.930203915
85528.814757400003 0.962695420
85528.919267999998 0.993986487
85529.023778600007 1.04310298
85529.128289200002 1.04508102
85529.232799799996 0.927349031
85529.337310400006 0.963885486
85529.441821000000 0.921304405
85529.546331599995 0.976207018
85529.650842200004 0.956613600
85529.755352799999 1.02899992
85529.859863400008 1.01954961
85529.964374000003 1.13308227
85530.068884599998 0.897557855
85530.173395200007 0.972260296
85530.277905800001 0.935943961
85530.382416399996 0.970560133
85530.486927000005 0.928601623
85530.591437600000 1.06538224
85530.695948299996 1.06887031
85530.800458900005 1.03253806
85530.904969499999 0.974164367
85531.009480100009 1.09457934
85531.113990700003 1.02765703
85531.218501299998 0.959853411
85531.323011900007 0.919741213
85531.427522500002 1.02098167
85531.532033099997 0.961762130
85531.636543700006 1.01267600
85531.741054300001 0.931745410
85531.845564899995 0.929991901
85531.950075500004 0.981238306
85532.054586099999 1.00119543
85532.159096700008 1.00818908
85532.263607300003 0.982331693
85532.368117899998 0.991568625
85532.472628500007 0.944692552
85532.577139200002 1.04434013
85532.681649799997 0.992324829
85532.786160400006 0.920797408
85532.890671000001 0.959915698
85532.995181599996 0.980444968
85533.099692200005 0.929803789
85533.204202800000 0.922052383
85533.308713400009 0.848017931
85533.413224000004 1.05158234
85533.517734599998 0.962738693
85533.622245200007 1.03136587
85533.726755800002 0.949380755
85533.831266399997 0.883112311
85533.935777000006 0.984152675
85534.040287600001 1.01015472
85534.144798199995 0.954018533
85534.249308800005 0.959376037
85534.353819399999 1.02979147
85534.458329999994 0.944277883
85534.562840700004 1.03190982
85534.667351299999 0.982711375
85534.771861900008 1.03112841
85534.876372500003 0.928889573
85534.980883099997 0.962504864
85535.085393700007 1.04351902
85535.189904300001 0.948269069
85535.294414899996 0.973570466
85535.398925500005 1.00163257
85535.503436100000 0.987838447
85535.607946699994 0.925798416
85535.712457300004 0.954687893
85535.816967899998 1.01092291
85535.921478500008 1.01621938
85536.025989100002 1.04987633
85536.130499699997 0.938889444
85536.235010300006 0.965024889
85536.339520900001 0.949446499
85536.444031499996 0.970918655
85536.548542200006 1.06581962
85536.653052800000 1.05781734
85536.757563399995 0.991311491
85536.862074000004 0.993289173
85536.966584599999 0.869231939
85537.071095200008 0.964240730
85537.175605800003 1.02168930
85537.280116399997 1.00447941
85537.384627000007 0.953449845
85537.489137600001 0.976229906
85537.593648199996 0.999705017
85537.698158800005 0.960217774
85537.802669400000 1.04782546
85537.907179999995 1.03310442
85538.011690600004 1.00036776
85538.116201199999 1.05517483
85538.220711800008 0.960229576
85538.325222400003 0.933790028
85538.429732999997 0.972294867
85538.534243700007 0.988531947
85538.638754300002 1.03395379
85538.743264899997 1.00324130
85538.847775500006 0.936712146
85538.952286100000 1.02084160
85539.056796699995 1.03059876
85539.161307300004 0.973599374
85539.265817899999 1.01734006
85539.370328500008 1.09522510
85539.474839100003 1.12514377
85539.579349699998 0.958884001
85539.683860300007 1.12182081
85539.788370900002 1.04333186
85539.892881499996 1.02559674
85539.997392100006 1.02364194
85540.101902700000 1.03159726
85540.206413299995 1.00990248
85540.310923900004 0.963890374
85540.415434499999 1.03468823
85540.519945200009 1.09853244
85540.624455800003 1.05529642
85540.728966399998 1.00127554
85540.833477000007 1.07738519
85540.937987600002 0.987387955
85541.042498199997 1.04057276
85541.147008800006 1.01991904
85541.251519400001 0.923970878
85541.356029999995 0.991862059
85541.460540600005 0.898914993
85541.565051199999 0.899349928
85541.669561799994 0.947697759
85541.774072400003 0.999990702
85541.878582999998 0.918023109
85541.983093600007 0.980611086
85542.087604200002 0.961782575
85542.192114799996 0.951476336
85542.296625400006 0.929578900
85542.401136100001 1.05662286
85542.505646699996 0.945583165
85542.610157300005 1.06576121
85542.714667900000 0.945116758
85542.819178499994 0.969624996
85542.923689100004 1.01129127
85543.028199699998 0.986638308
85543.132710300008 1.02125597
85543.237220900002 1.02817583
85543.341731499997 0.961731672
85543.446242100006 1.07318151
85543.550752700001 1.01211762
85543.655263299996 1.12099850
85543.759773900005 0.994520485
85543.864284399999 1.04595733
85543.968795099994 0.958115101
85544.073305700003 0.861053169
85544.177816299998 0.961169600
85544.282326900007 0.928315938
85544.386837600003 0.972898483
85544.491348199997 0.935538173
85544.595858800007 0.986388266
85544.700369400001 1.04695725
85544.804879999996 1.06995177
85544.909390600005 0.982213914
85545.013901200000 0.995823979
85545.118411799995 1.07875490
85545.222922400004 1.03026688
85545.327432999999 0.930062056
85545.431943600008 0.958485365
85545.536454200002 1.05574358
85545.640964799997 1.02663839
85545.745475400006 1.00748527
85545.849986000001 0.990685821
85545.954496599996 0.940589905
85546.059007200005 1.01892281
85546.163517800000 0.925269246
85546.268028399994 0.922502518
85546.372539100004 1.05932260
85546.477049699999 0.907063663
85546.581560300008 1.06450140
85546.686070900003 1.03604352
85546.790581499998 0.992582560
85546.895092100007 1.10305023
85546.999602700002 1.06056833
85547.104113299996 0.934780359
85547.208623900005 1.05293334
85547.313134500000 1.11396670
85547.417645099995 1.10829568
85547.522155700004 0.919103742
85547.626666299999 0.999793947
85547.731176900008 1.02335680
85547.835687500003 1.04571044
85547.940198099997 0.923066974
85548.044708700007 1.10420883
85548.149219300001 0.933240950
85548.253729899996 0.995795786
85548.358240600006 1.04621279
85548.462751200001 0.982902527
85548.567261799995 1.02772331
85548.671772400005 1.02549815
85548.776282999999 0.968193889
85548.880793599994 1.00865602
85548.985304200003 1.04589117
85549.089814799998 1.05944467
85549.194325400007 0.967925608
85549.298836000002 0.963879943
85549.403346599996 0.956322730
85549.507857200006 0.864961684
85549.612367800000 0.927711487
85549.716878399995 0.924824715
85549.821389000004 1.00448191
85549.925899599999 1.05762851
85550.030410200008 1.03376067
85550.134920800003 1.05870092
85550.239431499998 1.06413734
85550.343942100008 0.940984666
85550.448452700002 1.04415512
85550.552963299997 1.02925467
85550.657473900006 1.00831509
85550.761984500001 1.06932366
85550.866495099996 1.06637967
85550.971005700005 0.986080468
85551.075516299999 1.07611775
85551.180026899994 0.941318870
85551.284537500003 1.01614666
85551.389048099998 1.03044677
85551.493558700007 1.01973104
85551.598069300002 0.940100670
85551.702579899997 0.978135049
85551.807090500006 0.972760499
85551.911601100001 1.04496479
85552.016111699995 0.947385490
85552.120622300004 0.992204010
85552.225133000000 1.00214422
85552.329643599995 0.918464422
85552.434154200004 0.917116642
85552.538664799999 1.00672615
85552.643175400008 1.00704885
85552.747686000002 1.05502427
85552.852196599997 0.947771072
85552.956707200006 0.957249641
85553.061217800001 1.04365325
85553.165728399996 0.942282140
85553.270239000005 1.09079349
85553.374749600000 0.977855206
85553.479260199994 1.00293875
85553.583770800004 1.02326834
85553.688281399998 0.983986557
85553.792792000007 0.987651706
85553.897302600002 1.01549602
85554.001813199997 1.02646065
85554.106323800006 1.01954055
85554.210834500002 1.04937530
85554.315345099996 1.07173038
85554.419855700005 1.01924157
85554.524366300000 1.00606394
85554.628876899995 1.00743449
85554.733387500004 0.965329349
85554.837898099999 1.04268360
85554.942408700008 1.04854906
85555.046919300003 1.05946457
85555.151429899997 1.00668430
85555.255940500007 0.966145098
85555.360451100001 0.977355182
85555.464961699996 0.998767376
85555.569472300005 0.935007393
85555.673982900000 0.995159090
85555.778493499995 0.999496818
85555.883004100004 0.925434530
85555.987514699998 1.02086508
85556.092025400008 1.01640499
85556.196536000003 0.965016305
85556.301046599998 0.946521878
85556.405557200007 0.987925828
85556.510067800002 1.05086398
85556.614578399996 0.975808680
85556.719089000006 1.00479460
85556.823599600000 1.02809143
85556.928110199995 0.996549070
85557.032620800004 1.05584705
85557.137131399999 0.969602466
85557.241642000008 1.00170600
85557.346152600003 1.07207727
85557.450663199998 1.00231421
85557.555173800007 0.957558274
85557.659684400001 0.991494477
85557.764194999996 0.960272670
85557.868705600005 1.06445241
85557.973216200000 1.11836708
85558.077726899995 0.961932302
85558.182237500005 1.01685226
85558.286748099999 0.970806003
85558.391258699994 1.06762338
85558.495769300003 0.975414276
85558.600279899998 0.947460830
85558.704790500007 0.986233950
85558.809301100002 1.05198169
85558.913811699997 1.02097797
85559.018322300006 0.963547707
85559.122832900001 0.963490427
85559.227343499995 0.961522520
85559.331854100004 0.987190604
85559.436364699999 1.06941068
85559.540875300008 1.10173690
85559.645385900003 1.07654309
85559.749896499998 1.02327228
85559.854407100007 1.04517376
85559.958917700002 1.00092030
85560.063428399997 1.06556654
85560.167939000006 0.935115397
85560.272449600001 1.00996912
85560.376960199996 0.988493323
85560.481470800005 1.03998232
85560.585981400000 0.997563183
85560.690491999994 0.959614635
85560.795002600003 1.04552221
85560.899513199998 1.03296936
85561.004023800007 1.05172646
85561.108534400002 0.944428682
85561.213044999997 1.11357653
85561.317555600006 1.06023991
85561.422066200001 1.03759670
85561.526576799995 1.06007814
85561.631087400005 0.963256717
85561.735597999999 0.921949983
85561.840108600009 0.979385018
85561.944619200003 0.999911070
85562.049129899999 1.01124847
85562.153640500008 0.944798768
85562.258151100003 0.983042419
85562.362661699997 0.990410328
85562.467172300006 0.931009889
85562.571682900001 1.01633883
85562.676193499996 0.963380575
85562.780704100005 1.03051186
85562.885214700000 0.963324785
85562.989725299994 1.06654298
85563.094235900004 1.08975053
85563.198746499998 1.00663257
85563.303257100008 1.00238585
85563.407767700002 1.03514481
85563.512278299997 1.02216685
85563.616788900006 1.00211918
85563.721299500001 0.938044131
85563.825810099996 0.929728687
85563.930320700005 0.951229692
85564.034831400000 1.03673482
85564.139341999995 1.05411339
85564.243852600004 1.09733379
85564.348363199999 1.00742245
85564.452873800008 0.965156674
85564.557384400003 1.02199304
85564.661894999997 1.01269817
85564.766405600007 1.09693372
85564.870916200001 0.989536226
85564.975426799996 1.01351452
85565.079937400005 0.954741240
85565.184448000000 1.00853574
85565.288958599995 0.937561810
85565.393469200004 1.15248203
85565.497979799999 1.00680017
85565.602490400008 0.957478523
85565.707001000002 1.05743456
85565.811511599997 1.13252425
85565.916022200006 1.06897080
85566.020532900002 0.967817724
85566.125043499997 1.01918566
85566.229554100006 0.986695170
85566.334064700000 1.07403362
85566.438575299995 1.13193381
85566.543085900004 0.927867532
85566.647596499999 1.06188834
85566.752107100008 1.01569366
85566.856617700003 1.01267469
85566.961128299998 0.965088367
85567.065638900007 1.05426812
85567.170149500002 1.02236426
85567.274660099996 0.955810368
85567.379170700005 1.03892374
85567.483681300000 0.961963177
85567.588191899995 1.04106379
85567.692702500004 1.03815413
85567.797213099999 1.09421396
85567.901723700008 0.990430892
85568.006234400003 1.06067276
85568.110744999998 0.974771261
85568.215255600007 1.13186312
85568.319766200002 0.963601649
85568.424276799997 0.950327992
85568.528787400006 1.02911770
85568.633298000001 1.01641190
85568.737808599995 1.03615737
85568.842319200005 1.02862358
85568.946829799999 1.01020873
85569.051340400008 1.11664689
85569.155851000003 1.02017057
85569.260361599998 1.06611681
85569.364872200007 1.06520593
85569.469382800002 0.977674663
85569.573893399996 1.10454524
85569.678404000006 1.02445066
85569.782914600000 1.01424241
85569.887425199995 0.912408471
85569.991935900005 1.00377989
85570.096446500000 1.07252741
85570.200957099994 1.05018187
85570.305467700004 1.01302922
85570.409978299998 1.06679523
85570.514488900008 1.05317008
85570.618999500002 1.02945936
85570.723510099997 1.08948827
85570.828020700006 1.05212283
85570.932531300001 1.09599423
85571.037041899996 0.982714117
85571.141552500005 0.837390840
85571.246063099999 0.898525119
85571.350573700009 0.999745429
85571.455084300003 0.997463107
85571.559594899998 0.994738698
85571.664105500007 1.05980718
85571.768616100002 0.960429668
85571.873126699997 1.07970524
85571.977637400007 1.09413624
85572.082148000001 1.03520668
85572.186658599996 1.08800495
85572.291169200005 0.958038867
85572.395679800000 1.08298361
85572.500190399995 0.994615316
85572.604701000004 1.10875583
85572.709211599999 0.909188151
85572.813722200008 0.983616710
85572.918232800002 1.13234103
85573.022743399997 1.06896591
85573.127254000006 0.993885517
85573.231764600001 1.00164080
85573.336275199996 1.09259224
85573.440785800005 1.04460609
85573.545296400000 0.958263338
85573.649807000009 1.00069094
85573.754317700004 0.912696779
85573.858828299999 0.966231465
85573.963338900008 1.08532560
85574.067849500003 1.06859744
85574.172360099998 1.07079101
85574.276870700007 1.12498939
85574.381381300002 0.936540067
85574.485891899996 0.998961687
85574.590402500005 0.958810925
85574.694913100000 0.964224517
85574.799423699995 1.00080156
85574.903934400005 1.06316543
85575.008444999999 1.04131782
85575.112955599994 1.00514245
85575.217466200003 0.938273489
85575.321976799998 1.02859950
85575.426487400007 1.01700604
85575.530998000002 1.06188893
85575.635508599997 1.00111210
85575.740019200006 0.978056490
85575.844529800001 0.971017182
85575.949040399995 1.08030069
85576.053551000005 0.984516263
85576.158061599999 0.940836728
85576.262572200008 1.02388275
85576.367082800003 1.06579459
85576.471593399998 0.997878730
85576.576104000007 0.999959707
85576.680614600002 1.00083828
85576.785125199996 1.12410009
85576.889635900006 1.03395915
85576.994146500001 1.08110058
85577.098657099996 0.999049783
85577.203167700005 1.00011611
85577.307678300000 0.963747442
85577.412188899994 0.977161407
85577.516699500004 1.03578615
85577.621210099998 1.02572668
85577.725720700008 1.08964241
85577.830231300002 1.05799294
85577.934741899997 1.07878101
85578.039252500006 1.12057042
85578.143763100001 1.07611668
85578.248273699995 0.893850565
85578.352784300005 0.991370201
85578.457294899999 1.00735760
85578.561805500009 1.03962195
85578.666316100003 0.929344058
85578.770826699998 1.04760420
85578.875337400008 0.965361416
85578.979848000003 1.01104188
85579.084358599997 1.06618476
85579.188869200007 1.15153730
85579.293379800001 1.01762056
85579.397890399996 0.946128845
85579.502401000005 0.996642113
85579.606911600000 1.02438128
85579.711422199995 1.03268588
85579.815932800004 0.998293400
85579.920443399998 0.978032410
85580.024954000008 1.03885388
85580.129464600002 0.932276547
85580.233975199997 0.990020394
85580.338485800006 1.04810357
85580.442996400001 1.01195288
85580.547506999996 1.10599506
85580.652017600005 1.05931103
85580.756528200000 1.02239895
85580.861038800009 0.970545232
85580.965549500004 0.972251594
85581.070060099999 0.954407394
85581.174570700008 1.01067662
85581.279081300003 0.972994447
85581.383591899998 1.02991199
85581.488102500007 1.03233910
85581.592613100001 0.963015616
85581.697123699996 1.03651941
85581.801634300005 0.984485090
85581.906144900000 0.931019366
85582.010655499995 1.00889194
85582.115166100004 0.927260697
85582.219676699999 0.994970322
85582.324187300008 1.02645743
85582.428697900003 1.01789522
85582.533208499997 0.960842431
85582.637719100007 1.03611219
85582.742229700001 1.04333389
85582.846740299996 0.970524251
85582.951251000006 1.02230918
85583.055761600001 0.970459938
85583.160272199995 1.02018440
85583.264782800004 1.01759970
85583.369293399999 1.00322092
85583.473804000008 1.03215063
85583.578314600003 1.05339086
85583.682825199998 0.912653387
85583.787335800007 0.936045825
85583.891846400002 0.893456697
85583.996356999996 0.881737888
85584.100867600006 0.946028352
85584.205378200000 0.956304848
85584.309888799995 0.906868041
85584.414399400004 0.944967806
85584.518909999999 0.889586151
85584.623420600008 0.957483828
85584.727931200003 0.903496802
85584.832441899998 0.868081808
85584.936952500007 0.899239123
85585.041463100002 0.947996497
85585.145973699997 0.869126916
85585.250484300006 0.826477408
85585.354994900001 1.00398588
85585.459505499995 0.910716414
85585.564016100005 0.927210271
85585.668526699999 0.865252495
85585.773037300009 0.880170166
85585.877547900003 0.865929842
85585.982058499998 0.888848424
85586.086569100007 0.854026198
85586.191079700002 0.796822309
85586.295590299997 0.699628651
85586.400100900006 0.817927122
85586.504611500000 0.822611630
85586.609122099995 0.792067409
85586.713632700004 0.751787484
85586.818143400000 0.782328546
85586.922653999995 0.774701238
85587.027164600004 0.757976711
85587.131675199998 0.812258303
85587.236185800008 0.755711257
85587.340696400002 0.781050384
85587.445206999997 0.755952418
85587.549717600006 0.776426077
85587.654228200001 0.724333286
85587.758738799996 0.719425797
85587.863249400005 0.731399477
85587.967760000000 0.703163743
85588.072270600009 0.647342205
85588.176781200003 0.722785354
85588.281291799998 0.662134051
85588.385802400007 0.746212780
85588.490313000002 0.728380561
85588.594823599997 0.652280986
85588.699334200006 0.637227118
85588.803844900001 0.619273067
85588.908355499996 0.690185964
85589.012866100005 0.613503337
85589.117376700000 0.619349003
85589.221887299995 0.688975394
85589.326397900004 0.602542996
85589.430908499999 0.628058732
85589.535419100008 0.627273083
85589.639929700003 0.633386314
85589.744440299997 0.624220550
85589.848950900006 0.647398114
85589.953461500001 0.578222096
85590.057972099996 0.604139686
85590.162482700005 0.526667237
85590.266993300000 0.600125611
85590.371503899994 0.613486230
85590.476014500004 0.647158682
85590.580525099998 0.645826638
85590.685035700008 0.649573445
85590.789546400003 0.612699509
85590.894056999998 0.584368765
85590.998567600007 0.571253598
85591.103078200002 0.581675529
85591.207588799996 0.576330185
85591.312099400006 0.516988575
85591.416610000000 0.517200768
85591.521120599995 0.564302683
85591.625631200004 0.500439286
85591.730141799999 0.545387983
85591.834652400008 0.542522192
85591.939163000003 0.552750647
85592.043673599997 0.547866285
85592.148184200007 0.525562048
85592.252694800001 0.550941706
85592.357205399996 0.538338661
85592.461716000005 0.509714425
85592.566226600000 0.512765527
85592.670737199995 0.495859981
85592.775247900005 0.531638265
85592.879758499999 0.453929663
85592.984269100009 0.483604789
85593.088779700003 0.526864588
85593.193290299998 0.512048066
85593.297800900007 0.482124805
85593.402311500002 0.532801688
85593.506822099996 0.467339933
85593.611332700006 0.482951641
85593.715843300000 0.457219094
85593.820353899995 0.493239671
85593.924864500004 0.499926358
85594.029375099999 0.462881207
85594.133885700008 0.410369545
85594.238396300003 0.482112199
85594.342906899998 0.537707746
85594.447417500007 0.453187048
85594.551928100002 0.429176539
85594.656438799997 0.431245744
85594.760949400006 0.458295971
85594.865460000001 0.503973186
85594.969970599996 0.500319600
85595.074481200005 0.471356511
85595.178991799999 0.449337363
85595.283502400009 0.499212086
85595.388013000003 0.509509683
85595.492523599998 0.507373154
85595.597034200007 0.478596449
85595.701544800002 0.434011042
85595.806055399997 0.454262584
85595.910566000006 0.489412695
85596.015076600001 0.512906611
85596.119587199995 0.401431173
85596.224097800005 0.459296197
85596.328608399999 0.469233602
85596.433118999994 0.444535494
85596.537629600003 0.469677657
85596.642140299999 0.400805593
85596.746650900008 0.410119534
85596.851161500002 0.417345941
85596.955672099997 0.457472801
85597.060182700006 0.393381119
85597.164693300001 0.460734338
85597.269203899996 0.485336393
85597.373714500005 0.465176016
85597.478225100000 0.464117348
85597.582735699994 0.451496810
85597.687246300004 0.428823680
85597.791756899998 0.495387912
85597.896267500008 0.467835784
85598.000778100002 0.472316235
85598.105288699997 0.424422085
85598.209799300006 0.460553408
85598.314309900001 0.419581205
85598.418820499995 0.487618774
85598.523331100005 0.496095240
85598.627841800000 0.458671331
85598.732352399995 0.432033837
85598.836863000004 0.454722911
85598.941373599999 0.433517873
85599.045884200008 0.447390646
85599.150394800003 0.419899106
85599.254905399997 0.470515221
85599.359416000007 0.429660320
85599.463926600001 0.431981951
85599.568437199996 0.459853917
85599.672947800005 0.443917125
85599.777458400000 0.527489185
85599.881968999995 0.463496774
85599.986479600004 0.390613645
85600.090990199998 0.399681419
85600.195500800008 0.375392050
85600.300011400002 0.446649879
85600.404521999997 0.435131311
85600.509032600006 0.402991027
85600.613543200001 0.487228483
85600.718053899996 0.501115322
85600.822564500006 0.406078935
85600.927075100000 0.376627892
85601.031585699995 0.456743389
85601.136096300004 0.419377744
85601.240606899999 0.472225338
85601.345117500008 0.422470391
85601.449628100003 0.409466833
85601.554138699998 0.411002338
85601.658649300007 0.425346404
85601.763159900001 0.448259354
85601.867670499996 0.473895013
85601.972181100005 0.428436100
85602.076691700000 0.454583168
85602.181202299995 0.406894654
85602.285712900004 0.463046223
85602.390223499999 0.436408579
85602.494734100008 0.363595366
85602.599244700003 0.479245424
85602.703755399998 0.438717902
85602.808266000007 0.383721381
85602.912776600002 0.488699645
85603.017287199997 0.413707078
85603.121797800006 0.461575657
85603.226308400001 0.444237322
85603.330818999995 0.440446436
85603.435329600004 0.413064599
85603.539840199999 0.432673365
85603.644350800008 0.435135692
85603.748861400003 0.443572670
85603.853371999998 0.422468960
85603.957882600007 0.449544340
85604.062393200002 0.458112150
85604.166903799996 0.456211686
85604.271414400006 0.465724587
85604.375925000000 0.431833059
85604.480435599995 0.400709867
85604.584946200004 0.433167100
85604.689456900000 0.491707563
85604.793967500009 0.381899267
85604.898478100004 0.433666140
85605.002988699998 0.439794421
85605.107499300007 0.470040798
85605.212009900002 0.416603416
85605.316520499997 0.499876469
85605.421031100006 0.421351254
85605.525541700001 0.439334780
85605.630052299995 0.421962738
85605.734562900005 0.428555727
85605.839073499999 0.452854753
85605.943584099994 0.424589038
85606.048094700003 0.397699982
85606.152605299998 0.458207577
85606.257115900007 0.386934876
85606.361626500002 0.454690754
85606.466137099997 0.441438138
85606.570647700006 0.445095867
85606.675158300000 0.450256914
85606.779668999996 0.450156987
85606.884179600005 0.395223558
85606.988690200000 0.420732707
85607.093200799995 0.409687191
85607.197711400004 0.405402988
85607.302221999998 0.382833928
85607.406732600008 0.395710826
85607.511243200002 0.413466185
85607.615753799997 0.413393229
85607.720264400006 0.407163411
85607.824775000001 0.416029245
85607.929285599996 0.508897305
85608.033796200005 0.455792010
85608.138306800000 0.427516073
85608.242817399994 0.437795281
85608.347328000003 0.460775197
85608.451838599998 0.380139798
85608.556349200007 0.410010576
85608.660859800002 0.392011225
85608.765370399997 0.423301011
85608.869881100007 0.391318947
85608.974391700001 0.419667155
85609.078902299996 0.398116231
85609.183412900005 0.416048557
85609.287923500000 0.424135178
85609.392434099995 0.378351152
85609.496944700004 0.403220862
85609.601455299999 0.418039560
85609.705965900008 0.420067221
85609.810476500003 0.422077864
85609.914987099997 0.420183092
85610.019497700006 0.381763667
85610.124008300001 0.402393073
85610.228518899996 0.417447835
85610.333029500005 0.425657839
85610.437540100000 0.381215543
85610.542050699994 0.415931433
85610.646561300004 0.452161938
85610.751071899998 0.395297378
85610.855582500008 0.396615565
85610.960093200003 0.360128671
85611.064603799998 0.403185606
85611.169114400007 0.390442759
85611.273625000002 0.349188954
85611.378135599996 0.377381682
85611.482646200006 0.430585206
85611.587156800000 0.402481019
85611.691667399995 0.399173945
85611.796178000004 0.381081343
85611.900688599999 0.425863028
85612.005199200008 0.374858588
85612.109709800003 0.427599907
85612.214220399997 0.418761522
85612.318731000007 0.410516709
85612.423241600001 0.377885014
85612.527752199996 0.403158724
85612.632262800005 0.380746484
85612.736773400000 0.460882753
85612.841283999995 0.434835702
85612.945794700005 0.474527210
85613.050305299999 0.427261442
85613.154815899994 0.428857595
85613.259326500003 0.381964743
85613.363837099998 0.419689178
85613.468347700007 0.417110413
85613.572858300002 0.434768289
85613.677368899997 0.405298442
85613.781879500006 0.334490329
85613.886390100000 0.407529622
85613.990900699995 0.461564094
85614.095411300004 0.435451746
85614.199921899999 0.350936770
85614.304432500008 0.420073688
85614.408943100003 0.433350056
85614.513453699998 0.406259894
85614.617964300007 0.354139507
85614.722474900002 0.406317532
85614.826985499996 0.351253837
85614.931496100005 0.419875652
85615.036006800001 0.425097227
85615.140517399996 0.420672417
85615.245028000005 0.429138660
85615.349538600000 0.442953676
85615.454049199994 0.416066080
85615.558559800003 0.471943587
85615.663070399998 0.416541845
85615.767581000007 0.421920151
85615.872091600002 0.372103691
85615.976602199997 0.348882675
85616.081112800006 0.425423086
85616.185623400001 0.359985709
85616.290133999995 0.448612273
85616.394644600005 0.447791994
85616.499155199999 0.419746995
85616.603665800008 0.425956219
85616.708176400003 0.425649613
85616.812686999998 0.454937696
85616.917197600007 0.411376595
85617.021708200002 0.416185766
85617.126218899997 0.478596658
85617.230729500006 0.443874031
85617.335240100001 0.461178273
85617.439750699996 0.435898960
85617.544261300005 0.452656239
85617.648771900000 0.416634917
85617.753282499994 0.447951227
85617.857793100004 0.411549062
85617.962303699998 0.422711819
85618.066814300008 0.445815533
85618.171324900002 0.408044904
85618.275835499997 0.426590800
85618.380346100006 0.428360492
85618.484856700001 0.424613863
85618.589367299996 0.405316055
85618.693877900005 0.392778486
85618.798388499999 0.459001333
85618.902899100009 0.364450693
85619.007409700003 0.412860006
85619.111920299998 0.417150468
85619.216430900007 0.386418551
85619.320941600003 0.425807029
85619.425452199997 0.424033821
85619.529962800007 0.424775928
85619.634473400001 0.450632930
85619.738983999996 0.432272464
85619.843494600005 0.415817201
85619.948005200000 0.417246133
85620.052515799995 0.460064352
85620.157026400004 0.385365903
85620.261536999998 0.359169275
85620.366047600008 0.479580730
85620.470558200002 0.405561864
85620.575068799997 0.397385240
85620.679579400006 0.420870483
85620.784090000001 0.386462927
85620.888600599996 0.408691943
85620.993111200005 0.444505513
85621.097621800000 0.389780045
85621.202132400009 0.425302327
85621.306643000004 0.430983692
85621.411153699999 0.386621237
85621.515664300008 0.416026324
85621.620174900003 0.379629612
85621.724685499998 0.397122115
85621.829196100007 0.412965149
85621.933706700001 0.438661605
85622.038217299996 0.399500638
85622.142727900005 0.413077235
85622.247238500000 0.373173684
85622.351749099995 0.451578140
85622.456259700004 0.426503599
85622.560770299999 0.376245737
85622.665280900008 0.382015556
85622.769791500003 0.377625048
85622.874302099997 0.377418071
85622.978812700007 0.407332063
85623.083323300001 0.419772983
85623.187833899996 0.367659688
85623.292344500005 0.391060233
85623.396855200001 0.377692997
85623.501365799995 0.403176516
85623.605876400004 0.396875411
85623.710386999999 0.439297497
85623.814897600008 0.409595877
85623.919408200003 0.454156429
85624.023918799998 0.411231101
85624.128429400007 0.423310339
85624.232940000002 0.406194478
85624.337450599996 0.389471829
85624.441961200006 0.441901624
85624.546471800000 0.359689683
85624.650982399995 0.391403645
85624.755493000004 0.438692421
85624.860003599999 0.432105243
85624.964514200008 0.402597845
85625.069024800003 0.394564062
85625.173535399997 0.386736602
85625.278046000007 0.460010767
85625.382556600001 0.416749775
85625.487067299997 0.401772261
85625.591577900006 0.380717307
85625.696088500001 0.422128350
85625.800599099995 0.386031240
85625.905109700005 0.436357051
85626.009620299999 0.450663179
85626.114130900009 0.408026993
85626.218641500003 0.426944822
85626.323152099998 0.381948650
85626.427662700007 0.413293749
85626.532173300002 0.340146750
85626.636683899997 0.380463570
85626.741194500006 0.400131941
85626.845705100000 0.402367681
85626.950215699995 0.403848737
85627.054726300004 0.381517112
85627.159236899999 0.428756177
85627.263747500008 0.429867238
85627.368258100003 0.423020989
85627.472768799998 0.441427350
85627.577279400008 0.417685479
85627.681790000002 0.420067281
85627.786300599997 0.411264569
85627.890811200006 0.419567436
85627.995321800001 0.438961059
85628.099832399996 0.418994129
85628.204343000005 0.385223389
85628.308853600000 0.411647916
85628.413364200009 0.435489416
85628.517874800003 0.374180913
85628.622385399998 0.423116893
85628.726896000007 0.444240004
85628.831406600002 0.408405185
85628.935917199997 0.384368092
85629.040427800006 0.400200784
85629.144938400001 0.395262569
85629.249448999995 0.400665760
85629.353959600005 0.401340067
85629.458470199999 0.391936302
85629.562980899995 0.433948368
85629.667491500004 0.515742362
85629.772002099999 0.416565478
85629.876512700008 0.420618981
85629.981023300003 0.370859861
85630.085533899997 0.406373471
85630.190044500006 0.403575033
85630.294555100001 0.429983795
85630.399065699996 0.433913767
85630.503576300005 0.433593035
85630.608086900000 0.370386213
85630.712597499994 0.385287881
85630.817108100004 0.434455246
85630.921618699998 0.372365892
85631.026129300008 0.367148310
85631.130639900002 0.361904085
85631.235150499997 0.368523449
85631.339661100006 0.353272438
85631.444171700001 0.392759711
85631.548682399996 0.449511319
85631.653193000006 0.404916257
85631.757703600000 0.369398832
85631.862214199995 0.419025421
85631.966724800004 0.412891150
85632.071235399999 0.398741424
85632.175746000008 0.369754791
85632.280256600003 0.368411005
85632.384767199997 0.409563482
85632.489277800007 0.428114355
85632.593788400001 0.418352693
85632.698298999996 0.451518744
85632.802809600005 0.424235433
85632.907320200000 0.399945885
85633.011830799995 0.399038285
85633.116341400004 0.426922977
85633.220851999999 0.362816602
85633.325362600008 0.395466238
85633.429873200002 0.451412112
85633.534383899998 0.448110789
85633.638894500007 0.396235317
85633.743405100002 0.412744880
85633.847915699997 0.467715025
85633.952426300006 0.374833286
85634.056936900000 0.382580429
85634.161447499995 0.396349669
85634.265958100004 0.442365408
85634.370468699999 0.494877487
85634.474979300008 0.438192070
85634.579489900003 0.376548946
85634.684000499998 0.461114734
85634.788511100007 0.368868113
85634.893021700002 0.385316044
85634.997532299996 0.394920081
85635.102042900005 0.366299093
85635.206553500000 0.418963373
85635.311064099995 0.428078473
85635.415574700004 0.383734018
85635.520085299999 0.406109929
85635.624596000009 0.412814617
85635.729106600003 0.389098972
85635.833617199998 0.436184973
85635.938127800007 0.403260618
85636.042638400002 0.467790455
85636.147148999997 0.379542530
85636.251659600006 0.347464383
85636.356170200001 0.380713761
85636.460680799995 0.403859138
85636.565191400005 0.448845297
85636.669701999999 0.458227187
85636.774212599994 0.367430001
85636.878723200003 0.430073768
85636.983233799998 0.400202751
85637.087744400007 0.396541983
85637.192255000002 0.489951909
85637.296765599996 0.419892877
85637.401276200006 0.379292786
85637.505786800000 0.456061184
85637.610297399995 0.363524884
85637.714808100005 0.439910829
85637.819318700000 0.434041768
85637.923829299994 0.425362080
85638.028339900004 0.417876810
85638.132850499998 0.411342233
85638.237361100008 0.484771490
85638.341871700002 0.382843226
85638.446382299997 0.399916738
85638.550892900006 0.404990017
85638.655403500001 0.406518549
85638.759914099996 0.410831541
85638.864424700005 0.411305130
85638.968935299999 0.398898572
85639.073445899994 0.384644568
85639.177956500003 0.432728916
85639.282467099998 0.426139027
85639.386977700007 0.361747831
85639.491488300002 0.413267881
85639.595998899997 0.409417480
85639.700509500006 0.408013284
85639.805020200001 0.444650322
85639.909530799996 0.444609344
85640.014041400005 0.395182788
85640.118552000000 0.438888252
85640.223062599995 0.397262841
85640.327573200004 0.436769456
85640.432083799999 0.440326601
85640.536594400008 0.433873534
85640.641105000002 0.430717975
85640.745615599997 0.444374502
85640.850126200006 0.428852230
85640.954636800001 0.435572237
85641.059147399996 0.393165708
85641.163658000005 0.401289880
85641.268168600000 0.388506800
85641.372679199994 0.435663342
85641.477189800004 0.424204439
85641.581700399998 0.405809581
85641.686211000007 0.427664757
85641.790721600002 0.401597023
85641.895232299998 0.398103684
85641.999742900007 0.495058566
85642.104253500002 0.431796312
85642.208764099996 0.452486396
85642.313274700005 0.434625000
85642.417785300000 0.373853445
85642.522295899995 0.438087851
85642.626806500004 0.374103636
85642.731317099999 0.400004178
85642.835827700008 0.393991619
85642.940338300003 0.416827619
85643.044848899997 0.419605881
85643.149359500007 0.447418243
85643.253870100001 0.441866606
85643.358380699996 0.455033630
85643.462891300005 0.437184393
85643.567401900000 0.370412409
85643.671912499995 0.426950961
85643.776423100004 0.413273245
85643.880933799999 0.454063654
85643.985444400008 0.452476084
85644.089955000003 0.444808841
85644.194465599998 0.441540539
85644.298976200007 0.403942108
85644.403486800002 0.386893183
85644.507997399996 0.447242975
85644.612508000006 0.444221944
85644.717018600000 0.409457028
85644.821529199995 0.449503899
85644.926039800004 0.444988430
85645.030550399999 0.418969601
85645.135061000008 0.443197727
85645.239571600003 0.410325617
85645.344082199998 0.440796345
85645.448592800007 0.476191670
85645.553103400001 0.413800955
85645.657613999996 0.388116419
85645.762124600005 0.362408608
85645.866635200000 0.399416298
85645.971145899995 0.381793171
85646.075656500005 0.445022136
85646.180167099999 0.420293450
85646.284677699994 0.396529526
85646.389188300003 0.416490167
85646.493698899998 0.449020177
85646.598209500007 0.403576463
85646.702720100002 0.453964055
85646.807230699997 0.508749187
85646.911741300006 0.471383750
85647.016251900000 0.406878144
85647.120762499995 0.419226229
85647.225273100004 0.397666633
85647.329783699999 0.417363137
85647.434294300008 0.411046177
85647.538804900003 0.463931113
85647.643315499998 0.419418812
85647.747826100007 0.419972718
85647.852336700002 0.459335864
85647.956847299996 0.425386101
85648.061358000006 0.469366372
85648.165868600001 0.475419283
85648.270379199996 0.457860202
85648.374889800005 0.479342341
85648.479400400000 0.476337314
85648.583910999994 0.498456568
85648.688421600003 0.501992464
85648.792932199998 0.488139033
85648.897442800007 0.529578209
85649.001953400002 0.528849959
85649.106463999997 0.487527817
85649.210974600006 0.519384265
85649.315485200001 0.457955867
85649.419995799995 0.517881572
85649.524506400005 0.444868565
85649.629016999999 0.408561915
85649.733527600009 0.442798734
85649.838038200003 0.501673579
85649.942548799998 0.429488122
85650.047059500008 0.507025182
85650.151570100003 0.438667417
85650.256080699997 0.421350539
85650.360591300006 0.415622711
85650.465101900001 0.444768816
85650.569612499996 0.461499691
85650.674123100005 0.474903613
85650.778633700000 0.432913661
85650.883144299994 0.405564010
85650.987654900004 0.403527439
85651.092165499998 0.446403950
85651.196676100008 0.412846148
85651.301186700002 0.393550813
85651.405697299997 0.434021801
85651.510207900006 0.469596744
85651.614718500001 0.439961910
85651.719229099996 0.446180463
85651.823739700005 0.416615188
85651.928250299999 0.435393214
85652.032760900009 0.450204998
85652.137271600004 0.414293945
85652.241782199999 0.422772944
85652.346292800008 0.491026312
85652.450803400003 0.460620254
85652.555313999997 0.407304734
85652.659824600007 0.423726857
85652.764335200001 0.417976141
85652.868845799996 0.423638582
85652.973356400005 0.396929204
85653.077867000000 0.461293608
85653.182377599995 0.400226712
85653.286888200004 0.390563607
85653.391398799999 0.412140101
85653.495909400008 0.421763957
85653.600420000002 0.417861342
85653.704930599997 0.427577466
85653.809441200006 0.393592656
85653.913951800001 0.407062590
85654.018462399996 0.425926208
85654.122973100006 0.453218192
85654.227483700000 0.443409741
85654.331994299995 0.474053919
85654.436504900004 0.413920283
85654.541015499999 0.409102261
85654.645526100008 0.391849518
85654.750036700003 0.514415383
85654.854547299998 0.445261896
85654.959057900007 0.410837084
85655.063568500002 0.436090112
85655.168079099996 0.408897310
85655.272589700005 0.432559997
85655.377100300000 0.429144621
85655.481610899995 0.402361989
85655.586121500004 0.469751596
85655.690632099999 0.436653972
85655.795142700008 0.439452052
85655.899653300003 0.406368166
85656.004163899997 0.467549741
85656.108674600007 0.448928446
85656.213185200002 0.427356184
85656.317695799997 0.458985418
85656.422206400006 0.500488579
85656.526717000001 0.475650281
85656.631227599995 0.416966021
85656.735738200005 0.451016128
85656.840248799999 0.463204473
85656.944759400008 0.473644018
85657.049270000003 0.484937966
85657.153780599998 0.473965108
85657.258291200007 0.462477773
85657.362801800002 0.486991912
85657.467312399996 0.498343319
85657.571823000006 0.464703798
85657.676333600000 0.441098809
85657.780844199995 0.448306292
85657.885354800004 0.408229530
85657.989865399999 0.453470021
85658.094376099994 0.429290056
85658.198886700004 0.515843332
85658.303397299998 0.451785296
85658.407907900008 0.380180329
85658.512418500002 0.433698654
85658.616929099997 0.484908015
85658.721439700006 0.468073338
85658.825950300001 0.380445808
85658.930460899996 0.429177314
85659.034971500005 0.501483917
85659.139482099999 0.457982093
85659.243992700009 0.482733011
85659.348503300003 0.494557261
85659.453013899998 0.466519952
85659.557524500007 0.481902421
85659.662035100002 0.446119279
85659.766545699997 0.499087274
85659.871056300006 0.489802152
85659.975566900001 0.520625532
85660.080077499995 0.487468451
85660.184588200005 0.488358676
85660.289098800000 0.463519365
85660.393609399995 0.467163563
85660.498120000004 0.475263089
85660.602630599999 0.478044182
85660.707141200008 0.465948045
85660.811651800002 0.454207689
85660.916162399997 0.537653089
85661.020673000006 0.515029252
85661.125183600001 0.526331067
85661.229694199996 0.525703967
85661.334204800005 0.504985511
85661.438715400000 0.568980634
85661.543226000009 0.512624323
85661.647736600004 0.487197429
85661.752247199998 0.453811944
85661.856757800007 0.534538627
85661.961268400002 0.472963810
85662.065778999997 0.485067040
85662.170289700007 0.488922149
85662.274800300002 0.544716060
85662.379310899996 0.490235865
85662.483821500005 0.448939145
85662.588332100000 0.455985129
85662.692842699995 0.514926136
85662.797353300004 0.494998008
85662.901863899999 0.512008369
85663.006374500008 0.477647632
85663.110885100003 0.455651492
85663.215395699997 0.463279158
85663.319906300007 0.446593344
85663.424416900001 0.448763251
85663.528927499996 0.511483252
85663.633438100005 0.474381685
85663.737948700000 0.441674948
85663.842459299995 0.450830489
85663.946969900004 0.479860663
85664.051480499998 0.500077069
85664.155991200008 0.516707063
85664.260501800003 0.461120665
85664.365012399998 0.476086676
85664.469523000007 0.451867521
85664.574033600002 0.471521407
85664.678544199996 0.461294621
85664.783054800006 0.463092834
85664.887565400000 0.527238548
85664.992075999995 0.455206454
85665.096586600004 0.509131372
85665.201097199999 0.495643169
85665.305607800008 0.500046134
85665.410118400003 0.498505235
85665.514628999998 0.443195671
85665.619139600007 0.530866086
85665.723650200001 0.477237701
85665.828160799996 0.482751220
85665.932671400005 0.527232170
85666.037182000000 0.482641608
85666.141692599995 0.577051997
85666.246203300005 0.532474816
85666.350713899999 0.509392798
85666.455224500009 0.514009416
85666.559735100003 0.566945612
85666.664245699998 0.538666725
85666.768756300007 0.591474712
85666.873266900002 0.535309434
85666.977777499997 0.465245903
85667.082288100006 0.513074815
85667.186798700001 0.594182134
85667.291309299995 0.644326150
85667.395819900004 0.637046993
85667.500330499999 0.600554645
85667.604841100008 0.590805292
85667.709351700003 0.543498755
85667.813862299998 0.564407349
85667.918372900007 0.608103812
85668.022883500002 0.678452730
85668.127394099996 0.595622420
85668.231904800006 0.665347695
85668.336415400001 0.588856101
85668.440925999996 0.629869223
85668.545436600005 0.587626874
85668.649947200000 0.571074903
85668.754457800009 0.658800602
85668.858968400004 0.619606674
85668.963478999998 0.698668063
85669.067989600007 0.745371580
85669.172500200002 0.624003947
85669.277010799997 0.823277116
85669.381521400006 0.680686831
85669.486032000001 0.836955726
85669.590542599995 0.666767836
85669.695053200005 0.735194027
85669.799563799999 0.781248748
85669.904074399994 0.805059731
85670.008585000003 0.728477180
85670.113095599998 0.744083405
85670.217606300008 0.874706686
85670.322116900003 0.832469404
85670.426627499997 0.968551278
85670.531138100007 0.910846055
85670.635648700001 0.964253426
85670.740159299996 0.860093415
85670.844669900005 0.867071629
85670.949180500000 1.04618216
85671.053691099994 0.949951351
85671.158201700004 1.02697372
85671.262712299998 0.980803072
85671.367222900008 0.865234315
85671.471733500002 0.898023605
85671.576244099997 0.927933991
85671.680754700006 0.977715850
85671.785265300001 0.936884284
85671.889775899996 1.00547528
85671.994286500005 0.949504018
85672.098797100000 0.982214928
85672.203307699994 1.08234489
85672.307818400004 0.920236111
85672.412328999999 0.997696698
85672.516839600008 1.06940413
85672.621350200003 1.10354996
85672.725860799997 0.844453931
85672.830371400007 1.06883025
85672.934882000001 0.900846183
85673.039392599996 0.893360078
85673.143903200005 0.906069636
85673.248413800000 0.946622133
85673.352924399995 0.786045969
85673.457435000004 0.809970200
85673.561945599999 0.718948185
85673.666456200008 0.718997061
85673.770966800002 0.709559083
85673.875477399997 0.698834479
85673.979988000006 0.774435997
85674.084498600001 0.768689930
85674.189009199996 0.761754036
85674.293519900006 0.774173439
85674.398030500000 0.782232523
85674.502541099995 0.711225569
85674.607051700004 0.764097095
85674.711562299999 0.646933496
85674.816072900008 0.646684647
85674.920583500003 0.573538601
85675.025094099998 0.620220363
85675.129604700007 0.605650604
85675.234115300002 0.623249412
85675.338625899996 0.613525450
85675.443136500005 0.748506427
85675.547647100000 0.547864258
85675.652157699995 0.618817687
85675.756668300004 0.571165144
85675.861178899999 0.596373975
85675.965689500008 0.510563552
85676.070200100003 0.597023368
85676.174710699997 0.581556559
85676.279221400007 0.595379829
85676.383732000002 0.529953361
85676.488242599997 0.640041471
85676.592753200006 0.607977271
85676.697263800001 0.566336393
85676.801774399995 0.528688073
85676.906285000005 0.519978642
85677.010795599999 0.551116586
85677.115306199994 0.505844355
85677.219816800003 0.501383066
85677.324327399998 0.526778340
85677.428838000007 0.498919308
85677.533348600002 0.540019512
85677.637859199996 0.563122630
85677.742369800006 0.569005966
85677.846880400000 0.594705701
85677.951390999995 0.466663092
85678.055901600004 0.509318113
85678.160412199999 0.500007212
85678.264922899994 0.505500674
85678.369433500004 0.539123654
85678.473944099998 0.509507179
85678.578454700008 0.452013135
85678.682965300002 0.473613679
85678.787475899997 0.513349771
85678.891986500006 0.492515802
85678.996497100001 0.471893936
85679.101007699996 0.477749795
85679.205518300005 0.479353428
85679.310028899999 0.515118301
85679.414539499994 0.476015717
85679.519050100003 0.464778513
85679.623560699998 0.496164888
85679.728071300007 0.507493556
85679.832581900002 0.485631317
85679.937092499997 0.487436324
85680.041603100006 0.441646755
85680.146113700001 0.480044872
85680.250624399996 0.498176545
85680.355135000005 0.467860639
85680.459645600000 0.538171589
85680.564156199995 0.547986805
85680.668666800004 0.566335499
85680.773177399999 0.484980345
85680.877688000008 0.482136250
85680.982198600002 0.510525882
85681.086709199997 0.583559394
85681.191219800006 0.508789182
85681.295730400001 0.480766952
85681.400240999996 0.462842584
85681.504751600005 0.439903647
85681.609262200000 0.523901224
85681.713772799994 0.548908174
85681.818283400004 0.536510110
85681.922793999998 0.514890134
85682.027304600007 0.476413518
85682.131815300003 0.513610005
85682.236325899998 0.440295577
85682.340836500007 0.460578144
85682.445347100002 0.470457643
85682.549857699996 0.457881272
85682.654368300005 0.479272515
85682.758878900000 0.486033767
85682.863389499995 0.518300593
85682.967900100004 0.466854930
85683.072410699999 0.451037824
85683.176921300008 0.452520460
85683.281431900003 0.436167628
85683.385942499997 0.504249454
85683.490453100007 0.437538505
85683.594963700001 0.510430753
85683.699474299996 0.447883099
85683.803984900005 0.496752560
85683.908495500000 0.498255670
85684.013006099995 0.512604117
85684.117516800005 0.455675960
85684.222027399999 0.480876058
85684.326538000008 0.415271938
85684.431048600003 0.382492542
85684.535559199998 0.468262523
85684.640069800007 0.443692893
85684.744580400002 0.454034418
85684.849090999996 0.407087773
85684.953601600006 0.439906865
85685.058112200000 0.462744117
85685.162622799995 0.472963154
85685.267133400004 0.471927196
85685.371643999999 0.428176403
85685.476154600008 0.446307838
85685.580665200003 0.438412458
85685.685175799998 0.440619349
85685.789686400007 0.436860621
85685.894197000001 0.446232349
85685.998707599996 0.440299094
85686.103218300006 0.375520557
85686.207728900001 0.480372638
85686.312239499995 0.493273020
85686.416750100005 0.465270251
85686.521260699999 0.469862550
85686.625771299994 0.432541788
85686.730281900003 0.488645047
85686.834792499998 0.436695695
85686.939303100007 0.422485173
85687.043813700002 0.386653632
85687.148324299997 0.480055332
85687.252834900006 0.493961900
85687.357345500001 0.480678409
85687.461856099995 0.455467373
85687.566366700004 0.432924122
85687.670877299999 0.475682676
85687.775387900008 0.468379825
85687.879898500003 0.398717731
85687.984409099998 0.406269610
85688.088919800008 0.448781163
85688.193430400002 0.428825289
85688.297940999997 0.398493767
85688.402451600006 0.396112114
85688.506962200001 0.429281116
85688.611472799996 0.417140424
85688.715983400005 0.393404245
85688.820494000000 0.418095618
85688.925004599994 0.440597624
85689.029515200004 0.422588766
85689.134025799998 0.419849724
85689.238536400007 0.424954206
85689.343047000002 0.429940194
85689.447557599997 0.487632632
85689.552068200006 0.390460610
85689.656578800001 0.449116826
85689.761089399995 0.405088395
85689.865600000005 0.423122466
85689.970110599999 0.385185301
85690.074621299995 0.422591656
85690.179131900004 0.442191005
85690.283642499999 0.481534719
85690.388153100008 0.399766922
85690.492663700003 0.427737564
85690.597174299997 0.446839511
85690.701684900007 0.448833555
85690.806195500001 0.471379459
85690.910706099996 0.395572841
85691.015216700005 0.450987607
85691.119727300000 0.450155944
85691.224237899994 0.446288735
85691.328748500004 0.418694019
85691.433259099998 0.443798274
85691.537769700008 0.380922019
85691.642280300002 0.426438242
85691.746790899997 0.446193367
85691.851301500006 0.514047503
85691.955812100001 0.525236428
85692.060322699996 0.406409949
85692.164833400006 0.393218786
85692.269344000000 0.483925045
85692.373854599995 0.433123857
85692.478365200004 0.423179716
85692.582875799999 0.437292784
85692.687386400008 0.395178020
85692.791897000003 0.461824119
85692.896407599997 0.426050842
85693.000918200007 0.417940885
85693.105428800001 0.422736436
85693.209939399996 0.438159555
85693.314450000005 0.466474503
85693.418960600000 0.432285428
85693.523471199995 0.488398910
85693.627981800004 0.459100693
85693.732492399999 0.468051374
85693.837003000008 0.469641209
85693.941513600003 0.429119229
85694.046024299998 0.443322569
85694.150534900007 0.424854487
85694.255045500002 0.482548714
85694.359556099997 0.357848167
85694.464066700006 0.379664153
85694.568577300000 0.448661983
85694.673087899995 0.460341573
85694.777598500004 0.415811121
85694.882109099999 0.361208141
85694.986619700008 0.376153022
85695.091130300003 0.419510007
85695.195640899998 0.434963822
85695.300151500007 0.427539974
85695.404662100002 0.417979211
85695.509172699996 0.455216080
85695.613683300006 0.419622183
85695.718193900000 0.417057365
85695.822704499995 0.420832872
85695.927215200005 0.410976380
85696.031725800000 0.417337388
85696.136236399994 0.416897207
85696.240747000003 0.382670939
85696.345257599998 0.425629497
85696.449768200007 0.423445970
85696.554278800002 0.368894666
85696.658789399997 0.369570196
85696.763300000006 0.415054023
85696.867810600001 0.388856530
85696.972321199995 0.415169418
85697.076831800005 0.399049371
85697.181342399999 0.342341185
85697.285853000009 0.362015277
85697.390363600003 0.442471743
85697.494874199998 0.366159797
85697.599384800007 0.393795669
85697.703895400002 0.377707720
85697.808405999996 0.433821380
85697.912916700006 0.413282931
85698.017427300001 0.433808833
85698.121937899996 0.430868447
85698.226448500005 0.459428072
85698.330959100000 0.372163057
85698.435469699994 0.375142187
85698.539980300004 0.424161494
85698.644490899998 0.513554752
85698.749001500008 0.369801074
85698.853512100002 0.460136294
85698.958022699997 0.421162069
85699.062533300006 0.461820334
85699.167043900001 0.424103647
85699.271554499996 0.459854484
85699.376065100005 0.457754642
85699.480575699999 0.420920134
85699.585086300009 0.419304162
85699.689596900003 0.426153719
85699.794107499998 0.397472411
85699.898618200008 0.448157996
85700.003128800003 0.473843157
85700.107639399997 0.422793120
85700.212150000007 0.440961659
85700.316660600001 0.421749800
85700.421171199996 0.443044066
85700.525681800005 0.389681190
85700.630192400000 0.385772198
85700.734702999995 0.417076260
85700.839213600004 0.430976003
85700.943724199999 0.382586062
85701.048234800008 0.415571123
85701.152745400002 0.428934753
85701.257255999997 0.402995676
85701.361766600006 0.457691938
85701.466277200001 0.485601634
85701.570787799996 0.425686687
85701.675298400005 0.395022422
85701.779809000000 0.398769110
85701.884319699995 0.428681463
85701.988830300004 0.426312864
85702.093340899999 0.368143141
85702.197851500008 0.366912067
85702.302362100003 0.402703524
85702.406872699998 0.355654359
85702.511383300007 0.401490718
85702.615893900002 0.436328441
85702.720404499996 0.391016334
85702.824915200006 0.468432873
85702.929425800001 0.463870287
85703.033936399996 0.453537703
85703.138447000005 0.392573833
85703.242957599999 0.405929238
85703.347468199994 0.470710546
85703.451978800003 0.450041622
85703.556489399998 0.396205574
85703.661000000007 0.414432734
85703.765510600002 0.394713283
85703.870021199997 0.438246220
85703.974531800006 0.398864985
85704.079042400001 0.419414908
85704.183552999995 0.417838156
85704.288063600005 0.421011060
85704.392574199999 0.424233496
85704.497084800008 0.478269130
85704.601595400003 0.387008369
85704.706105999998 0.431293786
85704.810616700008 0.434546828
85704.915127300002 0.388356060
85705.019637899997 0.419166863
85705.124148500006 0.482794702
85705.228659100001 0.441373646
85705.333169699996 0.407319099
85705.437680300005 0.444783032
85705.542190900000 0.429288536
85705.646701499994 0.402058661
85705.751212100004 0.380686581
85705.855722699998 0.379676223
85705.960233300008 0.410083622
85706.064743900002 0.424347162
85706.169254499997 0.441632241
85706.273765100006 0.464811891
85706.378275700001 0.421339482
85706.482786299995 0.355385870
85706.587296900005 0.404675424
85706.691807600000 0.404980958
85706.796318199995 0.431125939
85706.900828800004 0.404565424
85707.005339399999 0.432235211
85707.109850000008 0.453739852
85707.214360600003 0.414188325
85707.318871199997 0.399760664
85707.423381800007 0.434696227
85707.527892400001 0.435005307
85707.632402999996 0.378652245
85707.736913600005 0.400645733
85707.841424200000 0.413282871
85707.945934799995 0.425725996
85708.050445400004 0.368931055
85708.154955999998 0.358572394
85708.259466600008 0.390115440
85708.363977200002 0.428948522
85708.468487799997 0.368872494
85708.572998500007 0.406198084
85708.677509100002 0.360744357
85708.782019699996 0.416322380
85708.886530300006 0.414187163
85708.991040900000 0.436011821
85709.095551499995 0.412838876
85709.200062100004 0.419704825
85709.304572699999 0.465654254
85709.409083300008 0.423859328
85709.513593900003 0.401240528
85709.618104499998 0.331821263
85709.722615100007 0.415630788
85709.827125700001 0.424898595
85709.931636299996 0.434842825
85710.036146900005 0.380002499
85710.140657500000 0.446685553
85710.245168099995 0.400671065
85710.349678700004 0.436860710
85710.454189399999 0.489241511
85710.558699999994 0.489625901
85710.663210600003 0.369440585
85710.767721199998 0.392737687
85710.872231800007 0.332442939
85710.976742400002 0.444732755
85711.081252999997 0.375019193
85711.185763600006 0.395619422
85711.290274200001 0.450081468
85711.394784799995 0.454990804
85711.499295400004 0.442424327
85711.603805999999 0.420321167
85711.708316600008 0.413712800
85711.812827200003 0.434106320
85711.917337799998 0.432329297
85712.021848400007 0.464363277
85712.126359000002 0.392077684
85712.230869599996 0.436440110
85712.335380300006 0.442021489
85712.439890900001 0.417491496
85712.544401499996 0.404657751
85712.648912100005 0.391320974
85712.753422700000 0.383682549
85712.857933299994 0.448613942
85712.962443900004 0.451548159
85713.066954499998 0.407967657
85713.171465100007 0.444172859
85713.275975700002 0.419002861
85713.380486299997 0.409865379
85713.484996900006 0.425915241
85713.589507500001 0.442700148
85713.694018099995 0.404054582
85713.798528700005 0.423103660
85713.903039299999 0.362749219
85714.007549900009 0.382921278
85714.112060500003 0.391381443
85714.216571099998 0.460596383
85714.321081800008 0.409879178
85714.425592400003 0.376926720
85714.530102999997 0.408407807
85714.634613600007 0.416265577
85714.739124200001 0.419496208
85714.843634799996 0.426357776
85714.948145400005 0.435008913
85715.052656000000 0.434777439
85715.157166599995 0.473480284
85715.261677200004 0.407540172
85715.366187799998 0.397672683
85715.470698400008 0.415930569
85715.575209000002 0.383222729
85715.679719599997 0.419077665
85715.784230200006 0.415850043
85715.888740800001 0.442593426
85715.993251399996 0.358956546
85716.097762100006 0.398431391
85716.202272700000 0.448317498
85716.306783299995 0.422218859
85716.411293900004 0.421089411
85716.515804499999 0.417667449
85716.620315100008 0.457794160
85716.724825700003 0.436055452
85716.829336299998 0.412826866
85716.933846900007 0.419956505
85717.038357500001 0.382309347
85717.142868099996 0.464024931
85717.247378700005 0.439909369
85717.351889300000 0.433810085
85717.456399899995 0.406728923
85717.560910500004 0.413629204
85717.665421099999 0.398739278
85717.769931700008 0.424545020
85717.874442300003 0.423881739
85717.978952999998 0.441385388
85718.083463600007 0.414342850
85718.187974200002 0.425035983
85718.292484799997 0.426419050
85718.396995400006 0.433107764
85718.501506000001 0.408555061
85718.606016599995 0.377940923
85718.710527200004 0.413961798
85718.815037799999 0.420158863
85718.919548400008 0.416846871
85719.024059000003 0.408485055
85719.128569599998 0.379569381
85719.233080200007 0.398883581
85719.337590800002 0.393084586
85719.442101399996 0.375666201
85719.546612000006 0.438450962
85719.651122600000 0.363704264
85719.755633199995 0.390458733
85719.860143900005 0.416997522
85719.964654500000 0.404376566
85720.069165099994 0.347946942
85720.173675700004 0.409176379
85720.278186299998 0.411783874
85720.382696900007 0.414396912
85720.487207500002 0.392907351
85720.591718099997 0.390005946
85720.696228700006 0.457632929
85720.800739300001 0.386219591
85720.905249899995 0.374966949
85721.009760500005 0.395097226
85721.114271099999 0.421224177
85721.218781700009 0.445490330
85721.323292300003 0.391377330
85721.427802899998 0.433552414
85721.532313500007 0.459443748
85721.636824200003 0.448971689
85721.741334799997 0.442722857
85721.845845400007 0.406141400
85721.950356000001 0.384049386
85722.054866599996 0.391223252
85722.159377200005 0.431802928
85722.263887800000 0.404376060
85722.368398399994 0.360756069
85722.472909000004 0.408068478
85722.577419599998 0.419469386
85722.681930200008 0.390331388
85722.786440800002 0.381434292
85722.890951399997 0.435332865
85722.995462000006 0.464671373
85723.099972600001 0.383652151
85723.204483199996 0.395937383
85723.308993800005 0.421859145
85723.413504500000 0.459462225
85723.518015099995 0.421369374
85723.622525700004 0.455187678
85723.727036299999 0.339586347
85723.831546900008 0.380490243
85723.936057500003 0.412044555
85724.040568099997 0.357719660
85724.145078700007 0.401076525
85724.249589300001 0.460895747
85724.354099899996 0.388828784
85724.458610500005 0.389523894
85724.563121100000 0.398769498
85724.667631699995 0.404404342
85724.772142300004 0.425445437
85724.876652899999 0.466878742
85724.981163500008 0.374446750
85725.085674100003 0.426473320
85725.190184699997 0.397209108
85725.294695400007 0.479869574
85725.399206000002 0.391587943
85725.503716599997 0.434173435
85725.608227200006 0.396824062
85725.712737800000 0.377344996
85725.817248399995 0.435791850
85725.921759000004 0.462704957
85726.026269599999 0.436121106
85726.130780200008 0.470336825
85726.235290800003 0.399221897
85726.339801399998 0.426868916
85726.444312000007 0.397855222
85726.548822600002 0.413200110
85726.653333199996 0.480868161
85726.757843800006 0.445443600
85726.862354400000 0.389991671
85726.966864999995 0.469894260
85727.071375600004 0.382713139
85727.175886300000 0.418757588
85727.280396899994 0.365270764
85727.384907500003 0.412529439
85727.489418099998 0.390251011
85727.593928700007 0.401799053
85727.698439300002 0.426804304
85727.802949899997 0.470804960
85727.907460500006 0.393811077
85728.011971100001 0.409416616
85728.116481699995 0.433921814
85728.220992300005 0.380063862
85728.325502899999 0.387509227
85728.430013500008 0.360718459
85728.534524100003 0.454798609
85728.639034699998 0.396829426
85728.743545300007 0.402280986
85728.848055900002 0.412991762
85728.952566499996 0.398189276
85729.057077200006 0.401566088
85729.161587800001 0.417407423
85729.266098399996 0.461795837
85729.370609000005 0.415959537
85729.475119600000 0.405743003
85729.579630199994 0.389468223
85729.684140800004 0.406742990
85729.788651399998 0.412153810
85729.893162000008 0.423154145
85729.997672600002 0.377141774
85730.102183199997 0.453741610
85730.206693800006 0.408782035
85730.311204400001 0.373915583
85730.415714999996 0.367078871
85730.520225600005 0.455799371
85730.624736199999 0.457646102
85730.729246800009 0.428246796
85730.833757400003 0.420426488
85730.938268099999 0.403394073
85731.042778700008 0.447791249
85731.147289300003 0.397200465
85731.251799899997 0.443679839
85731.356310500007 0.430516392
85731.460821100001 0.429830194
85731.565331699996 0.415123492
85731.669842300005 0.404877663
85731.774352900000 0.421672165
85731.878863499995 0.412255228
85731.983374100004 0.431767792
85732.087884699999 0.423359066
85732.192395300008 0.392178178
85732.296905900002 0.383446366
85732.401416499997 0.418569773
85732.505927100006 0.409870625
85732.610437700001 0.461333752
85732.714948299996 0.453751475
85732.819459000006 0.407051772
85732.923969600000 0.398405492
85733.028480199995 0.426966667
85733.132990800004 0.436375886
85733.237501399999 0.402316898
85733.342012000008 0.447480381
85733.446522600003 0.413817257
85733.551033199998 0.417441905
85733.655543800007 0.423157036
85733.760054400002 0.356678158
85733.864564999996 0.386652738
85733.969075600005 0.467793733
85734.073586200000 0.389623433
85734.178096799995 0.389217257
85734.282607400004 0.422712445
85734.387117999999 0.416587204
85734.491628600008 0.411528230
85734.596139200003 0.434172571
85734.700649899998 0.427716047
85734.805160500007 0.403933525
85734.909671100002 0.382854015
85735.014181699997 0.434468985
85735.118692300006 0.457572997
85735.223202900001 0.368466586
85735.327713499995 0.412735939
85735.432224100005 0.371847987
85735.536734699999 0.431345910
85735.641245300008 0.329202771
85735.745755900003 0.367130309
85735.850266499998 0.436957896
85735.954777100007 0.366463989
85736.059287700002 0.437176853
85736.163798299996 0.426817209
85736.268308900006 0.395803809
85736.372819500000 0.370898098
85736.477330099995 0.429154307
85736.581840800005 0.384912372
85736.686351400000 0.440834194
85736.790861999994 0.447261333
85736.895372600004 0.381664246
85736.999883199998 0.356535167
85737.104393800008 0.441208929
85737.208904400002 0.388758451
85737.313414999997 0.443062514
85737.417925600006 0.430106312
85737.522436200001 0.374611259
85737.626946799995 0.364189535
85737.731457400005 0.365381151
85737.835967999999 0.418244809
85737.940478600009 0.411294609
85738.044989200003 0.478023529
85738.149499799998 0.460143983
85738.254010400007 0.362262815
85738.358521000002 0.358472377
85738.463031699997 0.423775703
85738.567542300007 0.422604799
85738.672052900001 0.399847448
85738.776563499996 0.404798925
85738.881074100005 0.431495726
85738.985584700000 0.418559223
85739.090095299995 0.399824351
85739.194605900004 0.413436770
85739.299116499998 0.454020888
85739.403627100008 0.430875301
85739.508137700002 0.317104608
85739.612648299997 0.398564905
85739.717158900006 0.363980949
85739.821669500001 0.421324134
85739.926180099996 0.444858998
85740.030690700005 0.418410450
85740.135201300000 0.390531510
85740.239711900009 0.481633157
85740.344222600004 0.424816698
85740.448733199999 0.427923203
85740.553243800008 0.463424116
85740.657754400003 0.445119649
85740.762264999998 0.383297652
85740.866775600007 0.418078423
85740.971286200001 0.368169934
85741.075796799996 0.392038345
85741.180307400005 0.397783101
85741.284818000000 0.463289768
85741.389328599995 0.475311607
85741.493839200004 0.375495911
85741.598349799999 0.397315770
85741.702860400008 0.380502671
85741.807371000003 0.452184737
85741.911881599997 0.460866094
85742.016392200007 0.446170539
85742.120902800001 0.449175060
85742.225413499997 0.425515890
85742.329924100006 0.390577257
85742.434434700001 0.469621360
85742.538945299995 0.403691202
85742.643455900004 0.431802183
85742.747966499999 0.353076935
85742.852477100008 0.401807517
85742.956987700003 0.416568875
85743.061498299998 0.488757670
85743.166008900007 0.396143466
85743.270519500002 0.423409820
85743.375030099996 0.400626957
85743.479540700006 0.467827499
85743.584051300000 0.438642681
85743.688561899995 0.477712482
85743.793072500004 0.467883617
85743.897583099999 0.435534269
85744.002093700008 0.533027947
85744.106604400004 0.457628042
85744.211114999998 0.481406540
85744.315625600007 0.402102172
85744.420136200002 0.385700136
85744.524646799997 0.395809352
85744.629157400006 0.395940334
85744.733668000001 0.507821023
85744.838178599995 0.436573744
85744.942689200005 0.383628815
85745.047199799999 0.430478811
85745.151710400009 0.521471322
85745.256221000003 0.443791896
85745.360731599998 0.413952529
85745.465242200007 0.481168658
85745.569752800002 0.453891575
85745.674263399997 0.425156951
85745.778774000006 0.381066620
85745.883284600000 0.442013323
85745.987795299996 0.360276014
85746.092305900005 0.502167284
85746.196816500000 0.520711780
85746.301327099995 0.475942880
85746.405837700004 0.519077778
85746.510348299998 0.456418782
85746.614858900008 0.372453302
85746.719369500002 0.436737210
85746.823880099997 0.369966716
85746.928390700006 0.341268629
85747.032901300001 0.436042547
85747.137411899996 0.402003407
85747.241922500005 0.404692441
85747.346433100000 0.510458589
85747.450943700009 0.420181125
85747.555454300003 0.435790926
85747.659964899998 0.470617115
85747.764475600008 0.461379409
85747.868986200003 0.539231777
85747.973496799998 0.438066453
85748.078007400007 0.435427785
85748.182518000001 0.534421504
85748.287028599996 0.477244556
85748.391539200005 0.464771956
85748.496049800000 0.424768507
85748.600560399995 0.502319753
85748.705071000004 0.463317633
85748.809581599999 0.452067673
85748.914092200008 0.495096654
85749.018602800003 0.509857535
85749.123113399997 0.571477711
85749.227624000006 0.558912933
85749.332134600001 0.471102774
85749.436645199996 0.444770902
85749.541155800005 0.498111844
85749.645666400000 0.515649676
85749.750177099995 0.422673404
85749.854687700004 0.398759454
85749.959198299999 0.395761847
85750.063708900008 0.506831229
85750.168219500003 0.467021823
85750.272730099998 0.477201998
85750.377240700007 0.555837870
85750.481751300002 0.476232499
85750.586261899996 0.511624455
85750.690772500006 0.432405114
85750.795283100000 0.478535444
85750.899793699995 0.526551306
85751.004304300004 0.556699991
85751.108814899999 0.595460594
85751.213325500008 0.576117218
85751.317836100003 0.454248577
85751.422346699997 0.560984969
85751.526857400007 0.477993190
85751.631368000002 0.533635676
85751.735878599997 0.539365470
85751.840389200006 0.610606909
85751.944899800001 0.557214081
85752.049410399995 0.514409482
85752.153921000005 0.562823713
85752.258431599999 0.558416188
85752.362942200009 0.567881584
85752.467452800003 0.600738943
85752.571963399998 0.602507412
85752.676474000007 0.571064830
85752.780984600002 0.660471559
85752.885495199997 0.668036222
85752.990005800006 0.700703919
85753.094516400000 0.590191543
85753.199026999995 0.587905467
85753.303537600004 0.663086891
85753.408048199999 0.566893756
85753.512558899994 0.591585338
85753.617069500004 0.573228180
85753.721580099998 0.534063578
85753.826090700008 0.670479655
85753.930601300002 0.547046244
85754.035111899997 0.716934800
85754.139622500006 0.677888513
85754.244133100001 0.654363155
85754.348643699996 0.693930030
85754.453154300005 0.673189819
85754.557664900000 0.637537718
85754.662175500009 0.690521419
85754.766686100003 0.662188172
85754.871196699998 0.721642554
85754.975707300007 0.671534300
85755.080217900002 0.598277867
85755.184728499997 0.701118886
85755.289239200007 0.725205302
85755.393749800001 0.803846061
85755.498260399996 0.644477248
85755.602771000005 0.733787417
85755.707281600000 0.815806866
85755.811792199995 0.709344804
85755.916302800004 0.915856779
85756.020813399999 0.877519369
85756.125324000008 0.812026799
85756.229834600003 0.773489714
85756.334345199997 0.941965878
85756.438855800006 0.855652452
85756.543366400001 0.903023243
85756.647876999996 0.830560207
85756.752387600005 0.853701472
85756.856898200000 0.940286219
85756.961408799994 0.941915035
85757.065919400004 0.725729764
85757.170429999998 0.909225285
85757.274940700008 0.813025355
85757.379451300003 0.905928791
85757.483961899998 0.959657609
85757.588472500007 0.923501492
85757.692983100002 0.927464843
85757.797493699996 0.981094897
85757.902004300006 0.885778964
85758.006514900000 1.03873515
85758.111025499995 0.915689409
85758.215536100004 1.09139228
85758.320046699999 1.06561852
85758.424557300008 1.08899367
85758.529067900003 0.923864484
85758.633578499997 0.907947958
85758.738089100007 0.997275293
85758.842599700001 1.01414752
85758.947110299996 0.939046800
85759.051620900005 0.987753630
85759.156131600001 0.799979508
85759.260642199995 0.924741805
85759.365152800005 0.937108755
85759.469663399999 0.998894155
85759.574174000008 0.940966785
85759.678684600003 0.990237594
85759.783195199998 1.04748714
85759.887705800007 0.873779893
85759.992216400002 0.939947069
85760.096726999996 0.927403927
85760.201237600006 1.03013051
85760.305748200000 0.968576014
85760.410258799995 0.953206897
85760.514769400004 0.884427428
85760.619279999999 0.870751321
85760.723790600008 1.10323119
85760.828301200003 0.999226809
85760.932811799998 1.02424586
85761.037322500008 1.02640903
85761.141833100002 1.11865890
85761.246343699997 0.977168620
85761.350854300006 1.01943207
85761.455364900001 1.12888992
85761.559875499996 1.00143445
85761.664386100005 1.02158797
85761.768896699999 0.998321235
85761.873407300009 0.987139106
85761.977917900003 0.935295582
85762.082428499998 1.01872945
85762.186939100007 1.08304346
85762.291449700002 1.05550134
85762.395960299997 0.974766850
85762.500470900006 0.835901380
85762.604981500001 0.935467839
85762.709492099995 0.886884093
85762.814002700004 0.947574377
85762.918513400000 1.02860916
85763.023023999995 0.877073526
85763.127534600004 0.736454546
85763.232045199999 0.996312320
85763.336555800008 1.01867890
85763.441066400002 1.02514958
85763.545576999997 0.959535122
85763.650087600006 1.08470583
85763.754598200001 1.01451504
85763.859108799996 0.992617011
85763.963619400005 1.02390599
85764.068130000000 0.982209742
85764.172640600009 0.890534043
85764.277151200004 0.924084604
85764.381661799998 1.02934718
85764.486172400007 1.05484855
85764.590683000002 1.11376214
85764.695193599997 0.895136237
85764.799704300007 1.06088042
85764.904214900002 0.986410499
85765.008725499996 1.04176009
85765.113236100005 1.07836628
85765.217746700000 1.02036619
85765.322257299995 0.860003054
85765.426767900004 0.811864734
85765.531278499999 1.01553464
85765.635789100008 0.974732935
85765.740299700003 1.07990813
85765.844810299997 1.02557433
85765.949320900007 0.977996171
85766.053831500001 0.899835110
85766.158342099996 1.04130614
85766.262852700005 1.01127160
85766.367363300000 1.01487362
85766.471873899995 0.978609502
85766.576384600005 0.905176282
85766.680895199999 1.06151319
85766.785405800008 1.03490913
85766.889916400003 0.996599138
85766.994426999998 1.10444045
85767.098937600007 1.01952064
85767.203448200002 1.06671453
85767.307958799996 1.01594818
85767.412469400006 0.896987736
85767.516980000000 0.900728106
85767.621490599995 0.969129920
85767.726001200004 1.02190995
85767.830511799999 0.992366314
85767.935022400008 1.04110706
85768.039533000003 0.949717760
85768.144043599998 0.949952006
85768.248554200007 1.00622761
85768.353064800001 1.01202071
85768.457575399996 0.856835544
85768.562086100006 0.801322699
85768.666596700001 0.981716633
85768.771107299995 0.995690942
85768.875617900005 0.875506818
85768.980128499999 1.04568255
85769.084639100009 1.09654582
85769.189149700003 1.07217956
85769.293660299998 1.06633806
85769.398170900007 1.08180022
85769.502681500002 1.03339970
85769.607192099997 0.885454237
85769.711702700006 0.959278047
85769.816213300001 0.872884929
85769.920723899995 1.03385293
85770.025234500004 1.00040817
85770.129745099999 0.968315244
85770.234255700008 0.934246242
85770.338766400004 1.09999871
85770.443276999998 0.936518192
85770.547787600008 1.10090017
85770.652298200002 0.936894119
85770.756808799997 0.969879031
85770.861319400006 1.02203739
85770.965830000001 0.956406951
85771.070340599996 0.942743421
85771.174851200005 1.06096029
85771.279361800000 1.07323182
85771.383872400009 0.910246670
85771.488383000004 0.918403804
85771.592893599998 1.01001680
85771.697404200007 0.965391099
85771.801914800002 0.804925919
85771.906425399997 1.08939195
85772.010936000006 0.966274083
85772.115446600001 0.965878546
85772.219957299996 1.00764453
85772.324467900005 0.964531839
85772.428978500000 1.10651386
85772.533489099995 1.06604671
85772.637999700004 1.16837001
85772.742510299999 1.02101612
85772.847020900008 0.874591827
85772.951531500003 0.859028220
85773.056042099997 0.996821821
85773.160552700007 0.841075480
85773.265063300001 0.821396112
85773.369573899996 0.888909876
85773.474084500005 1.01417470
85773.578595100000 1.02190828
85773.683105699994 0.870444894
85773.787616300004 1.04195619
85773.892126899998 0.864314616
85773.996637500008 0.955029309
85774.101148200003 0.919708014
85774.205658799998 0.916538060
85774.310169400007 1.04395258
85774.414680000002 0.915096462
85774.519190599996 1.02728260
85774.623701200006 1.02688861
85774.728211800000 0.902841568
85774.832722399995 0.981013715
85774.937233000004 1.03782332
85775.041743599999 1.06228232
85775.146254200008 1.01573718
85775.250764800003 1.00714028
85775.355275399997 0.926663399
85775.459786000007 0.899776399
85775.564296600001 0.925215602
85775.668807199996 0.868008375
85775.773317800005 1.03258526
85775.877828400000 0.952906370
85775.982339099995 0.986968815
85776.086849700005 1.02720094
85776.191360299999 0.944926262
85776.295870900009 1.07069254
85776.400381500003 0.843976259
85776.504892099998 0.827079713
85776.609402700007 0.912380934
85776.713913300002 0.868147016
85776.818423899997 1.04326355
85776.922934500006 0.998110890
85777.027445100000 0.879101396
85777.131955699995 1.07151651
85777.236466300004 0.964473963
85777.340976899999 0.967501640
85777.445487500008 0.941388667
85777.549998100003 0.958363950
85777.654508699998 1.02466619
85777.759019400008 0.954148173
85777.863530000002 1.08916926
85777.968040599997 1.04207444
85778.072551200006 0.953470945
85778.177061800001 1.02020144
85778.281572399996 0.928797722
85778.386083000005 1.00390124
85778.490593600000 1.01332450
85778.595104200009 1.14295328
85778.699614800003 1.12012517
85778.804125399998 1.05090654
85778.908636000007 0.984812140
85779.013146600002 1.05864382
85779.117657199997 1.05114532
85779.222167800006 1.04517663
85779.326678400001 1.15735912
85779.431188999995 1.04758430
85779.535699600005 0.937276006
85779.640210300000 0.951667666
85779.744720899995 1.05627561
85779.849231500004 1.08324981
85779.953742099999 1.02879775
85780.058252700008 1.06703925
85780.162763300003 1.03716612
85780.267273899997 1.03488064
85780.371784500006 0.982016087
85780.476295100001 1.02384281
85780.580805699996 1.09943891
85780.685316300005 1.02549589
85780.789826900000 0.984722793
85780.894337499994 0.876503229
85780.998848100004 0.994001687
85781.103358699998 0.956131697
85781.207869300008 0.947304666
85781.312379900002 0.969377160
85781.416890499997 1.02292240
85781.521401200007 1.04992270
85781.625911800002 0.953062117
85781.730422399996 1.05993485
85781.834933000006 1.06928241
85781.939443600000 0.974362612
85782.043954199995 1.03995907
85782.148464800004 1.11036336
85782.252975399999 1.00807667
85782.357486000008 0.944312572
85782.461996600003 0.951715410
85782.566507199997 1.05210614
85782.671017800007 1.07494426
85782.775528400001 1.05549026
85782.880038999996 0.990847051
85782.984549600005 0.961092055
85783.089060200000 0.814401865
85783.193570799995 0.905360222
85783.298081500005 0.940654814
85783.402592099999 1.01520681
85783.507102700009 0.972622693
85783.611613300003 1.00035620
85783.716123899998 0.972876966
85783.820634500007 0.928059518
85783.925145100002 0.954904795
85784.029655699997 0.972487867
85784.134166300006 0.895600617
85784.238676900000 0.895931065
85784.343187499995 1.01580977
85784.447698100004 0.911085665
85784.552208699999 0.913319230
85784.656719300008 0.969991505
85784.761229900003 0.968293071
85784.865740499998 1.04537058
85784.970251100007 1.07826257
85785.074761700002 1.01876199
85785.179272399997 1.05943394
85785.283783000006 1.02151632
85785.388293600001 1.04675293
85785.492804199996 1.00170243
85785.597314800005 0.974056780
85785.701825400000 0.911792159
85785.806336000009 1.01161432
85785.910846600003 0.985942960
85786.015357199998 1.14329886
85786.119867800007 1.04497051
85786.224378400002 0.918757021
85786.328888999997 0.953418255
85786.433399600006 0.906854630
85786.537910200001 0.922009468
85786.642420799995 0.978580773
85786.746931400005 0.924103141
85786.851441999999 1.05453491
85786.955952599994 1.06368780
85787.060463300004 1.02121484
85787.164973899999 1.02628005
85787.269484500008 1.02115357
85787.373995100003 1.03860116
85787.478505699997 0.987730622
85787.583016300006 0.999222934
85787.687526900001 1.06118011
85787.792037499996 0.954367697
85787.896548100005 0.934381485
85788.001058700000 0.955054462
85788.105569299994 0.866717994
85788.210079900004 0.953362226
85788.314590499998 1.02481949
85788.419101100008 0.997197390
85788.523611700002 0.937826812
85788.628122299997 1.06531417
85788.732632900006 0.960603714
85788.837143500001 1.02755320
85788.941654199996 1.00321639
85789.046164800005 1.02598500
85789.150675400000 1.07754529
85789.255185999995 0.977557421
85789.359696600004 0.966411710
85789.464207199999 1.02884817
85789.568717800008 1.12232554
85789.673228400003 0.967045009
85789.777738999997 1.03641582
85789.882249700007 1.07911706
85789.986760300002 1.00709891
85790.091270899997 0.959537625
85790.195781500006 1.02958834
85790.300292100001 1.04606831
85790.404802699995 1.10584295
85790.509313300005 0.949740171
85790.613823899999 0.977486074
85790.718334500008 0.965503216
85790.822845100003 0.923821867
85790.927355699998 1.12065053
85791.031866300007 1.08091676
85791.136376900002 1.00945473
85791.240887499996 0.853588521
85791.345398100006 1.06966782
85791.449908700000 0.987892747
85791.554419299995 1.03869617
85791.658930000005 0.970346808
85791.763440600000 0.903362572
85791.867951199994 1.01720679
85791.972461800004 1.05353510
85792.076972399998 1.04436851
85792.181483000008 0.930048823
85792.285993600002 0.958497882
85792.390504199997 0.996432304
85792.495014800006 0.964810371
85792.599525400001 1.11317575
85792.704035999996 1.11467290
85792.808546600005 1.04999244
85792.913057199999 1.05059624
85793.017567800009 1.00012541
85793.122078400003 1.01091528
85793.226588999998 1.12529314
85793.331099600007 1.01218784
85793.435610200002 1.05343318
85793.540120899997 0.997716188
85793.644631500007 1.02682126
85793.749142100001 1.04928279
85793.853652699996 1.09152436
85793.958163300005 0.981737554
85794.062673900000 1.06254423
85794.167184499995 1.00878918
85794.271695100004 1.10680318
85794.376205699999 1.04462838
85794.480716300008 1.04361308
85794.585226900002 1.04346669
85794.689737499997 1.13301206
85794.794248100006 1.13176644
85794.898758700001 1.07872593
85795.003269299996 1.12152934
85795.107779900005 1.01581383
85795.212290500000 1.03406417
85795.316801100009 1.01600194
85795.421311800004 0.886797369
85795.525822399999 1.04164433
85795.630333000008 1.11759102
85795.734843600003 1.08851635
85795.839354199998 1.06967127
85795.943864800007 0.944735706
85796.048375400002 1.03964055
85796.152885999996 1.00700736
85796.257396600005 1.07275271
85796.361907200000 0.989795089
85796.466417799995 1.05330634
85796.570928400004 1.00726783
85796.675438999999 1.02455223
85796.779949600008 1.07682860
85796.884460200003 1.00489902
85796.988970799997 1.03365147
85797.093481400007 0.948002875
85797.197992000001 0.895051777
85797.302502599996 1.09799480
85797.407013300006 0.919793427
85797.511523900001 1.10923874
85797.616034499995 1.01764393
85797.720545100005 0.911198199
85797.825055699999 0.915647924
85797.929566300008 0.885154128
85798.034076900003 0.944780529
85798.138587499998 1.00897479
85798.243098100007 1.04395032
85798.347608700002 0.853199005
85798.452119299996 1.02460659
85798.556629900006 0.916890740
85798.661140500000 0.962966383
85798.765651099995 0.967584193
85798.870161700004 0.845087230
85798.974672299999 0.846673369
85799.079182900008 0.895104587
85799.183693600004 0.964494824
85799.288204199998 0.965906560
85799.392714800008 0.939141154
85799.497225400002 0.958704770
85799.601735999997 0.967072785
85799.706246600006 0.947383702
85799.810757200001 1.07231557
85799.915267799995 1.07975256
85800.019778400005 1.02106655
85800.124288999999 1.03407371
85800.228799600009 0.898655295
85800.333310200003 0.997939408
85800.437820799998 0.969022036
85800.542331400007 1.11702645
85800.646842000002 0.883331120
85800.751352599997 1.00990188
85800.855863200006 1.03360415
85800.960373900001 0.939352155
85801.064884499996 0.966132462
85801.169395100005 0.843101382
85801.273905700000 0.885864913
85801.378416299995 1.04333782
85801.482926900004 0.911382079
85801.587437499998 1.02226806
85801.691948100008 0.955190599
85801.796458700002 1.04395509
85801.900969299997 0.944661438
85802.005479900006 0.896536589
85802.109990500001 0.895166814
85802.214501099996 0.900952578
85802.319011700005 1.11601222
85802.423522300000 0.996607661
85802.528032900009 1.06226027
85802.632543500004 1.07313287
85802.737054199999 1.13994408
85802.841564800008 1.03274870
85802.946075400003 1.05026627
85803.050585999998 0.947402537
85803.155096600007 1.12156260
85803.259607200001 1.00309861
85803.364117799996 0.953029871
85803.468628400005 1.05415297
85803.573139000000 1.02225924
85803.677649599995 1.09264565
85803.782160200004 1.02675533
85803.886670799999 0.987906396
85803.991181400008 1.02391124
85804.095692000003 0.869263232
85804.200202599997 0.982081294
85804.304713200007 0.970041096
85804.409223800001 0.925099671
85804.513734399996 1.01978743
85804.618245100006 1.03764844
85804.722755700001 1.18146324
85804.827266299995 1.09189665
85804.931776900004 0.981963933
85805.036287499999 0.990827620
85805.140798100008 1.01676762
85805.245308700003 1.04873419
85805.349819299998 1.05944276
85805.454329900007 1.03797901
85805.558840500002 1.03275931
85805.663351099996 1.00938118
85805.767861700006 1.08480728
85805.872372300000 0.970569968
85805.976882899995 1.01033747
85806.081393500004 0.985689819
85806.185904099999 0.962850571
85806.290414700008 0.942848444
85806.394925400004 1.00389028
85806.499435999998 1.10088527
85806.603946600007 1.03232193
85806.708457200002 0.966349423
85806.812967799997 0.884777367
85806.917478400006 1.05633724
85807.021989000001 1.00611591
85807.126499599995 1.09870446
85807.231010200005 1.14102972
85807.335520799999 1.04787695
85807.440031400009 0.981633484
85807.544542000003 0.968123257
85807.649052599998 0.915437281
85807.753563200007 1.08789039
85807.858073800002 0.909235299
85807.962584399997 0.974017501
85808.067095000006 1.06408823
85808.171605600000 0.918424726
85808.276116299996 0.934381902
85808.380626900005 0.880341887
85808.485137500000 0.988614976
85808.589648099995 1.00102246
85808.694158700004 1.08852661
85808.798669299998 0.986541569
85808.903179900008 0.906467974
85809.007690500002 0.958787382
85809.112201099997 0.958426595
85809.216711700006 1.08398938
85809.321222300001 1.11237562
85809.425732899996 1.10926056
85809.530243500005 1.04774082
85809.634754100000 1.01463377
85809.739264700009 0.987981617
85809.843775300003 0.987977445
85809.948285899998 0.940965474
85810.052796500007 0.994569242
85810.157307200003 1.07179403
85810.261817799998 1.12598968
85810.366328400007 1.21932244
85810.470839000001 0.850965321
85810.575349599996 1.01452243
85810.679860200005 1.08930385
85810.784370800000 1.04197812
85810.888881399995 0.989662647
85810.993392000004 1.14972830
85811.097902599999 1.04606080
85811.202413200008 1.06026697
85811.306923800003 0.967545211
85811.411434399997 0.941196740
85811.515945000006 0.981466234
85811.620455600001 0.984721720
85811.724966199996 1.06396902
85811.829476800005 0.966220081
85811.933987500001 1.00274694
85812.038498099995 1.07080567
85812.143008700004 1.00342798
85812.247519299999 1.02443492
85812.352029900008 0.936618805
85812.456540500003 1.01714313
85812.561051099998 0.943732321
85812.665561700007 1.02097952
85812.770072300002 0.963819563
85812.874582899996 1.07145286
85812.979093500006 0.958216310
85813.083604100000 1.01777983
85813.188114699995 0.890811682
85813.292625300004 1.07130611
85813.397135899999 1.06861460
85813.501646500008 0.919624507
85813.606157100003 0.974080265
85813.710667699997 1.01366043
85813.815178400007 0.977262020
85813.919689000002 0.921463072
85814.024199599997 0.964282811
85814.128710200006 0.961879373
85814.233220800001 1.13128805
85814.337731399995 1.01069450
85814.442242000005 1.05848408
85814.546752599999 0.979307294
85814.651263200009 1.04536617
85814.755773800003 0.906994820
85814.860284399998 1.08139777
85814.964795000007 0.930650413
85815.069305600002 0.976267219
85815.173816199997 1.10025084
85815.278326800006 0.962684870
85815.382837400000 1.12769842
85815.487347999995 0.993445933
85815.591858600004 0.950450480
85815.696369300000 0.958126605
85815.800879899994 1.06145906
85815.905390500004 1.07461298
85816.009901099998 0.989862263
85816.114411700008 1.00806010
85816.218922300002 0.987653553
85816.323432899997 1.04511797
85816.427943500006 1.00041127
85816.532454100001 1.11258268
85816.636964699996 1.17034996
85816.741475300005 1.11815703
85816.845985900000 1.13354945
85816.950496500009 1.12149251
85817.055007100003 0.924508095
85817.159517699998 1.01218641
85817.264028300007 0.935148120
85817.368538900002 0.924534500
85817.473049499997 1.10456145
85817.577560200007 1.08320189
85817.682070800001 0.896778464
85817.786581399996 0.969218552
85817.891092000005 1.13187146
85817.995602600000 1.02638400
85818.100113199995 0.980529070
85818.204623800004 1.03658736
85818.309134399999 0.999922216
85818.413645000008 1.14205205
85818.518155600003 1.06345499
85818.622666199997 0.916179657
85818.727176800006 0.946243525
85818.831687400001 0.913696229
85818.936197999996 1.03791702
85819.040708600005 0.977948308
85819.145219200000 1.02049923
85819.249729799994 0.911326647
85819.354240400004 0.916938782
85819.458751099999 1.09838951
85819.563261700008 1.11092997
85819.667772300003 0.931884825
85819.772282899998 1.00416088
85819.876793500007 1.01190114
85819.981304100002 0.966555893
85820.085814699996 0.974364281
85820.190325300005 1.00429118
85820.294835900000 0.940308571
85820.399346499995 1.08515906
85820.503857100004 0.982866645
85820.608367699999 0.943336129
85820.712878300008 0.947763324
85820.817388900003 0.940991163
85820.921899499997 1.07369280
85821.026410100007 0.983905673
85821.130920700001 1.03646982
85821.235431299996 1.00537562
85821.339942000006 0.920434296
85821.444452600001 1.01433325
85821.548963199995 0.925604343
85821.653473800005 1.02595699
85821.757984399999 0.919463277
85821.862495000008 0.909061551
85821.967005600003 0.887610734
85822.071516199998 0.990539312
85822.176026800007 0.939897776
85822.280537400002 1.03781116
85822.385047999996 1.10455549
85822.489558600006 1.02078617
85822.594069200000 1.00202096
85822.698579799995 0.869682133
85822.803090400004 0.963410616
85822.907600999999 1.00847173
85823.012111600008 1.00891769
85823.116622300004 1.02399468
85823.221132899998 0.890272796
85823.325643500008 1.00366104
85823.430154100002 0.965229928
85823.534664699997 0.923520505
85823.639175300006 0.940690100
85823.743685900001 0.935255885
85823.848196499996 0.973370075
85823.952707100005 0.976140678
85824.057217699999 1.05242896
85824.161728300009 1.07651544
85824.266238900003 0.941272557
85824.370749499998 0.961520672
85824.475260100007 1.07401109
85824.579770700002 1.08692062
85824.684281299997 1.08165407
85824.788792000007 1.10694957
85824.893302600001 0.979286671
85824.997813199996 1.15654874
85825.102323800005 1.02886677
85825.206834400000 1.15592277
85825.311344999995 1.01842856
85825.415855600004 1.15043223
85825.520366199999 1.06466532
85825.624876800008 0.998077750
85825.729387400002 1.04126787
85825.833897999997 0.959902287
85825.938408600006 0.929624319
85826.042919200001 1.02065599
85826.147429799996 0.987536788
85826.251940400005 1.06921327
85826.356451000000 0.960551560
85826.460961600009 1.04459870
85826.565472300004 1.05482781
85826.669982899999 1.05220211
85826.774493500008 1.07641482
85826.879004100003 1.12177336
85826.983514699998 0.994196892
85827.088025300007 0.987823009
85827.192535900002 1.06044114
85827.297046499996 1.09559631
85827.401557100005 1.02126694
85827.506067700000 1.02531517
85827.610578299995 1.00646818
85827.715088900004 1.13572025
85827.819599499999 0.990551174
85827.924110100008 0.872899711
85828.028620700003 0.900471866
85828.133131299997 0.964200079
85828.237642000007 1.04993951
85828.342152600002 1.05261016
85828.446663199997 1.00814664
85828.551173800006 0.966978908
85828.655684400001 0.963627160
85828.760194999995 0.917033672
85828.864705600005 0.950136662
85828.969216199999 0.994552553
85829.073726800008 0.905968368
85829.178237400003 0.906956792
85829.282747999998 0.930050850
85829.387258600007 1.08859277
85829.491769200002 1.06465876
85829.596279799996 0.859094083
85829.700790400006 0.884857118
85829.805301000000 1.06319082
85829.909811599995 0.976612985
85830.014322300005 0.941751480
85830.118832900000 0.936905444
85830.223343499994 0.967755020
85830.327854100004 1.04767728
85830.432364699998 1.06026161
85830.536875300008 1.12143350
85830.641385900002 1.07290637
85830.745896499997 0.969196916
85830.850407100006 0.997166872
85830.954917700001 0.962124884
85831.059428299995 0.879263580
85831.163938900005 0.996338069
85831.268449499999 1.07919478
85831.372960100009 0.909553707
85831.477470700003 0.972710729
85831.581981299998 1.05726218
85831.686491900007 0.969092488
85831.791002600003 0.991313577
85831.895513199997 0.704388320
85832.000023800007 0.999389708
85832.104534400001 0.925332069
85832.209044999996 0.975876868
85832.313555600005 0.961094201
85832.418066200000 0.927286923
85832.522576799995 0.940015316
85832.627087400004 1.05485606
85832.731597999998 1.06229496
85832.836108600008 0.984611928
85832.940619200002 0.918299794
85833.045129799997 1.05484521
85833.149640400006 1.05572605
85833.254151000001 0.969503343
85833.358661599996 0.878154337
85833.463172200005 0.947733521
85833.567682900000 1.00640011
85833.672193499995 1.12851179
85833.776704100004 1.03338838
85833.881214699999 0.940073431
85833.985725300008 1.11432242
85834.090235900003 0.995139837
85834.194746499998 1.13921034
85834.299257100007 1.00416446
85834.403767700001 1.04139936
85834.508278299996 0.992642045
85834.612788900005 0.980653107
85834.717299500000 1.01316750
85834.821810099995 0.963910222
85834.926320700004 0.977491140
85835.030831299999 1.09419644
85835.135341900008 1.07146680
85835.239852500003 1.07977927
85835.344363199998 1.09012461
85835.448873800007 0.909160972
85835.553384400002 1.03220832
85835.657894999997 0.997577488
85835.762405600006 1.04064643
85835.866916200001 1.02074397
85835.971426799995 1.10620153
85836.075937400004 1.00558114
85836.180447999999 1.03852987
85836.284958600008 1.04951680
85836.389469200003 1.02809000
85836.493979799998 1.02935326
85836.598490400007 1.06791115
85836.703001000002 1.02874923
85836.807511599996 0.968141198
85836.912022200006 1.05055344
85837.016532900001 1.02392542
85837.121043499996 0.934046686
85837.225554100005 0.878312707
85837.330064700000 0.933352053
85837.434575299994 0.976903141
85837.539085900004 0.884437919
85837.643596499998 0.880426407
85837.748107100007 1.10417175
85837.852617700002 1.07690179
85837.957128299997 1.15387726
85838.061638900006 1.06629133
85838.166149500001 0.956819057
85838.270660099995 0.955218077
85838.375170700005 0.950784862
85838.479681299999 1.03618193
85838.584191900009 0.939308584
85838.688702500003 1.09337902
85838.793213199999 0.956830323
85838.897723800008 0.896098912
85839.002234400003 0.946625412
85839.106744999997 0.909887612
85839.211255600007 0.941151798
85839.315766200001 0.867849231
85839.420276799996 0.931466460
85839.524787400005 1.01354909
85839.629298000000 1.06587803
85839.733808599995 0.923872054
85839.838319200004 0.896165431
85839.942829799998 1.07407391
85840.047340400008 1.01713836
85840.151851000002 0.988828659
85840.256361599997 0.985709369
85840.360872200006 1.08047807
85840.465382800001 1.04928029
85840.569893499996 1.06553948
85840.674404000005 1.03266370
85840.778914600000 0.924184084
85840.883425200009 0.929709971
85840.987935800003 0.937426269
85841.092446399998 0.963118792
85841.196957000007 0.886256576
85841.301467600002 0.914869905
85841.405978199997 1.05036545
85841.510488900007 0.972499669
85841.614999500001 0.887080252
85841.719510099996 1.02015579
85841.824020700005 1.01786530
85841.928531300000 0.987894833
85842.033041899995 0.975623846
85842.137552500004 1.03676116
85842.242063099999 1.00427318
85842.346573700008 1.01056886
85842.451084300003 1.22190845
85842.555594899997 1.02447140
85842.660105500006 0.997144341
85842.764616100001 0.983546078
85842.869126699996 0.978433669
85842.973637300005 0.997844756
85843.078147900000 1.12398243
85843.182658499994 0.997420549
85843.287169200004 1.03138697
85843.391679799999 0.972738922
85843.496190400008 1.05145705
85843.600701000003 1.11954737
85843.705211599998 1.01261818
85843.809722200007 0.923367798
85843.914232800002 0.994366765
85844.018743399996 0.938565075
85844.123254000006 0.852462649
85844.227764600000 1.03282046
85844.332275199995 0.935679078
85844.436785800004 1.04399800
85844.541296399999 0.984449506
85844.645807000008 1.08639252
85844.750317600003 1.13162661
85844.854828199997 1.00882971
85844.959338800007 0.956601024
85845.063849400001 0.979658008
85845.168360099997 0.879840851
85845.272870700006 1.01694798
85845.377381300001 1.01368308
85845.481891899995 0.987607062
85845.586402500005 1.09406531
85845.690913099999 1.02390385
85845.795423700009 0.844142020
85845.899934300003 1.01688373
85846.004444899998 0.968177259
85846.108955500007 0.923498273
85846.213466100002 0.967969120
85846.317976699997 0.991077006
85846.422487300006 1.09608817
85846.526997900000 0.993436396
85846.631508499995 1.01021826
85846.736019100004 0.930176437
85846.840529699999 0.969693422
