85189.850000000006 0.981494129
85191.600000000006 0.984895468
85193.350000000006 0.968499243
85195.100000000006 0.993535757
85196.789999999994 0.991111219
85198.539999999994 0.972585857
85200.229999999996 0.988399625
85201.979999999996 0.987658143
85203.669999999998 0.967931092
85205.419999999998 0.925813913
85207.100000000006 0.961262703
85208.850000000006 0.993789792
85210.600000000006 1.00832307
85212.289999999994 0.984564126
85214.039999999994 0.992154479
85215.729999999996 0.951027274
85217.509999999995 0.997132778
85219.289999999994 0.981631398
85220.919999999998 1.05976903
85222.669999999998 0.990011156
85224.350000000006 0.998871028
85226.100000000006 0.953372955
85227.789999999994 1.01074934
85229.539999999994 1.02592111
85231.289999999994 1.01009548
85232.979999999996 0.974129617
85234.729999999996 1.00686181
85236.419999999998 0.973116577
85238.169999999998 1.00051379
85239.919999999998 0.982047021
85241.600000000006 0.999911129
85243.350000000006 1.02182341
85245.039999999994 1.01957309
85246.789999999994 1.01049578
85248.539999999994 0.986816704
85250.270000000004 0.981146753
85251.990000000005 0.992048025
85253.669999999998 1.01365018
85255.419999999998 0.989989102
85257.100000000006 0.984508216
85258.850000000006 0.963457525
85260.600000000006 1.01813734
85262.289999999994 1.04557371
85264.039999999994 0.987094343
85265.729999999996 0.965832353
85267.479999999996 0.997420609
85269.169999999998 0.983380854
85270.919999999998 1.03851593
85272.669999999998 1.03094733
85274.350000000006 0.991178632
85276.100000000006 0.990285516
85277.789999999994 0.955027878
85279.600000000006 0.911592662
85281.350000000006 1.06528878
85282.979999999996 1.02161443
85284.729999999996 1.00102305
85286.479999999996 1.01577640
85288.169999999998 0.975401402
85289.919999999998 1.01452088
85291.600000000006 0.987528265
85293.350000000006 1.03917789
85295.039999999994 0.949840128
85296.789999999994 0.990178347
85298.479999999996 1.00002706
85300.229999999996 1.00302339
85301.919999999998 0.997903824
85303.669999999998 1.02062011
85305.350000000006 1.00823390
85307.100000000006 0.980055928
85308.809999999998 0.976329923
85310.559999999998 1.06500924
85312.289999999994 0.986836195
85313.979999999996 1.01284945
85315.729999999996 0.992565811
85317.419999999998 1.05653548
85319.169999999998 1.00640881
85320.850000000006 1.03862619
85322.600000000006 0.959709227
85324.289999999994 0.984240890
85326.039999999994 0.997225583
85327.729999999996 1.00920010
85329.479999999996 0.960861921
85331.229999999996 0.956505835
85332.919999999998 1.00313377
85334.669999999998 0.994733095
85336.350000000006 0.988214910
85338.100000000006 0.978619874
85339.789999999994 0.975309134
85341.539999999994 0.995175838
85343.270000000004 1.00147259
85344.979999999996 1.03739536
85346.669999999998 1.01904666
85348.419999999998 1.00086200
85350.169999999998 1.02725506
85351.850000000006 1.02089930
85353.600000000006 1.03771174
85355.289999999994 1.05340123
85357.039999999994 1.00291491
85358.729999999996 0.983113706
85360.479999999996 0.980956137
85362.229999999996 1.01302934
85363.919999999998 1.02342129
85365.669999999998 0.977022529
85367.380000000005 1.00958061
85369.100000000006 0.976064384
85370.789999999994 1.00967491
85372.539999999994 1.01677799
85374.229999999996 1.05325603
85375.979999999996 1.02222311
85377.669999999998 1.06078434
85379.419999999998 1.00210571
85381.100000000006 0.993676603
85382.850000000006 0.999968171
85384.539999999994 0.992048264
85386.289999999994 1.05963838
85387.979999999996 1.03963244
85389.729999999996 1.01569009
85391.419999999998 0.973223627
85393.169999999998 0.988429844
85394.850000000006 0.964037895
85396.600000000006 1.02990377
85398.350000000006 1.01547956
85400.070000000007 1.00091410
85401.789999999994 1.02116966
85403.479999999996 1.01137960
85405.229999999996 0.988241732
85406.919999999998 1.00513589
85408.669999999998 1.00962174
85410.350000000006 1.01764548
85412.100000000006 0.988650441
85413.850000000006 1.02255917
85415.539999999994 1.05817401
85417.289999999994 1.06139076
85418.979999999996 1.03217423
85420.729999999996 0.998284638
85422.479999999996 1.00079143
85424.169999999998 1.01568723
85425.850000000006 0.984336972
85427.619999999995 1.02335072
85429.350000000006 1.00196064
85431.039999999994 0.988414645
85432.729999999996 1.01780725
85434.479999999996 0.974464297
85436.229999999996 0.968054950
85437.919999999998 1.00135696
85439.669999999998 1.01776457
85441.350000000006 0.960162699
85443.100000000006 0.992211044
85444.850000000006 0.974695563
85446.539999999994 1.02150989
85448.289999999994 1.04122245
85449.979999999996 0.966899216
85451.729999999996 1.00738943
85453.419999999998 1.02746725
85455.179999999993 0.988308012
85456.919999999998 0.998813212
85458.600000000006 1.01592088
85460.289999999994 0.984192014
85462.039999999994 0.988044739
85463.789999999994 1.02962530
85465.479999999996 1.05888450
85467.229999999996 1.03515589
85468.919999999998 1.04790461
85470.669999999998 0.985812604
85472.350000000006 1.02575040
85474.100000000006 0.977695167
85475.850000000006 1.04628360
85477.539999999994 1.04184115
85479.289999999994 1.01098955
85480.990000000005 1.00519955
85482.740000000005 1.01194823
85484.479999999996 1.02224433
85486.169999999998 1.05783439
85487.850000000006 1.00065732
85489.600000000006 0.988388896
85491.289999999994 0.972501814
85493.039999999994 1.03174365
85494.729999999996 1.04682374
85496.479999999996 0.966000855
85498.229999999996 0.943230093
85499.919999999998 0.973409057
85501.669999999998 0.961880744
85503.350000000006 1.02872121
85505.100000000006 0.968044877
85506.789999999994 1.01372516
85508.570000000007 1.00756800
85510.289999999994 0.982552111
85511.979999999996 0.947906673
85513.729999999996 1.04046237
85515.419999999998 1.04562867
85517.169999999998 1.01129270
85518.850000000006 0.992161930
85520.600000000006 0.977641046
85522.289999999994 1.03801084
85524.039999999994 0.935001075
85525.729999999996 1.05934381
85527.479999999996 1.02891970
85529.179999999993 1.02805829
85530.919999999998 0.975794673
85532.600000000006 1.01599479
85534.380000000005 1.02232683
85536.100000000006 1.04344893
85537.850000000006 1.02002883
85539.539999999994 1.00380814
85541.229999999996 1.03796017
85542.979999999996 1.02558470
85544.669999999998 1.06817126
85546.419999999998 1.03264606
85548.100000000006 0.967529893
85549.850000000006 0.991022348
85551.539999999994 0.977788806
85553.289999999994 0.911468506
85554.979999999996 0.859768033
85556.729999999996 0.770473540
85558.419999999998 0.647848248
85560.169999999998 0.561908841
85561.850000000006 0.539459765
85563.600000000006 0.475470185
85565.289999999994 0.482899100
85567.039999999994 0.462251842
85568.759999999995 0.459907979
85570.479999999996 0.453892648
85572.169999999998 0.467369229
85573.919999999998 0.450939745
85575.669999999998 0.484625906
85577.350000000006 0.432483643
85579.039999999994 0.442406684
85580.789999999994 0.449167788
85582.479999999996 0.452989995
85584.229999999996 0.424144685
85585.919999999998 0.439446747
85587.669999999998 0.433240026
85589.419999999998 0.445035040
85591.100000000006 0.431293815
85592.850000000006 0.431359619
85594.570000000007 0.443522841
85596.289999999994 0.431920409
85597.979999999996 0.410695404
85599.729999999996 0.449706942
85601.419999999998 0.421789736
85603.169999999998 0.472018331
85604.850000000006 0.447727054
85606.600000000006 0.424584985
85608.289999999994 0.408768922
85610.039999999994 0.387242824
85611.729999999996 0.390838295
85613.479999999996 0.397801369
85615.169999999998 0.437735766
85616.919999999998 0.429051101
85618.600000000006 0.426020384
85620.369999999995 0.409992993
85622.100000000006 0.404629916
85623.789999999994 0.391296804
85625.479999999996 0.400191903
85627.229999999996 0.444500864
85628.919999999998 0.431733549
85630.669999999998 0.414335907
85632.350000000006 0.408810228
85634.100000000006 0.418588519
85635.789999999994 0.419271410
85637.539999999994 0.424737483
85639.289999999994 0.437342435
85640.979999999996 0.397253424
85642.729999999996 0.440370440
85644.419999999998 0.455813885
85646.179999999993 0.393338025
85647.919999999998 0.436237991
85649.600000000006 0.425431311
85651.289999999994 0.437552512
85653.039999999994 0.426034927
85654.729999999996 0.426381171
85656.479999999996 0.428610474
85658.169999999998 0.420848221
85659.919999999998 0.394160867
85661.619999999995 0.421591610
85663.350000000006 0.403167784
85665.039999999994 0.421918452
85666.789999999994 0.398559690
85668.479999999996 0.410895109
85670.240000000005 0.413301706
85671.979999999996 0.435928822
85673.669999999998 0.400945604
85675.350000000006 0.387136281
85677.100000000006 0.412956893
85678.789999999994 0.433962762
85680.539999999994 0.433315009
85682.289999999994 0.448713660
85683.979999999996 0.458539128
85685.729999999996 0.438986212
85687.419999999998 0.420950621
85689.169999999998 0.458118826
85690.850000000006 0.431655169
85692.600000000006 0.464126766
85694.289999999994 0.440038353
85696.070000000007 0.461030185
85697.789999999994 0.501474619
85699.479999999996 0.514940381
85701.229999999996 0.495600313
85702.919999999998 0.571786821
85704.669999999998 0.617471278
85706.350000000006 0.734498441
85708.100000000006 0.844334364
85709.850000000006 0.906323731
85711.539999999994 0.975822866
85713.289999999994 0.976532757
85714.990000000005 1.01496732
85716.729999999996 0.971236527
85718.479999999996 1.00490153
85720.169999999998 0.987173915
85721.919999999998 0.970221817
85723.600000000006 0.981993496
85725.350000000006 1.00853002
85727.089999999997 0.979923666
85728.789999999994 0.988370299
85730.479999999996 0.971591115
85732.229999999996 1.02699745
85733.919999999998 1.00771236
85735.669999999998 1.00791478
85737.350000000006 0.959467947
85739.100000000006 0.997483969
85740.809999999998 0.976489425
85742.539999999994 1.06682169
85744.229999999996 0.968843818
85745.979999999996 0.966727853
85747.729999999996 0.973672450
85749.419999999998 1.00082469
85751.169999999998 0.994888365
85752.850000000006 0.996219695
85754.630000000005 0.978017449
85756.350000000006 0.983472466
85758.039999999994 0.969196796
85759.729999999996 1.00944293
85761.479999999996 1.02285707
85763.169999999998 0.957673788
85764.919999999998 0.960472047
85766.600000000006 0.978130639
85768.350000000006 0.960423708
85770.100000000006 0.992208779
85771.789999999994 0.967807889
85773.539999999994 1.01343286
85775.229999999996 1.01458836
85776.979999999996 0.980540574
85778.669999999998 1.02022088
85780.490000000005 0.953649759
85782.229999999996 1.01102269
85783.869999999995 0.973222494
85785.600000000006 1.01717770
85787.350000000006 0.957561076
85789.039999999994 0.999126732
85790.740000000005 1.01027155
85792.479999999996 1.02036333
85794.229999999996 0.989607990
85795.919999999998 1.00830841
85797.669999999998 0.993965328
85799.350000000006 0.961870074
85801.100000000006 0.995419979
85802.789999999994 1.02689362
85804.539999999994 1.01951575
85806.229999999996 0.981447697
85807.979999999996 0.952964902
85809.729999999996 0.982829332
85811.460000000006 0.990667760
85813.169999999998 1.00958240
85814.850000000006 0.981868207
85816.600000000006 1.01009846
85818.350000000006 1.01180768
85820.039999999994 0.956433177
85821.789999999994 0.979131997
85823.479999999996 0.998851538
85825.229999999996 0.981717527
85826.919999999998 1.01466107
85828.669999999998 0.977116406
85830.350000000006 1.01272023
85832.100000000006 1.00300491
85833.809999999998 0.979930222
85835.570000000007 0.996709645
85837.289999999994 0.997321248
85838.979999999996 1.04213190
85840.729999999996 0.973982573
85842.419999999998 0.991711915
85844.169999999998 0.952848852
85845.850000000006 1.02412164
85847.600000000006 1.01125884
85849.350000000006 1.00929976
85851.039999999994 0.989511907
85852.789999999994 1.04710507
85854.479999999996 1.01136255
85856.229999999996 0.965879083
85857.919999999998 1.02193916
85859.669999999998 1.03273606
85861.350000000006 0.995358288
85863.119999999995 0.942870855
85864.850000000006 1.00882196
85866.539999999994 0.998379171
85868.289999999994 0.978857338
85869.979999999996 0.986609578
85871.729999999996 0.984904230
85873.419999999998 1.01275706
85875.169999999998 1.05552340
85876.850000000006 0.974000931
85878.600000000006 0.954394996
85880.289999999994 0.974615097
85882.039999999994 1.00190806
85883.729999999996 0.996609032
85885.479999999996 1.02576184
85887.169999999998 0.939885855
85888.919999999998 0.979448318
85890.630000000005 0.986173868
85892.350000000006 1.03879726
85894.039999999994 0.950733304
85895.789999999994 0.989670396
85897.479999999996 1.01729059
85899.229999999996 0.953031123
85900.919999999998 0.966043890
85902.669999999998 0.969334483
85904.350000000006 1.01943028
85906.100000000006 1.03397012
85907.789999999994 1.00268245
85909.539999999994 1.00223422
85911.289999999994 1.00201035
85913.039999999994 0.889859557
85914.740000000005 0.987576544
85916.479999999996 1.00288892
85918.169999999998 0.986282647
85919.919999999998 0.971516550
85921.600000000006 1.01458728
85923.350000000006 1.02560115
85925.039999999994 1.02573049
85926.789999999994 1.01827085
85928.479999999996 0.988729835
85930.229999999996 0.986933827
85931.919999999998 1.02778983
85933.669999999998 0.978805423
85935.350000000006 0.998337150
85937.100000000006 1.03175199
85938.789999999994 1.03896344
85940.539999999994 0.995542228
85942.229999999996 0.921973348
85943.979999999996 0.951135099
85945.699999999997 0.968226910
85947.419999999998 0.994270623
85949.100000000006 1.02178931
85950.850000000006 1.04183829
85952.539999999994 1.01387691
85954.289999999994 1.03856897
85955.979999999996 0.996569753
85957.729999999996 0.966152310
85959.419999999998 1.04953909
85961.169999999998 0.977791369
85962.850000000006 1.05691695
85964.600000000006 0.920170367
85966.289999999994 0.982574224
85968.039999999994 1.03984249
85969.729999999996 1.04110456
85971.490000000005 0.960918546
85973.229999999996 1.02042198
85974.919999999998 0.898770809
85976.600000000006 1.00219333
85978.350000000006 0.993040085
85980.039999999994 0.987769008
85981.789999999994 0.990073979
85983.479999999996 1.01324463
85985.229999999996 1.00172091
85986.919999999998 0.997244060
85988.669999999998 0.946564198
85990.350000000006 1.01195931
85992.100000000006 1.00301313
85993.789999999994 0.987302959
85995.559999999998 1.01245797
85997.289999999994 1.06662941
85998.979999999996 1.00297284
86000.729999999996 1.01883292
86002.419999999998 0.991161168
86004.169999999998 0.998721421
86005.850000000006 1.02879071
86007.600000000006 1.01058745
86009.289999999994 0.999508142
86011.039999999994 1.07058644
86012.729999999996 1.05271971
86014.479999999996 1.02073348
86016.169999999998 1.01414788
86017.919999999998 1.05731237
86019.600000000006 0.995703876
86021.350000000006 1.01091027
86023.100000000006 1.02336884
86024.820000000007 1.02728736
86026.539999999994 1.01133287
86028.229999999996 0.991724491
86029.919999999998 1.01466525
86031.669999999998 1.04721355
86033.350000000006 0.986698925
86035.100000000006 1.02251935
86036.789999999994 1.01929319
86038.539999999994 1.02271962
86040.229999999996 0.999856949
86041.979999999996 1.05030799
86043.729999999996 1.03718960
86045.419999999998 1.04990578
86047.169999999998 1.03107882
86048.880000000005 1.00223494
86050.600000000006 0.988531709
86052.289999999994 0.957090676
86054.039999999994 0.983900070
86055.729999999996 0.952846467
86057.479999999996 1.01129580
86059.229999999996 1.02485108
86060.919999999998 0.970482111
86062.600000000006 0.981594920
86064.350000000006 0.991144657
86066.039999999994 1.04225063
86067.789999999994 0.984512627
86069.479999999996 1.05412126
86071.229999999996 0.926999331
86072.919999999998 0.965339541
86074.669999999998 0.994066417
86076.419999999998 1.04260743
86078.130000000005 1.01757944
86079.850000000006 0.998532653
86081.539999999994 0.985159993
86083.289999999994 0.972662985
