85053.742199999993 0.992508650
85054.382800000007 1.02440739
85055.023400000005 0.975702941
85055.664099999995 0.995583296
85056.304699999993 0.989064455
85056.945300000007 1.00455356
85057.585900000005 0.948419571
85058.226599999995 0.984078109
85058.867199999993 1.01693237
85059.500000000000 0.994698107
85060.140599999999 0.971998394
85060.781199999998 0.964735985
85061.421900000001 0.959652543
85062.062500000000 0.976040184
85062.703099999999 1.01598084
85063.343800000002 1.04477918
85063.984400000001 1.02936387
85064.625000000000 1.04699016
85065.265599999999 0.995021939
85065.898400000005 1.01379991
85066.539099999995 1.01167154
85067.179699999993 0.973585069
85067.820300000007 1.02800691
85068.460900000005 0.956238270
85069.101599999995 0.984033048
85069.742199999993 1.03210294
85070.382800000007 1.01150179
85071.023400000005 1.00676227
85071.656199999998 1.03567028
85072.296900000001 1.01591122
85072.937500000000 1.01875925
85073.578099999999 1.00637162
85074.218800000002 0.978905976
85074.859400000001 1.00417101
85075.500000000000 0.998252273
85076.140599999999 1.02485120
85076.781199999998 1.00214577
85077.421900000001 1.00337732
85078.054699999993 0.972749114
85078.695300000007 0.967703402
85079.335900000005 0.981182158
85079.976599999995 0.988319695
85080.617199999993 1.00941062
85081.257800000007 1.03022003
85081.898400000005 1.04823101
85082.539099999995 0.971060991
85083.179699999993 1.00939453
85083.820300000007 0.995027959
85084.453099999999 0.996819496
85085.093800000002 0.992520928
85085.734400000001 0.995710075
85086.375000000000 1.02648568
85087.015599999999 1.01693654
85087.656199999998 1.03897989
85088.296900000001 1.01955342
85088.937500000000 1.01972806
85089.578099999999 1.01543009
85090.218800000002 1.04778123
85090.851599999995 1.00723958
85091.492199999993 1.01347077
85092.132800000007 1.02162671
85092.773400000005 1.03186274
85093.414099999995 0.992632270
85094.054699999993 1.00991714
85094.695300000007 0.990127802
85095.335900000005 0.980461776
85095.976599999995 1.00789726
85096.617199999993 1.03070486
85097.250000000000 1.02464008
85097.890599999999 1.01485026
85098.531199999998 1.02660406
85099.171900000001 1.00480247
85099.812500000000 1.01354504
85100.453099999999 1.00400567
85101.093800000002 0.951202512
85101.734400000001 0.989615858
85102.375000000000 0.934397042
85103.015599999999 0.965111911
85103.648400000005 0.996259272
85104.289099999995 1.01964605
85104.929699999993 1.01386404
85105.570300000007 0.995113015
85106.210900000005 1.00372863
85106.851599999995 1.01401901
85107.492199999993 0.942964494
85108.132800000007 1.02423584
85108.773400000005 0.980361283
85109.414099999995 0.986866653
85110.046900000001 0.993961334
85110.687500000000 0.990447104
85111.328099999999 1.01267660
85111.968800000002 0.993375361
85112.609400000001 1.00704324
85113.250000000000 1.00272286
85113.890599999999 0.972756684
85114.531199999998 0.988036335
85115.171900000001 0.861512423
85115.812500000000 0.976422131
85116.445300000007 1.02115619
85117.085900000005 0.978855610
85117.726599999995 0.964244664
85118.367199999993 0.992790282
85119.007800000007 1.02740991
85119.648400000005 1.01007080
85120.289099999995 1.02521992
85120.929699999993 1.00069106
85121.570300000007 1.00226295
85122.203099999999 1.00677991
85122.843800000002 0.988887429
85123.484400000001 1.04977953
85124.125000000000 1.01375699
85124.765599999999 1.02357161
85125.406199999998 1.00732398
85126.046900000001 1.00774896
85126.687500000000 1.01691210
85127.328099999999 0.972315311
85127.968800000002 0.989751995
85128.601599999995 1.02655196
85129.242199999993 0.997977614
85129.882800000007 1.01621687
85130.523400000005 1.01171601
85131.164099999995 0.995258033
85131.804699999993 1.00475991
85132.445300000007 1.02110660
85133.085900000005 0.993127942
85133.726599999995 1.00089443
85134.367199999993 0.985834062
85135.000000000000 1.00766146
85135.640599999999 1.01892614
85136.281199999998 0.988196969
85136.921900000001 1.00522149
85137.562500000000 0.952602506
85138.203099999999 1.02167869
85138.843800000002 0.986000240
85139.484400000001 1.00246501
85140.125000000000 1.00960934
85140.765599999999 1.01622677
85141.398400000005 1.02132726
85142.039099999995 1.00101078
85142.679699999993 0.979891121
85143.320300000007 0.991925955
85143.960900000005 0.991795123
85144.601599999995 0.934215963
85145.242199999993 0.958879530
85145.882800000007 0.980477214
85146.523400000005 1.00386834
85147.164099999995 0.980588138
85147.796900000001 0.987823725
85148.437500000000 1.00431120
85149.078099999999 1.03082335
85149.718800000002 1.00373971
85150.359400000001 0.992748201
85151.000000000000 1.01653516
85151.640599999999 1.00622463
85152.281199999998 1.01361191
85152.921900000001 1.03668392
85153.562500000000 0.981392622
85154.195300000007 1.01040423
85154.835900000005 1.02450311
85155.476599999995 0.999068677
85156.117199999993 1.02154946
85156.757800000007 1.02262461
85157.398400000005 1.01182294
85158.039099999995 0.989052892
85158.679699999993 1.00076818
85159.320300000007 0.996926963
85159.960900000005 1.02224803
85160.593800000002 1.00959361
85161.234400000001 0.992394149
85161.875000000000 0.984843373
85162.515599999999 0.983786464
85163.156199999998 1.01704979
85163.796900000001 0.996884584
85164.437500000000 1.01858211
85165.078099999999 0.994554043
85165.718800000002 0.987623453
85166.351599999995 0.980971992
85166.992199999993 1.00003958
85167.632800000007 0.967422605
85168.273400000005 0.994247794
85168.914099999995 0.960026205
85169.554699999993 0.976773858
85170.195300000007 1.01589668
85170.835900000005 0.961898744
85171.476599999995 0.993138731
85172.117199999993 0.968534529
85172.750000000000 0.994673669
85173.390599999999 0.985459864
85174.031199999998 0.965895414
85174.671900000001 0.997253358
85175.312500000000 0.956339777
85175.953099999999 0.995976090
85176.593800000002 1.00097597
85177.234400000001 0.974957824
85177.875000000000 0.974799097
85178.515599999999 0.994751036
85179.148400000005 0.997032404
85179.789099999995 1.00113583
85180.429699999993 0.982010663
85181.070300000007 0.973512232
85181.710900000005 0.999854326
85182.351599999995 0.997872770
85182.992199999993 0.965624869
85183.632800000007 0.975874424
85184.273400000005 0.969786763
85184.914099999995 1.01656759
85185.546900000001 1.01063383
85186.187500000000 1.02826047
85186.828099999999 0.971193075
85187.468800000002 0.947538137
85188.109400000001 0.957878709
85188.750000000000 0.949323475
85189.390599999999 0.972259641
85190.031199999998 0.982227862
85190.671900000001 0.985311210
85191.312500000000 1.01077509
85191.945300000007 0.984223664
85192.585900000005 0.947363794
85193.226599999995 0.950077653
85193.867199999993 0.954303861
85194.507800000007 0.975381792
85195.148400000005 1.01266170
85195.789099999995 0.974727273
85196.429699999993 0.983766496
85197.070300000007 0.993391454
85197.710900000005 0.979007423
85198.343800000002 1.02205169
85198.984400000001 1.02272594
85199.625000000000 1.01226115
85200.265599999999 1.01784170
85200.906199999998 1.02110791
85201.546900000001 0.979544818
85202.187500000000 1.00814140
85202.828099999999 0.982562304
85203.468800000002 1.00267327
85204.109400000001 1.00964141
85204.742199999993 1.00630653
85205.382800000007 1.02126336
85206.023400000005 1.06166673
85206.664099999995 1.03427148
85207.304699999993 1.02122033
85207.945300000007 1.00175488
85208.585900000005 0.998297393
85209.226599999995 1.00381458
85209.867199999993 0.998630345
85210.500000000000 0.912805498
85211.140599999999 0.997822940
85211.781199999998 1.00034857
85212.421900000001 0.974012494
85213.062500000000 0.991739929
85213.703099999999 0.983104110
85214.343800000002 0.978908658
85214.984400000001 1.01627338
85215.625000000000 0.966880918
85216.265599999999 0.985499799
85216.898400000005 1.00895786
85217.539099999995 1.00710523
85218.179699999993 1.00016665
85218.820300000007 1.05903900
85219.460900000005 1.02423465
85220.101599999995 0.992083549
85220.742199999993 0.998738766
85221.382800000007 0.972292483
85222.023400000005 0.983786643
85222.664099999995 0.980086625
85223.296900000001 0.972134531
85223.937500000000 0.968712568
85224.578099999999 1.00938761
85225.218800000002 1.01416147
85225.859400000001 0.977583408
85226.500000000000 0.995638072
85227.140599999999 0.989689589
85227.781199999998 0.965779126
85228.421900000001 1.00432074
85229.062500000000 0.964730024
85229.695300000007 0.996461153
85230.335900000005 0.991561234
85230.976599999995 0.998121202
85231.617199999993 0.981700838
85232.257800000007 1.00400126
85232.898400000005 0.986935019
85233.539099999995 1.03621578
85234.179699999993 1.01372886
85234.820300000007 1.00300872
85235.460900000005 1.00491667
85236.093800000002 1.02028322
85236.734400000001 0.996260047
85237.375000000000 1.00020051
85238.015599999999 0.981968999
85238.656199999998 1.00053656
85239.296900000001 0.991975069
85239.937500000000 1.01519072
85240.578099999999 1.01734447
85241.218800000002 1.00453436
85241.859400000001 1.00619566
85242.492199999993 0.998836577
85243.132800000007 1.01373625
85243.773400000005 0.973067224
85244.414099999995 0.990922153
85245.054699999993 0.996985853
85245.695300000007 0.969065368
85246.335900000005 1.03059793
85246.976599999995 1.01452863
85247.617199999993 0.990550101
85248.257800000007 1.02342129
85248.890599999999 0.985379100
85249.531199999998 1.03600669
85250.171900000001 1.01141512
85250.812500000000 1.01446092
85251.453099999999 1.01793742
85252.093800000002 1.00147295
85252.734400000001 1.00848854
85253.375000000000 0.978609264
85254.015599999999 1.02276456
85254.648400000005 1.00707173
85255.289099999995 0.990056455
85255.929699999993 0.988333642
85256.570300000007 0.949414551
85257.210900000005 1.02094519
85257.851599999995 0.996117711
85258.492199999993 0.987627089
85259.132800000007 0.977537394
85259.773400000005 0.997932971
85260.414099999995 0.967726290
85261.046900000001 1.00420868
85261.687500000000 1.01860368
85262.328099999999 0.988737643
85262.968800000002 1.01358962
85263.609400000001 1.00507021
85264.250000000000 1.02386165
85264.890599999999 0.998919785
85265.531199999998 1.03118014
85266.171900000001 1.00888443
85266.812500000000 1.04553998
85267.445300000007 1.00128996
85268.085900000005 0.990374446
85268.726599999995 1.02321458
85269.367199999993 1.00178361
85270.007800000007 0.973558903
85270.648400000005 1.01469803
85271.289099999995 0.997788846
85271.929699999993 0.989919305
85272.570300000007 1.02782643
85273.210900000005 1.02284634
85273.843800000002 1.01036608
85274.484400000001 1.00040686
85275.125000000000 1.01153553
85275.765599999999 1.01396453
85276.406199999998 0.999119103
85277.046900000001 1.01279795
85277.687500000000 0.998383820
85278.328099999999 1.01701033
85278.968800000002 0.995989144
85279.609400000001 1.01771867
85280.242199999993 1.04021573
85280.882800000007 1.02571082
85281.523400000005 1.02008796
85282.164099999995 1.00263453
85282.804699999993 0.990098834
85283.445300000007 0.990807414
85284.085900000005 0.946378589
85284.726599999995 1.00657344
85285.367199999993 1.00168967
85286.007800000007 0.993272960
85286.640599999999 1.00273800
85287.281199999998 0.997670531
85287.921900000001 1.02329397
85288.562500000000 1.02096045
85289.203099999999 1.00271440
85289.843800000002 1.03223681
85290.484400000001 0.982690215
85291.125000000000 1.01703417
85291.765599999999 1.00987899
85292.406199999998 1.02689695
85293.039099999995 1.01384509
85293.679699999993 1.00153089
85294.320300000007 1.01977634
85294.960900000005 1.03937197
85295.601599999995 0.988700569
85296.242199999993 0.986092925
85296.882800000007 1.01984489
85297.523400000005 0.999456584
85298.164099999995 1.00160861
85298.796900000001 0.991201937
85299.437500000000 0.989024639
85300.078099999999 0.995536983
85300.718800000002 1.00168049
85301.359400000001 0.965944946
85302.000000000000 1.00196218
85302.640599999999 1.00617099
85303.281199999998 1.02551484
85303.921900000001 1.04187977
85304.562500000000 1.01293266
85305.195300000007 1.00673461
85305.835900000005 0.997282803
85306.476599999995 0.994523227
85307.117199999993 1.00066555
85307.757800000007 1.00941646
85308.398400000005 1.01313329
85309.039099999995 1.00776482
85309.679699999993 1.03615785
85310.320300000007 1.02695286
85310.960900000005 0.998659015
85311.593800000002 0.968525767
85312.234400000001 0.990073383
85312.875000000000 1.02220714
85313.515599999999 1.01456892
85314.156199999998 0.992017806
85314.796900000001 0.990886211
85315.437500000000 1.05014157
85316.078099999999 1.00240028
85316.718800000002 0.984362423
85317.359400000001 1.01161206
85317.992199999993 1.00560236
85318.632800000007 1.02352321
85319.273400000005 1.02321970
85319.914099999995 1.01745534
85320.554699999993 0.999052107
85321.195300000007 0.981815636
85321.835900000005 1.03869367
85322.476599999995 1.03495431
85323.117199999993 1.06020260
85323.757800000007 1.02578926
85324.390599999999 1.00919902
85325.031199999998 1.02582717
85325.671900000001 0.982400239
85326.312500000000 1.01540637
85326.953099999999 1.00946045
85327.593800000002 1.01958525
85328.234400000001 1.01026607
85328.875000000000 1.03952670
85329.515599999999 1.00573575
85330.156199999998 1.03407526
85330.789099999995 1.01341116
85331.429699999993 1.00884640
85332.070300000007 1.02611423
85332.710900000005 1.00539041
85333.351599999995 0.997239053
85333.992199999993 1.01113331
85334.632800000007 0.979588568
85335.273400000005 1.00623691
85335.914099999995 1.00872493
85336.554699999993 1.00943482
85337.187500000000 1.01805437
85337.828099999999 1.02345443
85338.468800000002 1.05000639
85339.109400000001 1.03952634
85339.750000000000 1.02616549
85340.390599999999 1.01905847
85341.031199999998 0.989882290
85341.671900000001 1.01624799
85342.312500000000 1.01076651
85342.953099999999 1.01374459
85343.585900000005 1.00090790
85344.226599999995 1.00502014
85344.867199999993 0.995034456
85345.507800000007 1.01229417
85346.148400000005 1.00411689
85346.789099999995 1.00065947
85347.429699999993 0.975260854
85348.070300000007 0.989976108
85348.710900000005 0.991391659
85349.343800000002 0.937314391
85349.984400000001 0.983191967
85350.625000000000 1.00556588
85351.265599999999 0.978547275
85351.906199999998 1.03296888
85352.546900000001 0.962995887
85353.187500000000 0.999829233
85353.828099999999 0.997261763
85354.468800000002 0.986820996
85355.109400000001 0.978157580
85355.742199999993 1.01808155
85356.382800000007 1.00215769
85357.023400000005 1.00761652
85357.664099999995 1.01466811
85358.304699999993 1.02043283
85358.945300000007 1.04549479
85359.585900000005 1.01162302
85360.226599999995 1.01907218
85360.867199999993 1.00550961
85361.507800000007 1.01301992
85362.140599999999 1.00873864
85362.781199999998 1.00310969
85363.421900000001 1.03346646
85364.062500000000 1.02440727
85364.703099999999 1.02643466
85365.343800000002 1.00742352
85365.984400000001 0.977266669
85366.625000000000 0.992554486
85367.265599999999 1.02149880
85367.906199999998 1.01430929
85368.539099999995 1.01388752
85369.179699999993 1.02445793
85369.820300000007 1.01423776
85370.460900000005 1.00502861
85371.101599999995 1.01183259
85371.742199999993 1.01940167
85372.382800000007 0.999508321
85373.023400000005 1.02293599
85373.664099999995 1.02676952
85374.304699999993 0.995183110
85374.937500000000 0.984751880
85375.578099999999 0.986718833
85376.218800000002 1.03209269
85376.859400000001 1.01238608
85377.500000000000 1.01138330
85378.140599999999 1.01928771
85378.781199999998 1.02180481
85379.421900000001 1.02282202
85380.062500000000 1.00366914
85380.703099999999 1.01408303
85381.335900000005 1.00316453
85381.976599999995 1.01936233
85382.617199999993 1.00330245
85383.257800000007 1.02014232
85383.898400000005 1.01513088
85384.539099999995 1.03888583
85385.179699999993 1.02227640
85385.820300000007 1.01983583
85386.460900000005 1.02314830
85387.101599999995 0.994851410
85387.734400000001 0.995992124
85388.375000000000 0.996826589
85389.015599999999 0.993775189
85389.656199999998 1.01486480
85390.296900000001 0.994067490
85390.937500000000 1.01671660
85391.578099999999 0.986680627
85392.218800000002 0.999049425
85392.859400000001 0.995080829
85393.492199999993 0.972022831
85394.132800000007 0.991090894
85394.773400000005 0.993210495
85395.414099999995 0.969542086
85396.054699999993 0.973650575
85396.695300000007 0.950687289
85397.335900000005 0.988933027
85397.976599999995 0.999586761
85398.617199999993 0.996353388
85399.257800000007 0.974982262
85399.890599999999 0.993833005
85400.531199999998 0.982005596
85401.171900000001 1.01853323
85401.812500000000 0.977681577
85402.453099999999 0.988578856
85403.093800000002 0.960666180
85403.734400000001 1.01887405
85404.375000000000 0.992827415
85405.015599999999 0.999228239
85405.656199999998 0.987280726
85406.289099999995 0.997993469
85406.929699999993 0.997483075
85407.570300000007 1.03663278
85408.210900000005 1.01257682
85408.851599999995 1.01084328
85409.492199999993 1.00507367
85410.132800000007 1.01927030
85410.773400000005 1.01842344
85411.414099999995 1.02090919
85412.054699999993 1.02293646
85412.687500000000 0.989437819
85413.328099999999 1.00910592
85413.968800000002 1.01568854
85414.609400000001 1.02269900
85415.250000000000 0.990548134
85415.890599999999 0.992025673
85416.531199999998 0.992524981
85417.171900000001 1.03059316
85417.812500000000 1.00685132
85418.453099999999 1.03519726
85419.085900000005 0.937912762
85419.726599999995 0.967726290
85420.367199999993 0.961593568
85421.007800000007 1.00256169
85421.648400000005 1.00541449
85422.289099999995 1.01013160
85422.929699999993 1.01643777
85423.570300000007 0.988727689
85424.210900000005 1.02012551
85424.851599999995 1.04706013
85425.484400000001 1.02231586
85426.125000000000 1.00689316
85426.765599999999 1.03342938
85427.406199999998 1.01574588
85428.046900000001 1.00499976
85428.687500000000 1.00907457
85429.328099999999 1.01504385
85429.968800000002 1.01209044
85430.609400000001 0.994348168
85431.250000000000 1.01596177
85431.882800000007 1.00610352
85432.523400000005 1.00067592
85433.164099999995 0.996928871
85433.804699999993 1.01618826
85434.445300000007 1.00043416
85435.085900000005 0.984558523
85435.726599999995 1.03100765
85436.367199999993 0.981312692
85437.007800000007 1.02439976
85437.640599999999 1.00785315
85438.281199999998 1.00190735
85438.921900000001 1.00787568
85439.562500000000 0.975078881
85440.203099999999 1.00172782
85440.843800000002 0.921524465
85441.484400000001 0.972793460
85442.125000000000 0.987650633
85442.765599999999 0.981859088
85443.406199999998 0.970447600
85444.039099999995 0.988755763
85444.679699999993 0.991608262
85445.320300000007 1.02344549
85445.960900000005 0.976300299
85446.601599999995 0.996805847
85447.242199999993 0.986342430
85447.882800000007 0.994142413
85448.523400000005 0.987496912
85449.164099999995 1.00561881
85449.804699999993 0.993110120
85450.437500000000 0.952843189
85451.078099999999 0.974446118
85451.718800000002 0.981726587
85452.359400000001 0.999266982
85453.000000000000 0.980835795
85453.640599999999 0.982253134
85454.281199999998 0.997685850
85454.921900000001 1.00475168
85455.562500000000 0.979665577
85456.203099999999 0.995616674
85456.835900000005 0.999232352
85457.476599999995 0.994512558
85458.117199999993 0.992876589
85458.757800000007 1.01261222
85459.398400000005 0.983743250
85460.039099999995 0.984916389
85460.679699999993 0.983769417
85461.320300000007 1.00329030
85461.960900000005 0.992801487
85462.601599999995 0.998370528
85463.234400000001 0.972252727
85463.875000000000 0.995099962
85464.515599999999 1.00888026
85465.156199999998 0.984564543
85465.796900000001 1.03018200
85466.437500000000 0.986392319
85467.078099999999 0.951364517
85467.718800000002 0.995942533
85468.359400000001 0.979076862
85469.000000000000 0.976953983
85469.632800000007 0.984598398
85470.273400000005 1.01946723
85470.914099999995 1.00464737
85471.554699999993 1.00160873
85472.195300000007 0.967409790
85472.835900000005 0.964951932
85473.476599999995 0.993195772
85474.117199999993 0.990798652
85474.757800000007 0.979460001
85475.398400000005 0.972851872
85476.031199999998 1.00200963
85476.671900000001 0.991190255
85477.312500000000 1.00981867
85477.953099999999 0.984962761
85478.593800000002 0.978355289
85479.234400000001 0.974738479
85479.875000000000 0.993976414
85480.515599999999 0.969397128
85481.156199999998 0.988115907
85481.789099999995 0.981631398
85482.429699999993 0.980669498
85483.070300000007 1.01027977
85483.710900000005 1.00586987
85484.351599999995 0.991513848
85484.992199999993 1.01270199
85485.632800000007 1.02937400
85486.273400000005 1.01431680
85486.914099999995 1.01811409
85487.554699999993 0.987163126
85488.187500000000 0.985591710
85488.828099999999 0.955405056
85489.468800000002 0.990380347
85490.109400000001 0.985026240
85490.750000000000 0.984644592
85491.390599999999 0.968004107
85492.031199999998 0.976347029
85492.671900000001 0.989753366
85493.312500000000 1.00651467
85493.953099999999 1.00305223
85494.585900000005 0.946394086
85495.226599999995 1.00323474
85495.867199999993 0.974517524
85496.507800000007 0.976698577
85497.148400000005 0.980862141
85497.789099999995 1.02193046
85498.429699999993 0.985772967
85499.070300000007 0.980115652
85499.710900000005 1.01279521
85500.351599999995 0.993657529
85500.984400000001 1.00846457
85501.625000000000 1.00658894
85502.265599999999 0.994802117
85502.906199999998 1.01238358
85503.546900000001 1.01142299
85504.187500000000 0.986981153
85504.828099999999 1.01837623
85505.468800000002 1.02430749
85506.109400000001 1.02420092
85506.750000000000 1.00274885
85507.382800000007 1.00087416
85508.023400000005 1.00369525
85508.664099999995 0.995325744
85509.304699999993 1.03284657
85509.945300000007 0.984533310
85510.585900000005 1.00656390
85511.226599999995 1.02841103
85511.867199999993 0.980130553
85512.507800000007 1.01597214
85513.148400000005 1.01513433
85513.781199999998 1.02100432
85514.421900000001 1.01550186
85515.062500000000 1.01070082
85515.703099999999 1.02553391
85516.343800000002 1.00302005
85516.984400000001 0.975568056
85517.625000000000 0.991559505
85518.265599999999 1.00563002
85518.906199999998 1.01207876
85519.546900000001 0.995785832
85520.179699999993 1.04287052
85520.820300000007 1.00560462
85521.460900000005 0.994830132
85522.101599999995 1.02173305
85522.742199999993 0.979469955
85523.382800000007 0.997136295
85524.023400000005 1.02922010
85524.664099999995 0.989945948
85525.304699999993 1.02184618
85525.945300000007 1.01698589
85526.578099999999 1.03507769
85527.218800000002 1.01958001
85527.859400000001 0.951749682
85528.500000000000 0.983435094
85529.140599999999 0.979612172
85529.781199999998 1.00398171
85530.421900000001 1.01283753
85531.062500000000 1.00173032
85531.703099999999 0.973312616
85532.335900000005 0.979913473
85532.976599999995 0.976456821
85533.617199999993 0.955568194
85534.257800000007 0.998830855
85534.898400000005 0.977515876
85535.539099999995 0.959127069
85536.179699999993 0.970085442
85536.820300000007 0.975375473
85537.460900000005 0.991879582
85538.101599999995 0.974314511
85538.734400000001 0.962539852
85539.375000000000 0.962131500
85540.015599999999 1.02166140
85540.656199999998 0.980054975
85541.296900000001 0.971876442
85541.937500000000 0.974789500
85542.578099999999 1.02800906
85543.218800000002 0.999049783
85543.859400000001 1.00610638
85544.500000000000 1.01563084
85545.132800000007 0.991670012
85545.773400000005 0.986386836
85546.414099999995 0.997556567
85547.054699999993 0.993644536
85547.695300000007 0.999878347
85548.335900000005 0.966078341
85548.976599999995 0.956317365
85549.617199999993 0.986894011
85550.257800000007 1.01637328
85550.898400000005 1.01581275
85551.531199999998 1.00434589
85552.171900000001 0.975575209
85552.812500000000 0.959447980
85553.453099999999 0.959924161
85554.093800000002 0.958115518
85554.734400000001 0.949452758
85555.375000000000 0.944202065
85556.015599999999 0.935082734
85556.656199999998 0.923435330
85557.296900000001 0.880930245
85557.929699999993 0.903340042
85558.570300000007 0.863486350
85559.210900000005 0.868533015
85559.851599999995 0.861303985
85560.492199999993 0.873661101
85561.132800000007 0.862411559
85561.773400000005 0.867031753
85562.414099999995 0.835496724
85563.054699999993 0.861438394
85563.695300000007 0.839437783
85564.328099999999 0.856271982
85564.968800000002 0.878435910
85565.609400000001 0.877025187
85566.250000000000 0.853411257
85566.890599999999 0.849655807
85567.531199999998 0.829575658
85568.171900000001 0.851251543
85568.812500000000 0.825872600
85569.453099999999 0.852360070
85570.093800000002 0.846655846
85570.726599999995 0.850118816
85571.367199999993 0.838323832
85572.007800000007 0.816783845
85572.648400000005 0.840133429
85573.289099999995 0.824654162
85573.929699999993 0.830431700
85574.570300000007 0.827530026
85575.210900000005 0.814974904
85575.851599999995 0.851204813
85576.484400000001 0.836700976
85577.125000000000 0.836174726
85577.765599999999 0.811470091
85578.406199999998 0.842065275
85579.046900000001 0.847994626
85579.687500000000 0.828802288
85580.328099999999 0.842070222
85580.968800000002 0.823456943
85581.609400000001 0.828016162
85582.250000000000 0.845820844
85582.882800000007 0.840605795
85583.523400000005 0.838466108
85584.164099999995 0.817387640
85584.804699999993 0.831933856
85585.445300000007 0.842612982
85586.085900000005 0.834323108
85586.726599999995 0.824906886
85587.367199999993 0.832723796
85588.007800000007 0.824434400
85588.648400000005 0.824426532
85589.281199999998 0.833857119
85589.921900000001 0.842648089
85590.562500000000 0.835850835
85591.203099999999 0.847868919
85591.843800000002 0.833217025
85592.484400000001 0.823649704
85593.125000000000 0.830035388
85593.765599999999 0.812065780
85594.406199999998 0.832455695
85595.046900000001 0.846817493
85595.679699999993 0.812774360
85596.320300000007 0.836877882
85596.960900000005 0.828072429
85597.601599999995 0.819358528
85598.242199999993 0.821603954
85598.882800000007 0.830637932
85599.523400000005 0.834466279
85600.164099999995 0.824382842
85600.804699999993 0.826080382
85601.445300000007 0.816666961
85602.078099999999 0.864147305
85602.718800000002 0.849893808
85603.359400000001 0.844102919
85604.000000000000 0.823031366
85604.640599999999 0.848441422
85605.281199999998 0.826061368
85605.921900000001 0.834364295
85606.562500000000 0.837583840
85607.203099999999 0.839829326
85607.843800000002 0.845423043
85608.476599999995 0.835158527
85609.117199999993 0.833112359
85609.757800000007 0.832983851
85610.398400000005 0.857844353
85611.039099999995 0.828039587
85611.679699999993 0.827880740
85612.320300000007 0.821573734
85612.960900000005 0.810762346
85613.601599999995 0.830843747
85614.242199999993 0.828889310
85614.875000000000 0.849274755
85615.515599999999 0.849937737
85616.156199999998 0.840404987
85616.796900000001 0.818272352
85617.437500000000 0.831900775
85618.078099999999 0.818503320
85618.718800000002 0.847409606
85619.359400000001 0.842594624
85620.000000000000 0.844870865
85620.632800000007 0.833178163
85621.273400000005 0.837128341
85621.914099999995 0.849721432
85622.554699999993 0.811491549
85623.195300000007 0.812368214
85623.835900000005 0.824565709
85624.476599999995 0.846136153
85625.117199999993 0.834839821
85625.757800000007 0.828443229
85626.398400000005 0.844140053
85627.031199999998 0.819758654
85627.671900000001 0.856087685
85628.312500000000 0.859672546
85628.953099999999 0.827470958
85629.593800000002 0.832303703
85630.234400000001 0.820338905
85630.875000000000 0.813608289
85631.515599999999 0.817771673
85632.156199999998 0.843570530
85632.796900000001 0.831880033
85633.429699999993 0.831874549
85634.070300000007 0.827974141
85634.710900000005 0.815127790
85635.351599999995 0.811075449
85635.992199999993 0.825767159
85636.632800000007 0.842314780
85637.273400000005 0.856458485
85637.914099999995 0.841725945
85638.554699999993 0.829306185
85639.195300000007 0.833895504
85639.828099999999 0.845817864
85640.468800000002 0.848520696
85641.109400000001 0.855422378
85641.750000000000 0.845376313
85642.390599999999 0.838251412
85643.031199999998 0.846765757
85643.671900000001 0.835046589
85644.312500000000 0.843773901
85644.953099999999 0.853535593
85645.593800000002 0.856481910
85646.226599999995 0.839256167
85646.867199999993 0.835874140
85647.507800000007 0.822877824
85648.148400000005 0.819526374
85648.789099999995 0.827614725
85649.429699999993 0.834425211
85650.070300000007 0.844065130
85650.710900000005 0.829274237
85651.351599999995 0.831490695
85651.992199999993 0.860236764
85652.625000000000 0.847058654
85653.265599999999 0.821680844
85653.906199999998 0.833541632
85654.546900000001 0.816530585
85655.187500000000 0.849565864
85655.828099999999 0.845150113
85656.468800000002 0.845754206
85657.109400000001 0.830934048
85657.750000000000 0.834458828
85658.390599999999 0.830134630
85659.023400000005 0.852004111
85659.664099999995 0.815523863
85660.304699999993 0.838670909
85660.945300000007 0.831365645
85661.585900000005 0.827680588
85662.226599999995 0.797863603
85662.867199999993 0.820310771
85663.507800000007 0.843913734
85664.148400000005 0.825292110
85664.781199999998 0.841259301
85665.421900000001 0.825588763
85666.062500000000 0.832977235
85666.703099999999 0.818341255
85667.343800000002 0.834734142
85667.984400000001 0.833544075
85668.625000000000 0.816535592
85669.265599999999 0.839529514
85669.906199999998 0.852454364
85670.546900000001 0.827232778
85671.179699999993 0.870698929
85671.820300000007 0.825522423
85672.460900000005 0.852561772
85673.101599999995 0.843402088
85673.742199999993 0.870775819
85674.382800000007 0.840931356
85675.023400000005 0.820091188
85675.664099999995 0.841928542
85676.304699999993 0.846670568
85676.945300000007 0.847214878
85677.578099999999 0.857371390
85678.218800000002 0.842980385
85678.859400000001 0.831965864
85679.500000000000 0.817605495
85680.140599999999 0.831655622
85680.781199999998 0.825812399
85681.421900000001 0.843786299
85682.062500000000 0.853121519
85682.703099999999 0.833864331
85683.343800000002 0.849860966
85683.976599999995 0.839272916
85684.617199999993 0.831239998
85685.257800000007 0.830415964
85685.898400000005 0.845439255
85686.539099999995 0.845071495
85687.179699999993 0.849144638
85687.820300000007 0.829188645
85688.460900000005 0.836303532
85689.101599999995 0.835814297
85689.742199999993 0.830336869
85690.375000000000 0.861632764
85691.015599999999 0.845996320
85691.656199999998 0.845233440
85692.296900000001 0.838782847
85692.937500000000 0.852163494
85693.578099999999 0.861164212
85694.218800000002 0.843855262
85694.859400000001 0.845951676
85695.500000000000 0.836946428
85696.140599999999 0.855497718
85696.773400000005 0.877455473
85697.414099999995 0.852695167
85698.054699999993 0.868326485
85698.695300000007 0.857131541
85699.335900000005 0.858589411
85699.976599999995 0.893351853
85700.617199999993 0.884407759
85701.257800000007 0.894412220
85701.898400000005 0.898120821
85702.539099999995 0.897753894
85703.171900000001 0.890695751
85703.812500000000 0.892032087
85704.453099999999 0.877917886
85705.093800000002 0.913196981
85705.734400000001 0.943792105
85706.375000000000 0.943486094
85707.015599999999 0.949962556
85707.656199999998 0.974140167
85708.296900000001 0.997192383
85708.937500000000 0.950535238
85709.570300000007 0.981130183
85710.210900000005 0.989370763
85710.851599999995 1.00719178
85711.492199999993 1.00752461
85712.132800000007 1.01591730
85712.773400000005 0.993531108
85713.414099999995 0.989149988
85714.054699999993 0.984312773
85714.695300000007 0.995534062
85715.328099999999 0.977953553
85715.968800000002 0.996291697
85716.609400000001 0.985767245
85717.250000000000 0.989719808
85717.890599999999 0.970132232
85718.531199999998 1.00376844
85719.171900000001 0.992240608
85719.812500000000 0.983115494
85720.453099999999 0.965778768
85721.093800000002 1.01297939
85721.726599999995 0.998167157
85722.367199999993 1.00184619
85723.007800000007 0.983110726
85723.648400000005 0.980190217
85724.289099999995 1.00558448
85724.929699999993 1.01111889
85725.570300000007 0.981799841
85726.210900000005 1.03873277
85726.851599999995 1.01805103
85727.492199999993 0.992047191
85728.125000000000 1.00381649
85728.765599999999 0.998159170
85729.406199999998 1.01707566
85730.046900000001 1.02312744
85730.687500000000 0.997062981
85731.328099999999 1.01792598
85731.968800000002 0.989459038
85732.609400000001 0.998886824
85733.250000000000 0.977262914
85733.890599999999 1.01810741
85734.523400000005 0.993503153
85735.164099999995 0.979300141
85735.804699999993 1.00314391
85736.445300000007 1.00317430
85737.085900000005 1.00329602
85737.726599999995 1.00989568
85738.367199999993 0.987025142
85739.007800000007 0.981277227
85739.648400000005 1.02993822
85740.289099999995 1.01229894
85740.921900000001 1.01378942
85741.562500000000 1.01531041
85742.203099999999 1.02145422
85742.843800000002 1.00706911
85743.484400000001 1.00980675
85744.125000000000 1.01668060
85744.765599999999 1.00250864
85745.406199999998 0.988336623
85746.046900000001 0.979152441
85746.687500000000 1.00971830
85747.320300000007 1.02498639
85747.960900000005 0.988917053
85748.601599999995 1.02319348
85749.242199999993 1.00999498
85749.882800000007 0.973682284
85750.523400000005 0.997283936
85751.164099999995 0.978428543
85751.804699999993 1.00796092
85752.445300000007 1.01294971
85753.085900000005 1.00416124
85753.718800000002 1.00756860
85754.359400000001 1.01246631
85755.000000000000 1.02743101
85755.640599999999 1.01779115
85756.281199999998 1.01809657
85756.921900000001 0.985585630
85757.562500000000 1.00343978
85758.203099999999 0.997784197
85758.843800000002 0.986015499
85759.476599999995 0.996114314
85760.117199999993 1.03039229
85760.757800000007 1.01761997
85761.398400000005 0.983831644
85762.039099999995 1.00156462
85762.679699999993 1.00089717
85763.320300000007 1.03128254
85763.960900000005 1.02787793
85764.601599999995 1.01176023
85765.242199999993 0.992692351
85765.875000000000 0.999415755
85766.515599999999 1.03448546
85767.156199999998 0.999906182
85767.796900000001 1.01383805
85768.437500000000 1.00164390
85769.078099999999 1.00146341
85769.718800000002 0.983307958
85770.359400000001 1.00636446
85771.000000000000 1.01324046
85771.640599999999 1.02851105
85772.273400000005 1.00989938
85772.914099999995 0.997370660
85773.554699999993 1.01069486
85774.195300000007 0.990075767
85774.835900000005 1.01410627
85775.476599999995 0.999174833
85776.117199999993 0.999268591
85776.757800000007 0.969068527
85777.398400000005 0.971230567
85778.039099999995 0.966305792
85778.671900000001 1.01047206
85779.312500000000 0.984925508
85779.953099999999 0.988152325
85780.593800000002 1.01020670
85781.234400000001 0.984234214
85781.875000000000 0.979187965
85782.515599999999 1.00121224
85783.156199999998 0.996074855
85783.796900000001 1.00851822
85784.437500000000 1.01998830
85785.070300000007 1.00782478
85785.710900000005 1.00314379
85786.351599999995 0.994812727
85786.992199999993 0.975683689
85787.632800000007 0.979975700
85788.273400000005 0.975538015
85788.914099999995 0.975206673
85789.554699999993 0.984943509
85790.195300000007 0.993037939
85790.835900000005 0.981756508
85791.468800000002 0.963570118
85792.109400000001 0.969809175
85792.750000000000 0.970633984
85793.390599999999 0.994971871
85794.031199999998 1.00434434
85794.671900000001 0.990568578
85795.312500000000 1.00444305
85795.953099999999 0.982119739
85796.593800000002 1.01829112
85797.234400000001 0.959982514
85797.867199999993 0.978663385
85798.507800000007 0.969602406
85799.148400000005 0.967537820
85799.789099999995 0.958263874
85800.429699999993 0.972960293
85801.070300000007 0.975276172
85801.710900000005 0.994627059
85802.351599999995 0.987421811
85802.992199999993 0.990954697
85803.625000000000 1.00893712
85804.265599999999 1.01216590
85804.906199999998 0.978860319
85805.546900000001 0.988933742
85806.187500000000 0.973697484
85806.828099999999 0.994114101
85807.468800000002 0.992962599
85808.109400000001 0.999963939
85808.750000000000 0.996591866
85809.390599999999 1.01387572
85810.023400000005 1.02857387
85810.664099999995 0.981638491
85811.304699999993 1.00193441
85811.945300000007 0.984538019
85812.585900000005 0.955094457
85813.226599999995 1.01210999
85813.867199999993 0.971957743
85814.507800000007 0.988329828
85815.148400000005 1.02511549
85815.789099999995 1.00355113
85816.421900000001 0.998688519
85817.062500000000 0.995073378
85817.703099999999 1.00703478
85818.343800000002 1.01032579
85818.984400000001 1.02003622
85819.625000000000 0.968595326
85820.265599999999 0.986915648
85820.906199999998 0.984152377
85821.546900000001 0.982332289
85822.187500000000 1.00673795
85822.820300000007 1.00345755
85823.460900000005 0.998351872
85824.101599999995 1.01582122
85824.742199999993 1.00387001
85825.382800000007 1.00904799
85826.023400000005 1.03479350
85826.664099999995 1.00784254
85827.304699999993 0.994856715
85827.945300000007 0.969304860
85828.585900000005 1.00457430
85829.218800000002 0.969103277
85829.859400000001 0.991746306
85830.500000000000 0.999085069
85831.140599999999 1.02757049
85831.781199999998 0.999797046
85832.421900000001 1.01897228
85833.062500000000 0.992385089
85833.703099999999 1.00437975
85834.343800000002 0.984151602
85834.984400000001 1.03165567
85835.617199999993 0.986050546
85836.257800000007 0.974828839
85836.898400000005 0.958951473
85837.539099999995 0.977427840
85838.179699999993 0.957685947
85838.820300000007 1.01432061
85839.460900000005 0.996221900
85840.101599999995 1.01077378
85840.742199999993 0.999217331
85841.382800000007 0.977892697
85842.015599999999 0.966366291
85842.656199999998 0.960682392
85843.296900000001 0.985215902
85843.937500000000 1.01413178
85844.578099999999 0.980786622
85845.218800000002 0.980002284
85845.859400000001 0.990021050
85846.500000000000 1.00381351
85847.140599999999 0.985470295
85847.773400000005 0.963961840
85848.414099999995 1.00228286
85849.054699999993 1.00119448
85849.695300000007 0.999923646
85850.335900000005 0.973576128
85850.976599999995 0.976109207
85851.617199999993 1.00904524
85852.257800000007 0.993622899
85852.898400000005 1.00659513
85853.539099999995 0.985542357
85854.171900000001 1.00867975
85854.812500000000 1.02107418
85855.453099999999 1.00963855
85856.093800000002 1.00815499
85856.734400000001 1.00295830
85857.375000000000 1.00920534
85858.015599999999 1.00872624
85858.656199999998 1.02340424
85859.296900000001 1.01784253
85859.937500000000 1.00987625
85860.570300000007 0.986935079
85861.210900000005 0.996500134
85861.851599999995 1.00752628
85862.492199999993 1.02196169
85863.132800000007 1.02534866
85863.773400000005 0.986427069
85864.414099999995 0.973712087
85865.054699999993 1.01788604
85865.695300000007 0.998079062
85866.335900000005 0.994252086
85866.968800000002 0.999161005
85867.609400000001 1.00684011
85868.250000000000 0.996042550
85868.890599999999 1.00615704
85869.531199999998 1.02552557
85870.171900000001 0.998472869
85870.812500000000 0.982835054
85871.453099999999 0.983635008
85872.093800000002 1.03798091
85872.734400000001 1.00700068
85873.367199999993 1.01851642
85874.007800000007 0.956637025
85874.648400000005 1.01061952
85875.289099999995 0.991114914
85875.929699999993 1.00138295
85876.570300000007 0.983461022
85877.210900000005 1.00389743
85877.851599999995 0.974071801
85878.492199999993 0.978616834
85879.132800000007 0.985932410
85879.765599999999 1.01218438
85880.406199999998 1.00153816
85881.046900000001 0.983584940
85881.687500000000 0.971081138
85882.328099999999 1.00445855
85882.968800000002 0.982242525
85883.609400000001 1.00237668
85884.250000000000 0.981104136
85884.890599999999 0.982544541
85885.531199999998 1.00809896
85886.164099999995 0.995259762
85886.804699999993 0.984521389
85887.445300000007 1.00401759
85888.085900000005 0.984357834
85888.726599999995 1.00504196
85889.367199999993 0.992994130
85890.007800000007 1.00570118
85890.648400000005 1.01289725
85891.289099999995 1.01497781
85891.929699999993 1.01392221
85892.562500000000 1.00059509
85893.203099999999 0.996342123
85893.843800000002 1.00009763
85894.484400000001 1.00300062
85895.125000000000 1.00331545
85895.765599999999 1.01087773
85896.406199999998 1.01923203
85897.046900000001 0.982882321
85897.687500000000 1.01456332
85898.320300000007 0.991368592
85898.960900000005 1.00837195
85899.601599999995 1.00213945
85900.242199999993 1.01058578
85900.882800000007 0.988760710
85901.523400000005 1.01761174
85902.164099999995 0.976325691
85902.804699999993 1.00551236
85903.445300000007 1.00156391
85904.085900000005 0.985798478
85904.718800000002 0.994306326
85905.359400000001 0.979271591
85906.000000000000 0.999170601
85906.640599999999 1.03219724
85907.281199999998 1.02620840
85907.921900000001 1.03852475
85908.562500000000 1.03689158
85909.203099999999 1.02088177
85909.843800000002 1.04885459
85910.484400000001 1.01533055
85911.117199999993 1.00452864
85911.757800000007 1.00438774
85912.398400000005 0.989717185
85913.039099999995 0.997709155
85913.679699999993 1.00314260
85914.320300000007 1.02743173
85914.960900000005 1.01093328
85915.601599999995 1.01258993
85916.242199999993 0.995755911
85916.882800000007 1.00295675
85917.515599999999 1.02642488
85918.156199999998 1.00264490
85918.796900000001 1.01776671
85919.437500000000 1.01829660
85920.078099999999 1.02629030
85920.718800000002 1.03410149
85921.359400000001 1.01854610
85922.000000000000 1.00085771
85922.640599999999 0.989170730
85923.281199999998 1.00264883
85923.914099999995 1.00911963
85924.554699999993 1.00358689
85925.195300000007 1.00548804
85925.835900000005 0.994105339
85926.476599999995 0.998596370
85927.117199999993 1.04473805
85927.757800000007 1.03353834
85928.398400000005 1.03409958
85929.039099999995 1.00994992
85929.679699999993 1.02126694
85930.312500000000 1.02124906
85930.953099999999 1.01050556
85931.593800000002 1.01411390
85932.234400000001 1.00504613
85932.875000000000 1.00118887
85933.515599999999 1.01128793
85934.156199999998 1.02760375
85934.796900000001 1.00265932
85935.437500000000 1.01056492
85936.078099999999 0.993177235
85936.710900000005 0.996603012
85937.351599999995 0.994238913
85937.992199999993 0.990472853
85938.632800000007 0.994356155
85939.273400000005 1.01073480
85939.914099999995 1.00081277
85940.554699999993 1.01774049
85941.195300000007 1.01324332
85941.835900000005 1.00356483
85942.468800000002 1.00226748
85943.109400000001 0.978629589
85943.750000000000 0.924481869
85944.390599999999 0.998101473
85945.031199999998 0.933894396
85945.671900000001 0.992337167
85946.312500000000 1.01210189
85946.953099999999 1.00580609
85947.593800000002 0.989024580
85948.234400000001 0.992086232
85948.867199999993 1.00523746
85949.507800000007 0.977999926
85950.148400000005 1.02160394
85950.789099999995 0.975161433
85951.429699999993 1.17472160
85952.070300000007 0.887302697
85952.710900000005 0.966513991
85953.351599999995 0.968844414
85953.992199999993 0.988307714
85954.632800000007 1.02094150
85955.265599999999 0.991079152
85955.906199999998 0.976520479
85956.546900000001 0.991930366
85957.187500000000 0.967584908
85957.828099999999 1.00558674
85958.468800000002 1.00566220
85959.109400000001 0.984517336
85959.750000000000 0.980293453
85960.390599999999 1.00439453
85961.031199999998 0.996908486
85961.664099999995 1.01027775
85962.304699999993 0.991509914
85962.945300000007 0.986371338
85963.585900000005 1.00071704
85964.226599999995 0.975026608
85964.867199999993 0.946835041
85965.507800000007 1.01204383
85966.148400000005 0.958755612
85966.789099999995 0.942028522
85967.429699999993 0.950001657
85968.062500000000 0.970050991
85968.703099999999 0.998426497
85969.343800000002 0.985816121
85969.984400000001 0.977322400
85970.625000000000 1.02372313
85971.265599999999 1.02971613
85971.906199999998 0.998501897
85972.546900000001 1.00406778
85973.187500000000 0.992585123
85973.828099999999 0.932211637
85974.460900000005 1.00194824
85975.101599999995 0.978082001
85975.742199999993 0.971448004
85976.382800000007 0.988726676
85977.023400000005 0.968732953
85977.664099999995 0.971798241
85978.304699999993 0.987613797
85978.945300000007 0.983785868
85979.585900000005 0.985936522
85980.226599999995 0.965331316
85980.859400000001 0.970318615
85981.500000000000 1.00044239
85982.140599999999 0.978280783
85982.781199999998 1.00196898
85983.421900000001 0.988134980
85984.062500000000 0.992879391
85984.703099999999 0.990271628
85985.343800000002 0.992240071
85985.984400000001 0.994330645
85986.617199999993 0.977292001
85987.257800000007 1.00144076
85987.898400000005 1.02058673
85988.539099999995 0.960223258
85989.179699999993 1.00750029
85989.820300000007 1.03811979
85990.460900000005 1.01842606
85991.101599999995 0.992110670
85991.742199999993 1.00958037
85992.382800000007 1.01688981
85993.015599999999 1.03265154
85993.656199999998 1.02409422
85994.296900000001 1.00064528
85994.937500000000 1.00282860
85995.578099999999 1.00833821
85996.218800000002 1.00747025
85996.859400000001 1.01002002
85997.500000000000 1.00860274
85998.140599999999 0.999555945
85998.781199999998 1.03463864
85999.414099999995 1.01317060
86000.054699999993 1.03479576
86000.695300000007 1.03627837
86001.335900000005 1.00427997
86001.976599999995 1.02874470
86002.617199999993 1.00901484
86003.257800000007 1.00021136
86003.898400000005 0.982494950
86004.539099999995 0.985167503
86005.179699999993 1.01024461
86005.812500000000 1.01560378
86006.453099999999 1.00884497
86007.093800000002 0.990883172
86007.734400000001 0.995693088
86008.375000000000 0.988536894
86009.015599999999 1.01767707
86009.656199999998 0.992357194
86010.296900000001 0.999335170
86010.937500000000 0.990804911
86011.578099999999 1.01133811
86012.210900000005 1.00216651
86012.851599999995 1.00047469
86013.492199999993 1.03276360
86014.132800000007 1.00994468
86014.773400000005 1.01606929
86015.414099999995 1.02491152
86016.054699999993 0.998763263
86016.695300000007 1.01789534
86017.335900000005 1.00466204
86017.976599999995 0.971275449
86018.609400000001 1.01541626
86019.250000000000 1.01399970
86019.890599999999 0.979206920
86020.531199999998 1.00457048
86021.171900000001 1.01698720
86021.812500000000 1.00564587
86022.453099999999 1.01180267
86023.093800000002 0.990260839
86023.734400000001 0.982186198
86024.375000000000 1.00278866
86025.007800000007 1.00693011
86025.648400000005 0.990517735
86026.289099999995 0.995911658
86026.929699999993 1.00619268
86027.570300000007 0.988832593
86028.210900000005 1.00332904
86028.851599999995 1.02335441
86029.492199999993 1.01469910
86030.132800000007 0.986127913
86030.765599999999 1.02350414
86031.406199999998 1.00751734
86032.046900000001 1.04434597
86032.687500000000 1.00996923
86033.328099999999 1.00925541
86033.968800000002 1.02571023
86034.609400000001 1.01687062
86035.250000000000 1.02574980
86035.890599999999 1.02448654
86036.531199999998 1.03031123
86037.164099999995 1.04478204
86037.804699999993 1.02063549
86038.445300000007 0.992363274
86039.085900000005 1.01572573
86039.726599999995 1.01516509
86040.367199999993 1.02319050
86041.007800000007 0.978202462
86041.648400000005 0.987266421
86042.289099999995 1.02294552
86042.929699999993 1.00976515
86043.562500000000 1.02705014
86044.203099999999 1.02771235
86044.843800000002 0.998457313
86045.484400000001 0.975160241
86046.125000000000 1.03119683
86046.765599999999 0.988829553
86047.406199999998 1.01320696
86048.046900000001 0.992047906
86048.687500000000 1.01697659
86049.328099999999 1.04480994
86049.960900000005 1.04064357
86050.601599999995 1.03042567
86051.242199999993 1.00981510
86051.882800000007 1.00699317
86052.523400000005 1.01636708
86053.164099999995 1.00651479
86053.804699999993 1.03245687
86054.445300000007 1.01496255
86055.085900000005 1.00507915
86055.726599999995 0.983731687
86056.359400000001 1.01251853
86057.000000000000 1.00978816
86057.640599999999 0.986177325
86058.281199999998 0.984118998
86058.921900000001 0.986891150
86059.562500000000 0.972389400
86060.203099999999 0.990784824
86060.843800000002 1.02893245
86061.484400000001 0.992385924
86062.125000000000 1.02023101
86062.757800000007 1.00903070
86063.398400000005 0.983458877
86064.039099999995 1.00751412
86064.679699999993 1.01362062
86065.320300000007 1.01459026
86065.960900000005 0.979230881
86066.601599999995 1.01747763
86067.242199999993 1.01196420
86067.882800000007 1.00941706
86068.523400000005 1.01228297
86069.156199999998 0.975207150
86069.796900000001 0.991712928
86070.437500000000 0.996597350
86071.078099999999 0.977931440
86071.718800000002 0.990523517
86072.359400000001 1.01265919
86073.000000000000 0.983072817
86073.640599999999 1.01420224
86074.281199999998 1.00507843
86074.914099999995 0.987939715
86075.554699999993 0.990316868
86076.195300000007 0.994162500
86076.835900000005 0.996142268
86077.476599999995 0.981786132
86078.117199999993 0.997440696
86078.757800000007 1.00104225
86079.398400000005 0.984972119
86080.039099999995 0.989063203
86080.679699999993 0.972472012
86081.312500000000 0.996939719
86081.953099999999 0.986100256
86082.593800000002 0.981318593
86083.234400000001 0.984431088
86083.875000000000 1.03411508
86084.515599999999 1.01317775
86085.156199999998 1.01987159
86085.796900000001 1.00410461
86086.437500000000 0.991856277
86087.078099999999 0.988543212
86087.710900000005 0.997960567
86088.351599999995 0.995657504
86088.992199999993 0.998128593
86089.632800000007 0.984165013
86090.273400000005 0.994165063
86090.914099999995 0.981027186
86091.554699999993 1.03412259
86092.195300000007 1.02686179
86092.835900000005 0.992542803
86093.476599999995 1.03293943
86094.109400000001 1.01269925
86094.750000000000 0.984254956
86095.390599999999 1.02192986
86096.031199999998 1.03683126
86096.671900000001 0.995681286
86097.312500000000 0.977091551
86097.953099999999 0.987645805
86098.593800000002 1.00668097
86099.234400000001 1.02838051
86099.875000000000 1.01153517
86100.507800000007 1.00320041
86101.148400000005 1.02915740
86101.789099999995 0.961484194
86102.429699999993 0.978684485
86103.070300000007 0.980483770
86103.710900000005 0.998971462
86104.351599999995 0.968986332
86104.992199999993 1.00257146
86105.632800000007 0.992061198
86106.273400000005 1.00283396
86106.906199999998 0.999519765
86107.546900000001 1.01381516
86108.187500000000 0.980671823
86108.828099999999 0.991874278
86109.468800000002 0.978789806
86110.109400000001 0.992473722
86110.750000000000 1.00043082
86111.390599999999 1.02018058
86112.031199999998 1.01692808
86112.671900000001 1.03811908
86113.304699999993 0.977830052
86113.945300000007 0.987932205
86114.585900000005 0.965747297
86115.226599999995 1.01104832
86115.867199999993 0.977037907
86116.507800000007 0.996607542
86117.148400000005 0.990658164
86117.789099999995 0.987527072
86118.429699999993 1.02600217
86119.070300000007 0.999126971
86119.703099999999 0.999948204
86120.343800000002 0.997981548
86120.984400000001 0.995739102
86121.625000000000 1.00471139
86122.265599999999 1.01215208
86122.906199999998 1.02535415
86123.546900000001 1.00356138
86124.187500000000 0.949927688
86124.828099999999 0.932024002
86125.460900000005 0.951170623
86126.101599999995 0.970686316
86126.742199999993 0.999029636
86127.382800000007 1.03785622
86128.023400000005 1.02458084
86128.664099999995 1.03551853
86129.304699999993 1.01025784
86129.945300000007 1.00770903
86130.585900000005 0.999305367
86131.226599999995 0.989460647
86131.859400000001 1.00236058
86132.500000000000 1.02871895
86133.140599999999 0.999224067
86133.781199999998 0.977483749
86134.421900000001 0.984928131
86135.062500000000 1.00147843
86135.703099999999 0.991846919
86136.343800000002 0.992118001
86136.984400000001 1.00817931
86137.625000000000 1.02040887
86138.257800000007 1.02767146
86138.898400000005 1.02690125
86139.539099999995 0.978755414
86140.179699999993 0.994818687
86140.820300000007 1.01189482
86141.460900000005 1.01219749
86142.101599999995 1.01900160
86142.742199999993 1.02154338
86143.382800000007 1.03150702
86144.023400000005 1.00525081
86144.656199999998 0.995033324
86145.296900000001 1.01128483
86145.937500000000 0.978124857
86146.578099999999 0.978519082
86147.218800000002 1.01409578
86147.859400000001 0.998969853
86148.500000000000 1.02126682
86149.140599999999 1.00862515
86149.781199999998 1.02788663
86150.421900000001 0.999169409
86151.054699999993 0.988121212
86151.695300000007 1.02459490
86152.335900000005 0.999771774
86152.976599999995 0.985992491
86153.617199999993 1.01737607
86154.257800000007 1.01329231
86154.898400000005 0.996597469
86155.539099999995 0.981773496
86156.179699999993 0.977473795
86156.820300000007 0.978114247
86157.453099999999 0.991397440
86158.093800000002 0.987435341
86158.734400000001 1.00185537
86159.375000000000 0.992829680
86160.015599999999 1.00083649
86160.656199999998 0.995493293
86161.296900000001 0.989413202
86161.937500000000 0.997604907
86162.578099999999 1.00911200
86163.218800000002 1.00640833
86163.851599999995 1.00852323
86164.492199999993 1.00035560
86165.132800000007 1.00698340
86165.773400000005 0.962990880
86166.414099999995 0.985888422
86167.054699999993 0.999546707
86167.695300000007 0.965128958
86168.335900000005 1.02631307
86168.976599999995 0.993767083
86169.609400000001 1.00199246
86170.250000000000 1.03484333
86170.890599999999 1.01961243
86171.531199999998 0.962313950
86172.171900000001 0.982791841
86172.812500000000 0.997682154
86173.453099999999 0.993841350
86174.093800000002 0.988127172
86174.734400000001 0.997644782
86175.375000000000 1.01861823
86176.007800000007 1.00639307
86176.648400000005 1.00915539
86177.289099999995 0.998803258
86177.929699999993 0.995514929
86178.570300000007 0.988909125
86179.210900000005 0.970170140
86179.851599999995 0.973054886
86180.492199999993 0.976308525
86181.132800000007 1.00490534
86181.773400000005 1.00702357
86182.406199999998 0.980448425
86183.046900000001 0.989539862
86183.687500000000 0.992948234
86184.328099999999 1.00443709
86184.968800000002 0.981730580
86185.609400000001 0.993926525
86186.250000000000 1.04367042
86186.890599999999 1.01386523
86187.531199999998 1.00827193
86188.171900000001 1.01361775
86188.804699999993 0.979691088
86189.445300000007 1.02375698
86190.085900000005 0.997450411
86190.726599999995 1.01336861
86191.367199999993 0.987736464
86192.007800000007 1.00181139
86192.648400000005 1.02655232
86193.289099999995 0.998490214
86193.929699999993 1.00691128
86194.570300000007 1.00223851
86195.203099999999 0.997411430
86195.843800000002 1.01296496
86196.484400000001 0.990923584
86197.125000000000 1.02735138
86197.765599999999 0.993811607
86198.406199999998 1.04782701
86199.046900000001 1.01213384
86199.687500000000 1.01631510
86200.328099999999 1.01874411
86200.968800000002 1.02028167
86201.601599999995 0.996359527
86202.242199999993 1.01606929
86202.882800000007 1.00785923
86203.523400000005 0.986118436
86204.164099999995 0.994328558
86204.804699999993 1.00321579
86205.445300000007 1.00373864
86206.085900000005 0.989622295
86206.726599999995 0.990636945
86207.367199999993 0.996418893
86208.000000000000 1.01173568
86208.640599999999 1.00493860
86209.281199999998 0.992266059
86209.921900000001 0.990543425
86210.562500000000 1.00032544
86211.203099999999 0.998941481
86211.843800000002 1.01684594
86212.484400000001 1.02979851
86213.125000000000 0.943534613
86213.757800000007 0.978975415
86214.398400000005 0.979621351
86215.039099999995 0.980298162
86215.679699999993 1.00565171
86216.320300000007 1.00845265
86216.960900000005 0.984606147
86217.601599999995 0.974390090
86218.242199999993 1.01805663
86218.882800000007 1.00116324
86219.523400000005 0.971158743
86220.156199999998 1.01919925
86220.796900000001 0.998765051
86221.437500000000 0.998889089
86222.078099999999 0.996489286
86222.718800000002 0.992612004
86223.359400000001 0.991966486
86224.000000000000 1.00843549
86224.640599999999 0.991506577
86225.281199999998 1.00228179
86225.921900000001 0.993078530
86226.554699999993 1.01361310
86227.195300000007 1.02091134
86227.835900000005 1.02075946
86228.476599999995 0.994745314
86229.117199999993 1.01629925
86229.757800000007 0.982431769
86230.398400000005 1.00835919
86231.039099999995 1.00497389
86231.679699999993 1.00657690
86232.320300000007 0.995184898
86232.953099999999 1.02182412
86233.593800000002 0.995649636
86234.234400000001 1.00054812
86234.875000000000 0.989770532
86235.515599999999 1.01937044
86236.156199999998 1.03295600
86236.796900000001 1.00628495
86237.437500000000 1.01651359
86238.078099999999 0.994368494
86238.718800000002 1.00817084
86239.351599999995 1.01895487
86239.992199999993 0.986764789
86240.632800000007 1.00367999
86241.273400000005 1.02620339
86241.914099999995 1.01588547
86242.554699999993 0.979624212
86243.195300000007 1.00809586
86243.835900000005 1.01463091
86244.476599999995 1.00991940
86245.117199999993 0.981202900
86245.750000000000 0.990634084
86246.390599999999 0.998833656
86247.031199999998 0.996463299
86247.671900000001 1.02494252
86248.312500000000 0.980442226
86248.953099999999 0.991046727
86249.593800000002 1.04076505
86250.234400000001 0.995921850
86250.875000000000 0.989975631
86251.515599999999 0.963437855
86252.148400000005 1.00224924
86252.789099999995 1.01134646
86253.429699999993 0.997600496
86254.070300000007 0.977626204
86254.710900000005 1.00580752
86255.351599999995 0.999952972
86255.992199999993 1.01786983
86256.632800000007 1.02404046
86257.273400000005 0.989633322
86257.906199999998 0.995494664
86258.546900000001 1.02004385
86259.187500000000 1.00469089
86259.828099999999 0.997478306
86260.468800000002 1.01148307
86261.109400000001 1.00248158
86261.750000000000 1.00988734
86262.390599999999 1.01846564
86263.031199999998 0.983770490
86263.671900000001 0.992842197
86264.304699999993 1.01166153
86264.945300000007 1.04997802
86265.585900000005 1.01632810
86266.226599999995 0.999427199
86266.867199999993 0.982339978
86267.507800000007 0.985243440
86268.148400000005 0.988208830
86268.789099999995 0.974883735
86269.429699999993 0.988339722
86270.070300000007 0.971743047
86270.703099999999 0.975726426
86271.343800000002 0.990788579
86271.984400000001 0.994464755
86272.625000000000 0.987864852
86273.265599999999 0.989597082
86273.906199999998 0.988983929
86274.546900000001 1.01938856
86275.187500000000 1.01109123
86275.828099999999 0.995200336
86276.468800000002 0.995976448
86277.101599999995 0.976009071
86277.742199999993 1.00293064
86278.382800000007 1.00386155
86279.023400000005 1.00787973
86279.664099999995 1.00989151
86280.304699999993 1.00270331
86280.945300000007 1.01660180
86281.585900000005 1.00262082
86282.226599999995 0.987805068
86282.867199999993 1.00226045
86283.500000000000 0.981082320
86284.140599999999 1.00415409
86284.781199999998 1.00218308
86285.421900000001 1.01287353
86286.062500000000 0.995461106
86286.703099999999 1.00550365
86287.343800000002 0.988305986
86287.984400000001 1.00662673
86288.625000000000 1.01280999
86289.265599999999 1.00889301
86289.898400000005 1.00040364
86290.539099999995 0.990153372
86291.179699999993 1.01511955
86291.820300000007 1.00029695
86292.460900000005 0.971199989
86293.101599999995 0.977878153
86293.742199999993 0.981559813
86294.382800000007 1.01008379
86295.023400000005 0.980241477
86295.664099999995 0.971996307
86296.296900000001 1.01900172
86296.937500000000 1.03940403
86297.578099999999 1.02504134
86298.218800000002 0.989569664
86298.859400000001 0.985248566
86299.500000000000 0.983492494
86300.140599999999 0.991194189
86300.781199999998 0.989191055
86301.421900000001 0.993586183
86302.062500000000 1.00635874
86302.695300000007 0.998574913
86303.335900000005 0.985844731
86303.976599999995 1.00044262
86304.617199999993 0.975468814
86305.257800000007 0.977298558
86305.898400000005 0.997525036
86306.539099999995 1.01357889
86307.179699999993 0.987334251
86307.820300000007 0.973116338
86308.453099999999 1.00645685
86309.093800000002 0.995640397
86309.734400000001 0.957639575
86310.375000000000 1.00947797
86311.015599999999 0.984186292
86311.656199999998 0.973831475
86312.296900000001 0.994653523
86312.937500000000 1.01337385
86313.578099999999 1.01112342
86314.218800000002 1.00491321
86314.851599999995 0.992144048
86315.492199999993 0.986582518
86316.132800000007 1.00041819
86316.773400000005 0.996929526
86317.414099999995 1.00377440
86318.054699999993 1.01479685
86318.695300000007 0.999921799
86319.335900000005 0.981858432
86319.976599999995 1.02097893
86320.617199999993 0.995085895
86321.250000000000 1.00072515
86321.890599999999 0.995471716
86322.531199999998 0.979849935
86323.171900000001 0.988801539
86323.812500000000 0.980328202
86324.453099999999 0.992313981
86325.093800000002 0.982602000
86325.734400000001 0.941036463
86326.375000000000 0.920394242
86327.015599999999 0.952749789
86327.648400000005 0.948018849
86328.289099999995 0.956879497
86328.929699999993 0.994503736
86329.570300000007 0.987916708
86330.210900000005 0.938104033
86330.851599999995 0.982017994
86331.492199999993 0.987320781
86332.132800000007 0.994203329
86332.773400000005 0.989782989
86333.414099999995 1.00106394
86334.046900000001 0.987444818
86334.687500000000 0.988351047
86335.328099999999 0.999044955
86335.968800000002 0.992115200
86336.609400000001 0.996522129
86337.250000000000 0.976178765
86337.890599999999 0.998181105
86338.531199999998 0.958721995
86339.171900000001 0.999251902
86339.812500000000 1.01546431
86340.445300000007 1.00205767
86341.085900000005 0.990137637
86341.726599999995 1.00223064
86342.367199999993 0.991549313
86343.007800000007 1.01421034
86343.648400000005 0.987476230
86344.289099999995 1.02377486
86344.929699999993 1.05121291
86345.570300000007 0.995467603
86346.210900000005 1.02665699
86346.843800000002 1.00267637
86347.484400000001 1.01988912
86348.125000000000 1.01971328
86348.765599999999 1.00974178
86349.406199999998 1.03455222
86350.046900000001 0.976961672
86350.687500000000 1.00251687
86351.328099999999 1.02667904
86351.968800000002 1.00904763
86352.601599999995 0.983414531
86353.242199999993 0.997563362
86353.882800000007 1.03543556
86354.523400000005 0.998327076
86355.164099999995 0.995762885
86355.804699999993 1.00464249
86356.445300000007 1.02583551
86357.085900000005 1.03387976
86357.726599999995 1.02396572
86358.367199999993 1.02040970
86359.000000000000 1.00177741
86359.640599999999 1.03851640
86360.281199999998 1.01842594
86360.921900000001 1.02600670
86361.562500000000 1.01577985
86362.203099999999 1.01709402
86362.843800000002 1.02346575
86363.484400000001 0.997009814
86364.125000000000 1.01995122
86364.765599999999 0.983376920
86365.398400000005 0.996916473
86366.039099999995 1.03733289
86366.679699999993 0.989551187
86367.320300000007 0.995923877
86367.960900000005 1.00636315
86368.601599999995 0.993896544
86369.242199999993 0.984501958
86369.882800000007 0.982122004
86370.523400000005 1.02736151
86371.164099999995 1.00238323
86371.796900000001 1.01524663
86372.437500000000 1.01258826
86373.078099999999 1.00940204
86373.718800000002 0.987958431
86374.359400000001 1.02228010
86375.000000000000 1.01310086
86375.640599999999 1.01236749
86376.281199999998 1.03340328
86376.921900000001 1.02801228
86377.562500000000 1.00740290
86378.195300000007 1.00530219
86378.835900000005 0.997083068
86379.476599999995 0.957677901
86380.117199999993 0.982133865
86380.757800000007 0.976056218
86381.398400000005 0.989673376
86382.039099999995 0.975176632
86382.679699999993 1.00206101
86383.320300000007 0.974918425
86383.960900000005 1.00239551
86384.593800000002 1.01645148
86385.234400000001 1.02572381
86385.875000000000 1.03546321
86386.515599999999 1.03364336
86387.156199999998 1.00285935
86387.796900000001 1.02164304
86388.437500000000 1.00835395
86389.078099999999 1.00454354
86389.718800000002 1.00841022
86390.359400000001 1.00832963
86390.992199999993 1.01968789
86391.632800000007 0.996044219
86392.273400000005 1.00976622
86392.914099999995 0.989975214
86393.554699999993 1.00798881
86394.195300000007 1.00663364
86394.835900000005 1.03926337
86395.476599999995 1.02251768
86396.117199999993 1.02274907
86396.750000000000 1.02786219
86397.390599999999 1.01235783
86398.031199999998 0.973775923
86398.671900000001 1.00028610
86399.312500000000 0.974514782
86399.953099999999 0.965630770
86400.593800000002 0.983372390
86401.234400000001 0.980056286
86401.875000000000 0.988529921
86402.515599999999 0.985431552
86403.148400000005 0.977759063
86403.789099999995 0.978766918
86404.429699999993 1.00827515
86405.070300000007 1.00439930
86405.710900000005 0.978306055
