85440.41162929     0.92391495751
85440.71313641     1.03443697858
85441.01295373     0.98896034483
85441.31534597     0.92805503086
85441.6143184      1.1471655666
85441.91063544     0.91516676248
85442.21133790001  0.9630939998
85442.51111499     0.96203448119
85442.81527749001  1.00090961213
85443.11593971     0.90413966084
85443.41229698001  1.07183756072
85443.71207407     1.04147300204
85444.0110465      1.08507494506
85444.31170872001  3.16300679756
85444.61325607     1.18631449056
85444.91307339     1.00105280085
85445.21027556     1.27968747518
85445.51009289     0.87016334402
85445.81075511     0.85748561585
85446.1088424      1.37127389276
85446.41123465     0.99871811078
85446.70932195     1.06828331919
85447.00825414     1.04896644757
85447.31237641     1.09456404491
85447.61130861     1.03735902003
85447.9093959      0.91697594612
85448.21005812     0.98369741072
85448.50903055     0.92343643864
85448.8114228      1.10900143239
85449.11208502     1.15166178324
85449.41105744     1.0730686231
85449.70998964     0.99690088781
85450.00892183     1.02421135525
85450.30873916     0.96608667893
85450.60682646     0.84755183114
85450.90833357     0.94598344153
85451.20988092     1.00700733833
85451.50881311     0.98531069929
85451.80690041     1.04968488551
85452.10756263     1.02944378966
85452.40999511     1.09942143254
85452.71496228     0.9876794517
85453.00528458     0.96307484839
85453.30683193001  1.12697352176
85453.60660902     1.10418808057
85453.90731147     1.04192077289
85454.20797369     0.88821646612
85454.50606099     0.94747741798
85454.80583808     1.05661083948
85455.1056554      1.06663839474
85455.40804765     1.04033883395
85455.70613495     1.06639219225
85456.00679717     1.22541915716
85456.30576959     0.93660591074
85456.60470179     1.01307726196
85456.90536401     0.98763622682
85457.20433644     1.00392072807
85457.51018873     1.03912858786
85457.8073909      1.12979201712
85458.10459307     0.97917824767
85458.40614042     0.89655474204
85458.70595774     0.99260780644
85459.00577507     1.07139581673
85459.30297724     1.05615842375
85459.60279456     0.87051058897
85459.90430167     0.9742901407
85460.2032741      0.90871931985
85460.50566635     0.9035627719
85460.80375365     0.94632014455
85461.10095582     0.98040597046
85461.40077314     0.98097176191
85461.70143536     0.9623970305
85462.00209758     0.96544102234
85462.30107001     0.90285796747
85462.60173223     1.00312602387
85462.90239444     1.03945890144
85463.19959661001  1.05293792676
85463.50114396     1.03296978587
85463.80442134     0.88163815786
85464.09989348     0.73444417741
85464.39971081     1.01853187704
85464.70298818     1.02640959847
85465.00192037     1.03322098432
85465.29912254     0.947788005
85465.60066989     1.12025060887
85465.90221724     0.94895360889
85466.20030454     1.01520541013
85466.50181165     0.95345226357
85466.79905406     1.05558297527
85467.09883115     1.01063977694
85467.39780358     0.95564221764
85467.69931069     0.88074031705
85467.99828312     1.05874180955
85468.30067536     1.05229386578
85468.59876266     1.11373593386
85468.89769486     1.02613626759
85469.20181713     0.97010569578
85469.50074932     0.98629622005
85469.7971066      0.92881730534
85470.10122886     1.01209197357
85470.40020129     1.02481493827
85470.69828859     1.02983744363
85470.99806568     1.11861311242
85471.29788301     1.10794070368
85471.5968152      0.88412538727
85471.89924768     1.08146940249
85472.19729474     1.01655113518
85472.49711207     1.03849009142
85472.79692939     1.03948606062
85473.09759161     0.99051496976
85473.39567891     0.99665923032
85473.69634113     1.06371780965
85474.00134853     0.88373713688
85474.29597578     0.95802432283
85474.59490797001  0.91459227039
85474.89818534     0.93805560466
85475.19627264     1.02782203946
85475.49604973     0.98308724901
85475.79502216     1.13067750024
85476.09825930001  1.05628620652
85476.39461658     1.07434688523
85476.6944339      1.04785001389
85476.99425122     1.05775981612
85477.29402831     0.9958583077
85477.59819082     1.12592311709
85477.89366296     1.02764164162
85478.19521031     0.99750008811
85478.4949874      0.89779347988
85478.79395983     0.92770307757
85479.09289202     1.00506029753
85479.39874432     1.0595382375
85479.69594649     0.95782981409
85479.99318889     1.09188654089
85480.29473624     1.09934326772
85480.59539846     1.04737381913
85480.89606068     0.96301024946
85481.19326285     1.02806122187
85481.49742535     0.87623219297
85481.79201236     1.05387315533
85482.09444484     0.89761453688
85482.39768198     0.99780624964
85482.69492439     1.05152022744
85482.99385658     0.92544377525
85483.29194388     1.07665261262
85483.5917612      0.94754738225
85483.89415345     1.02190193501
85484.19393054     0.95302154574
85484.49374786     0.92948756978
85484.79099026001  0.93582884204
85485.09165248     0.90142028158
85485.39146981     0.95473710912
85485.69040200001  0.97096861002
85485.99021933001  1.0293655425
85486.29261157     1.01195143896
85486.59069887     1.03322754218
85486.89136109     1.09841785325
85487.19029328     1.06701879885
85487.49268553     1.02177577605
85487.79077283     1.05935493649
85488.09143505     0.97714434109
85488.39040747     1.09789525882
85488.68760964001  0.96752046859
85488.99173191     0.96102918938
85489.28897432     1.03444684097
85489.58963654     1.01444612702
85489.88945386     0.94481013944
85490.19011608     1.08545321392
85490.48820338     0.96758370317
85490.78798047     1.06482633004
85491.08868292     1.03745555723
85491.39019004     1.02405312431
85491.69173738     0.93612697839
85491.98809466     0.98818543851
85492.28875688     1.02078275877
85492.59030423     0.94941653643
85492.8866615      0.97954508769
85493.18820885     0.99187225826
85493.48971596001  1.06555090102
85493.78695837     0.9229205232
85494.08935061     0.89020241923
85494.38570789     0.91343428553
85494.68894503001  1.06849568227
85494.9853023      0.98836403869
85495.28511962     1.07812597139
85495.58493695     1.04943708682
85495.88817409     1.04908141011
85496.18972144     0.91316800691
85496.48780874     1.05805471855
85496.78501091     1.00425399592
85497.0908632      1.18664919689
85497.3889505      1.04303664433
85497.68961272     0.92201576869
85497.98423997     0.9218394442
85498.28405729     1.05288905587
85498.58387461     0.92577221459
85498.88715199     0.96700198756
85499.18435416     0.93339424725
85499.49105135     0.85739969712
85499.78394857     1.08423908125
85500.0837659      1.02907012683
85500.38615814     1.0056969925
85500.68424544     0.99326451342
85500.98317763     0.92813506497
85501.28215006     0.98894382527
85501.58281228     0.94903025889
85501.88608965     0.88680664514
85502.18329182     1.00788523529
85502.48483917     1.01690469429
85502.78204134     0.95524032721
85503.08185867     0.94134456903
85503.38340601     0.98359873274
85503.68491313     0.97609067493
85503.9812704      1.01025023863
85504.28108773     0.93536065757
85504.58090505     1.1050269667
85504.8832973      0.99719208396
85505.18138459     0.86675959797
85505.48377684     1.04790271764
85505.78097901     1.07069762246
85506.08510128     0.92665681616
85506.3849186      0.92621067182
85506.6830059      0.86563941759
85506.9810932      1.02975372466
85507.28264055     1.0196611787
85507.57984272     1.10677168243
85507.87966004     1.01592881012
85508.18116716     1.0383981256
85508.48013958     1.0879529171
85508.77818665     0.86172137197
85509.07800397     1.05452358397
85509.38212624     1.16036549898
85509.67936865     0.99546605084
85509.97830084     1.07194245831
85510.27811816     0.98966347804
85510.57793549     0.96819382278
85510.87771258     0.99900908952
85511.17925993     0.89008440823
85511.48426733     0.94456747565
85511.7806246      0.88345288211
85512.08040169001  1.07127854878
85512.37675896     1.0851179604
85512.68088123     0.91790323881
85512.97812364     1.10762046913
85513.27705583     1.02977003266
85513.57771805     0.89892928461
85513.87838027     1.08053204395
85514.17908272     0.86640106496
85514.47712979     1.05617800647
85514.77867714     1.0659126899
85515.07591954     0.92152336575
85515.37569663     1.01462503198
85515.67466906     1.04412547329
85515.97533128     0.98790057625
85516.2759935      1.11537553458
85516.57665572     0.96309711232
85516.87474302     1.05130179164
85517.17802039     0.99893692649
85517.47522256     1.06131462958
85517.77676991001  1.04778791235
85518.07743213     0.96149843454
85518.37724945     1.14569652482
85518.67360672     0.9850854703
85518.97684386     0.93831283057
85519.27581629     0.99101593156
85519.57474849     1.03290119517
85519.87368068     0.93683615
85520.17611316     0.88300505989
85520.47504535     0.98045496165
85520.77570757     0.93358508539
85521.07379487     0.85491459385
85521.37272707     1.04336283521
85521.67600444     0.99623222986
85521.97320661     0.96988235365
85522.27386883     1.08408598434
85522.57195613     1.01019991419
85522.8752335      0.94419922545
85523.17243567     1.08482682203
85523.47655794     1.08625205896
85523.77380034     0.86043055109
85524.07273254001  1.0836045151
85524.37339476     0.90858854021
85524.67236719     1.01482779112
85524.97129938     0.94415522778
85525.2719616      0.96336152614
85525.57177892     0.97214325444
85525.87159625     1.09534595444
85526.17137334     1.00788593673
85526.47034577     0.98679685531
85526.77185288     1.01062400128
85527.07428536     0.90999032604
85527.3697575      1.06365762355
85527.67303488     1.11365159329
85527.97196707     1.06508661492
85528.27005437     1.03727961886
85528.56898657     1.0228040965
85528.86880389     0.9803574296
85529.17119613     1.10892836233
85529.47012833     0.99637462811
85529.76910076001  1.16025083568
85530.06976298     1.04515944951
85530.36785028     1.01647336819
85530.66935739     0.95522620721
85530.97436479     1.02680674826
85531.27418211     0.96396601655
85531.56707934     0.88190327519
85531.86858645     0.97084836657
85532.1701338      1.01668018411
85532.4682211      1.04984429193
85532.77061334     0.98246068564
85533.06785575     0.96243859422
85533.36763284     1.00186606588
85533.66918019     0.91574945508
85533.96726748     1.03274410281
85534.2679297      0.91293501436
85534.56859192     0.96920105363
85534.86840925     1.03161924809
85535.16734144     0.85286120121
85535.46631387     0.95233925593
85535.76870611     0.99954871759
85536.06763831     0.89058595173
85536.36572561     1.13936414052
85536.6646578      1.0122840059
85536.96705005     0.94562665193
85537.2677525      1.10983781931
85537.56410977     1.00588188385
85537.86907694     1.09129472398
85538.17062429     1.02812249604
85538.46525154     0.95271548686
85538.76679888     1.04701949922
85539.06657598     0.94121194168
85539.36381838     1.02883404805
85539.66359547     0.934994173
85539.96860287     1.00838263464
85540.26842019     0.97319903472
85540.56304744     0.9401576297
85540.86370966     1.1379689136
85541.1661019      0.8449618913
85541.46161428001  1.05933144443
85541.76573655     0.94794001484
85542.06466875     1.08189754636
85542.36275604     0.90095940875
85542.66168824     0.94195973278
85542.96235046     1.08564512347
85543.26216778     0.90311507015
85543.56198511     1.04798583248
85543.86526248     0.99497279645
85544.16073462     1.09738111176
85544.46228197     0.96196994184
85544.76121417001  0.96634792304
85545.06103149     0.95180654471
85545.36169371     1.02508267943
85545.66843113     1.03840326864
85545.96217325     1.09379039279
85546.26110545     0.9953529633
85546.56522772     0.97151956091
85546.86420015     0.99968381222
85547.16140232     1.08396191066
85547.46206454     1.0254153767
85547.76188186     1.02073864317
85548.06342921     1.00205330479
85548.35978648     0.89184877211
85548.6612936      1.11777198829
85548.96111092     0.98900324108
85549.26265827     0.98633847419
85549.56074557001  1.14735119014
85549.85967776     1.07341563317
85550.16295514     0.95298293939
85550.4610022      1.09092559255
85550.7651647      1.02060118437
85551.05890682     0.85605111493
85551.36129907     0.88215969391
85551.65765634     1.02740971134
85551.96004859     1.12771242122
85552.25813589     0.92203606621
85552.56141326     1.05786004242
85552.85861543     0.92665527881
85553.16016278     0.97484320426
85553.45825008     0.86125312701
85553.7589123      1.08635913706
85554.05872962     0.99984423548
85554.35766181     1.03770059967
85554.66093919     1.0083727828
85554.95814136     1.03847830272
85555.25707355     0.94443730253
85555.55689088     0.97802823599
85555.85582307     1.04175978274
85556.15564039     1.0546846134
85556.45718774     1.01094689019
85556.75527504     1.06021179218
85557.05939731     1.01920738062
85557.35486946     1.07759282087
85557.65899173     1.09177617327
85557.95707902     0.89552387788
85558.25689635     0.95709092456
85558.55928859     0.99344848546
85558.85822079     0.96849150555
85559.15892324     1.04488944367
85559.45612541     1.00224812539
85559.75421271     1.1717986127
85560.05660495     1.06083330665
85560.35380712     1.15244681791
85560.65623960001  0.89676283268
85560.95428667     1.12791537069
85561.25410399     1.09692816356
85561.55392131     1.16400065405
85561.85546866     1.0122642656
85562.15440086     1.07930050535
85562.45506308001  0.99793358045
85562.75315037     0.95056683907
85563.05642775     1.18611577975
85563.35535994     0.98361536508
85563.65256211     1.0323772189
85563.95326457     0.9759953598
85564.25219676     1.11757574338
85564.55201408     0.98776502949
85564.85440633     1.09307753844
85565.1516085      0.90473906833
85565.45227072     1.08709222892
85565.75124315     0.96906497686
85566.05102024     0.88204946282
85566.35083756     1.09649951547
85566.65065488     1.00578394614
85566.95220223001  1.0122625062
85567.25459448001  1.05136436791
85567.55095175     0.94633826963
85567.85418889     0.99896965014
85568.14970127     0.88628089353
85568.45036349     1.00272799452
85568.75191084     0.91925093378
85569.05341795     0.87878155534
85569.34977523     1.07139869546
85569.65132257     1.10852000627
85569.95198479001  1.01315656326
85570.2492272      1.10588680011
85570.55073431     0.98042643969
85570.84970674     1.04687428581
85571.14863894     0.83910574874
85571.44930115     1.06427939951
85571.74911848     0.99774381479
85572.05239585     1.0086612998
85572.347868       0.99047547422
85572.64768532     1.01768921321
85572.94923267     1.00227889035
85573.24900976     1.0468981383
85573.54798219001  1.00642541755
85573.85121933     0.91528271957
85574.14673171     0.92422083642
85574.44739393001  1.09788423075
85574.74805614     0.97669686259
85575.04698834001  1.02157058392
85575.34680566     0.86224618766
85575.64835301     0.93441921887
85575.94728521     1.06617978522
85576.2462174      0.96060389077
85576.54603472     0.97087033589
85576.85361704     0.89218513643
85577.14824429     0.98111959707
85577.44979164     0.99290199956
85577.74699381     1.03153912688
85578.05200121     1.01145789533
85578.34662846     0.99769921999
85578.64644578     0.96123823401
85578.94622287     1.0372562768
85579.2451953      0.94941698704
85579.54843244     0.99739956877
85579.84740487     1.03646558743
85580.14372191     1.09513468298
85580.44699928     0.96846780337
85580.74508658     0.89598116294
85581.04401878     0.97604796381
85581.34987107001  1.05444856572
85581.64538345     0.95600011136
85581.9443156399   1.01027162122
85582.24670789001  0.97312162651
85582.54395029     0.83234028824
85582.84372738001  0.9748544718
85583.14442983     0.9392785054
85583.44336203     1.02064233218
85583.74317935     1.17670358046
85584.04730162     0.89294984698
85584.34623382     0.92150479736
85584.64432112     1.06971142638
85584.94325331     0.97770103391
85585.24999073001  0.9534924886
85585.54634801     0.97177890426
85585.84270528     0.98868984553
85586.14163748     0.9763132348
85586.44402972     1.05942984589
85586.7438470399   0.97464260091
85587.04193434     1.04075917462
85587.34432659     0.94860539233
85587.64325878001  1.04537042734
85587.94307611001  0.97349412669
85588.2411634      0.99751102453
85588.54182562     1.00853266615
85588.83991292     1.05205481579
85589.14230517     0.99136217642
85589.44212249     0.96165794056
85589.74105469     1.02358796825
85590.04087201     0.94362490884
85590.3398042      0.96838595055
85590.64392647     1.02557349771
85590.93943885001  1.14923638033
85591.24010107     1.13080160272
85591.54076329     1.07331833863
85591.84231064     1.02068984683
85592.13866791     0.84360250913
85592.44017503     1.01527998979
85592.73999235     0.88034608839
85593.03980968     0.87535016914
85593.33874187     1.04613904711
85593.63767406     0.94960572186
85593.93837652     0.96667730893
85594.23815361     0.99451467659
85594.54231611     1.08236317595
85594.83778826     1.00293644586
85595.13672045     0.99372349002
85595.43915293     0.97398822312
85595.73808512     1.04441654313
85596.03790245     1.05144149615
85596.33940956     0.98742684208
85596.63922688     0.93846226119
85596.93731418     0.91312513435
85597.23624638     1.13050090334
85597.53779373     1.13937668019
85597.84018597     1.03330210443
85598.13738814     1.26179315126
85598.43893549     1.08229472711
85598.73613766     0.97601973541
85599.03595498     0.96150611296
85599.33577231     0.97604142406
85599.63731966     0.96628050405
85599.93882677     1.00233780425
85600.23433915     0.97660477442
85600.53500137001  1.02502459762
85600.83566359     0.95560623781
85601.13809607     1.03156282559
85601.43529824     0.90106211985
85601.73511556     1.00747635343
85602.03489265     0.90055714529
85602.33732513     1.04242329275
85602.63710222     1.00378316071
85602.9326146      0.92378213061
85603.23412171     0.99289286523
85603.53309414     0.97028855215
85603.83375636     1.02359549716
85604.13787863     0.95640340236
85604.43339101     0.9790707124
85604.7331681      0.91819239129
85605.03298542     1.02625454979
85605.33883771     1.05908930326
85605.63173494     0.94972226939
85605.93501231     1.03309780072
85606.23309961     1.0297675899
85606.53203181     0.98598543616
85606.83269403     1.01763427916
85607.13508627     0.9608983337
85607.43232867     1.04946613354
85607.73299089     0.95611372324
85608.03107819     0.9605406224
85608.33089551001  1.08348135153
85608.63067261     0.99403009346
85608.93310508     0.999441999
85609.2337673      1.12155947141
85609.53527442     0.92090360617
85609.82990167     0.92986719496
85610.12971899     1.05794131765
85610.43126634     1.02053465929
85610.73192856     1.01728882412
85611.03259078     0.98823270543
85611.32983318     1.04517254705
85611.62961027     0.89858347712
85611.93204275     1.13742821872
85612.23008981001  1.0263053541
85612.52906224     0.86846967005
85612.83318451     1.18050487247
85613.13038668     1.06306493016
85613.43108913     0.98663681508
85613.7291362      0.84045712239
85614.03068355     0.92280654883
85614.32877085     0.99189183132
85614.62943307     0.94844319183
85614.93009529     1.03577284864
85615.23164263     0.97069522969
85615.53057483     1.04634718612
85615.83039215     1.12430597704
85616.12759432     1.00412007588
85616.42829678     1.07874856066
85616.72722897     1.00846383488
85617.02962121001  1.10407686269
85617.32770851     0.99150273611
85617.62664071     0.98593800312
85617.92991808     1.05910968787
85618.22712025     0.88325362869
85618.5278227      1.08429114321
85618.82932982     0.99342341454
85619.12830225     0.98769095431
85619.42634931     1.12758076874
85619.72789666     1.01848427336
85620.02598396     0.92375073079
85620.32664618     1.00468837029
85620.62473348     1.04233292977
85620.92974088     1.09569919328
85621.12499228     1.03927158866
85621.22521302     0.96932441006
85621.52676037     0.9620981489
85621.82742259     1.06335124697
85622.42874703     1.0011954426
85622.72598943001  0.91703471243
85623.02492163     0.854960025
85623.32558385     0.95784609758
85623.6262863      1.07651187731
85623.92694852     1.08646489196
85624.12308505     1.09799823845
85624.22503582     0.99847490241
85624.52308288     0.96926777965
85624.82463023     1.05415271759
85625.4268398      1.05994014159
85625.7249271      0.99853412313
85626.02385929     0.9931491877
85626.32540664     1.06319322576
85626.62606886     0.90720562415
85626.93019113     1.07030783712
85627.12202272     1.12246084574
85627.22481838     1.12424555478
85627.52636573     0.98281562611
85627.82183787     1.03779823829
85628.42058739     1.04890612143
85628.72301987     0.98253942851
85629.02625701     1.09760209739
85629.32434431001  1.01836406586
85629.6232765      1.0417355132
85629.92224893     1.07023419509
85630.12007526     0.98276294731
85630.22118113001  0.9674752154
85630.52703342     0.86808977499
85630.82166067     1.09497317564
85631.42129532     0.85866557495
85631.72107241     1.07313434228
85632.02004483     1.07559104979
85632.31982193     1.05344676238
85632.61963925     1.21443061606
85632.9211866      0.93623808919
85633.11989805     1.04971922699
85633.22011879     0.99649191884
85633.51905099     1.04204728154
85633.82321349     0.98222215414
85634.41934785     1.05172967946
85634.72089520001  1.00538080961
85635.01809737     1.01201268886
85635.31879982     1.12794107366
85635.62203696     0.94998936904
85635.92185429     1.00120126217
85636.12229577001  0.91283606545
85636.21994159     1.03138521066
85636.51714376001  1.16962517725
85636.82042113     0.9273653281
85637.42174557     0.91430826891
85637.71810284001  0.98672038155
85638.01619014     0.92995112371
85638.31946752     0.95072164273
85638.61666969     0.93423406349
85638.91994706     1.03258564066
85639.21630433     0.88961540739
85639.51523653     0.77734094587
85639.8193588      0.83168178548
85640.11829099     0.78484147279
85640.41637829     0.76105792881
85640.71619561     0.87066187522
85641.01947299     0.75255289076
85641.31667516001  0.78107423333
85641.62337235     0.69168604066
85641.91626957     0.84069661416
85642.21697202     0.63096256968
85642.51501909     0.65706946893
85642.81572154     0.71554625375
85643.11722866     0.55995688027
85643.41704598001  0.69577869631
85643.71428838     0.59772617842
85644.0149506      0.57116879853
85644.3130379      0.48900225011
85644.61370012     0.46348724539
85644.91609237     0.58715964156
85645.21329454001  0.51668112572
85645.52003196     0.48718657508
85645.81723413     0.44906810155
85646.11793658     0.53329028918
85646.41598365     0.5294326864
85646.71322605001  0.54288247835
85647.01215825     0.51595728783
85647.31543562     0.46233785494
85647.61179289     0.40045181035
85647.91330001     0.45444476576
85648.21484736     0.47409599669
85648.51293466     0.42998379636
85648.81186685     0.29572019397
85649.11168417     0.31616998894
85649.41492131     0.3829063348
85649.71389374     0.45684144623
85650.01198104     0.39972708779
85650.31175813     0.55265655276
85650.61503551     0.46005220623
85650.9139677      0.40280180532
85651.2112101      0.38772667433
85651.51187232     0.47400536088
85651.81080452     0.42811483628
85652.11062184     0.36639523676
85652.41128406     0.46054606344
85652.71283141     0.3820746922
85653.01003358     0.42937127473
85653.3098509      0.40355745483
85653.60966823     0.47131248827
85653.91033045     0.52093044919
85654.20926264     0.43324993464
85654.51169512     0.41756784777
85654.81408736     0.47962129339
85655.11128953     0.41363792126
85655.40937683001  0.32784040278
85655.71003905     0.34767453476
85656.01070127     0.46797355344
85656.3096737      0.43293575537
85656.61291084     0.45750914183
85656.91099814     0.44549759384
85657.21685043     0.45949606355
85657.51063278     0.3439291394
85657.80783495     0.38341258443
85658.1102272      0.36541862677
85658.4083145      0.31713016118
85658.70986185     0.43779601742
85659.00794914     0.38439192079
85659.30861136     0.39762885273
85659.60669866     0.4866576339
85659.90820578     0.52200898318
85660.20629308     0.32810248915
85660.5138754      0.38933079025
85660.80765775     0.47212274111
85661.10831997001  0.39935639422
85661.40725216     0.44149062217
85661.70791438001  0.3624422424
85662.00861684     0.46113854915
85662.30927906     0.44827032383
85662.60821125     0.46851688041
85662.90718368     0.45894681927
85663.20523074     0.37317988117
85663.50504807     0.42792554843
85663.80917034     0.40328560803
85664.10379759     0.45502244075
85664.40361491     0.39746431256
85664.70516226     0.31411065028
85665.00666937     0.40155390428
85665.30391178     0.34466381248
85665.60541889     0.43377116098
85665.90439132     0.27837767696
85666.20505354     0.435426453
85666.50833091     0.36932992146
85666.80637798     0.40239095839
85667.1061953      0.35489344953
85667.40516773     0.30596013585
85667.7032148      0.441060217
85668.00303212     0.33646259128
85668.30284944     0.38153456026
85668.60266677     0.43396826464
85668.90417388     0.42221411469
85669.20314631     0.34041491809
85669.50380853     0.46254923996
85669.80189583     0.33577076473
85670.10513297     0.37886845107
85670.40064535     0.4665738237
85670.70046267     0.30610095489
85671.00369981     0.36158534432
85671.30094221     0.41042368201
85671.6007193      0.36923907059
85671.90142176     0.38786776246
85672.20119885     0.39136964059
85672.50101617     0.37733973509
85672.80167839     0.35268923545
85673.10841581     0.37007582719
85673.39869788     0.38252098981
85673.69940034     0.42597547841
85674.00090745     0.35903363002
85674.29987988     0.38825771941
85674.5996972      0.44134775104
85674.90035942     0.37394020972
85675.20102164     0.45880326959
85675.49995384     0.39898960293
85675.80669126     0.34675538071
85676.10131851     0.39454432408
85676.39767578     0.36841969302
85676.698338       0.33074361936
85676.99900022     0.38180712945
85677.29793242     0.47880509833
85677.60382494     0.34834150734
85677.89929709     0.3766433557
85678.20168933     0.3645712473
85678.50062153     0.48864217805
85678.79786393     0.30896587967
85679.09679613     0.34748794996
85679.39834347     0.36964199352
85679.70073572     0.32058117523
85679.99966791     0.33065874228
85680.30121526     0.37037992305
85680.60103259     0.30943116378
85680.89565984     0.43810659334
85681.19632205     0.29628986837
85681.50132945     0.40919893938
85681.79764649     0.38050850734
85682.09834895     0.36797871024
85682.39812604     0.33217285826
85682.69621334001  0.31999007721
85682.99776068     0.41985768189
85683.2984229      0.33386566466
85683.59908512     0.40457466112
85683.89890245     0.3555845466
85684.19783464     0.41101525213
85684.49680707     0.39061666708
85684.79400924     0.34947711063
85685.09467146     0.52971992697
85685.39364389     0.38654918392
85685.695151       0.34925240747
85686.00273332     0.41231081835
85686.2990906      0.32859237038
85686.596333       0.41844099256
85686.89784011     0.39063911066
85687.19335249     0.38060150856
85687.49485961     0.37324719412
85687.79729208     0.41338877955
85688.09622428     0.42094945405
85688.39431158     0.46103384472
85688.69670382     0.40556292616
85688.9930611      0.36344404266
85689.29460845     0.42214201395
85689.59181062     0.34636193261
85689.89593288     0.41836146621
85690.19486508     0.4003854785
85690.4946824      0.3228354432
85690.79188457     0.34789061823
85691.09431705     0.39023927932
85691.39063409     0.40499213995
85691.69306657     0.40707020018
85691.99199876     0.35650181332
85692.29439101     0.4116157411
85692.59074828     0.39083641555
85692.8914105      0.37850343524
85693.19211295     0.37050522852
85693.50400022     0.5002670875
85693.7925925      0.38192824628
85694.09063956     0.33128027632
85694.39307204     0.3471881915
85694.69111911001  0.45742630721
85694.99093643     0.45452809637
85695.28986862     0.36307074355
85695.59141597     0.35736404137
85695.89034817     0.4008648488
85696.19189552     0.29669888162
85696.49171284     0.43844397392
85696.78980014     0.39118393881
85697.08788744001  0.40513991087
85697.38766453     0.40172572872
85697.6917868      0.46603069577
85697.98814407     0.35652462096
85698.28884652     0.36738484364
85698.58777872     0.44314975127
85698.89017096     0.49080845986
85699.18737313     0.38515772502
85699.49065051001  0.46034293395
85699.7895827      0.45814617078
85700.08593997     0.4674529765
85700.38833222     0.46546100482
85700.68987957     0.3970878052
85700.98708174001  0.43023975973
85701.28689906     0.41788553364
85701.58760151001  0.55261586062
85701.8873786      0.38370629731
85702.18808106     0.46505540405
85702.4904733      0.35665774075
85702.79025039     0.36191577808
85703.08487764     0.45179453045
85703.38642499     0.3441644228
85703.68797234     0.4177351529
85703.98778966001  0.33223704007
85704.2841067      0.35543827085
85704.58480916     0.41575561884
85704.88458625     0.42789041822
85705.18701872     0.41514211253
85705.48768094     0.44556968155
85705.78488311     0.46098540372
85706.08470044     0.42941464448
85706.38363263001  0.43479358675
85706.68433508     0.41737439136
85706.98411217     0.44939452085
85707.2839295      0.44246386511
85707.58286169     0.41725803893
85707.8870242      0.50005927977
85708.19026134     0.37200818246
85708.48661861     0.45752972998
85708.78989598001  0.45646952947
85709.09228823001  0.44595985308
85709.38430032     0.38178859457
85709.68238762     0.41970608158
85709.98477987     0.35314758422
85710.28375229001  0.40841296115
85710.58183959     0.54119104248
85710.88161668     0.47962790924
85711.18231914     0.33460717307
85711.48471138     0.39181481434
85711.78191355     0.45514176081
85712.08084574     0.41276888881
85712.38066307     0.4536507501
85712.68132529     0.38426130318
85712.98029772     0.44281543586
85713.28441998     0.47970482394
85713.58162215     0.3717705056
85713.88055435     0.46567647216
85714.18037167     0.50854495792
85714.48103389     0.48923760255
85714.78000632     0.53691552083
85715.08324346     0.37982302793
85715.37960073     0.43112523029
85715.67941806     0.42095042474
85715.97923538     0.46393767251
85716.28335765     0.4362727451
85716.57971493     0.49265893045
85716.87864712     0.45616619756
85717.17930934     0.53223045855
85717.47912666001  0.48526258423
85717.77894399001  0.50536308813
85718.08306626     0.47819994872
85718.37942353     0.45979650281
85718.67924085     0.41511684266
85718.97817305     0.4188346293
85719.28229532001  0.52093911408
85719.58295754     0.4250614704
85719.88019994     0.52171007482
85720.17828724     0.56769431785
85720.47894946     0.60145251768
85720.77876678     0.67498970931
85721.07681385     0.64710736957
85721.38009122     0.66499913111
85721.67729339     0.53362399378
85721.97711071     0.58457521703
85722.28038809     0.61434742633
85722.58020541     0.63507167611
85722.87913761     0.68226580387
85723.17806980001  0.50915761369
85723.48480722     0.71645928998
85723.77597442     0.72994358061
85724.07921156     0.7111414311
85724.37472394     0.5973034154
85724.67711619     0.610661724
85724.97777841     0.7101668051
85725.27586571     0.64356969998
85725.57825795001  0.64096277258
85725.87807527     0.6554742915
85726.17443255     0.63371736524
85726.48028484     0.60429371927
85726.77575699     0.53293874205
85727.07730433     0.67199697192
85727.37712166     0.62484837903
85727.68212906     0.60196981832
85727.97587118     0.54163536576
85728.27480337     0.52733658127
85728.5746207      0.4443392478
85728.87355289     0.50506572728
85729.17337021     0.52192629166
85729.48183766     0.59336222255
85729.77300486     0.51661454672
85730.07366708     0.52400146999
85730.37259928     0.54621159347
85730.67326149     0.49440397614
85730.97396395     0.53897124657
85731.27289614     0.50036929974
85731.57271347     0.39568451463
85731.87337569     0.48147389061
85732.17230788     0.40721836558
85732.47385523     0.5475438808
85732.77194253     0.546217271
85733.07087472     0.51424622174
85733.3741521      0.43240159683
85733.67223939     0.38201358026
85733.97290161     0.42528963084
85734.27183381     0.44753338488
85734.57165113     0.45771089277
85734.87492851     0.51767975118
85735.1738607      0.38237713553
85735.47106287     0.27203132155
85735.77261022     0.61198072708
85736.06981239001  0.3952898417
85736.36878482     0.5083385869
85736.67375198001  0.48280187661
85736.97010926     0.4795109242
85737.26992658     0.40751091304
85737.5697439      0.53094163125
85737.87040612     0.40213643935
85738.17022345     0.40492037907
85738.46915564     0.45283142637
85738.76897296     0.41379251242
85739.06875005     0.32199196612
85739.36945251     0.3907534622
85739.6683847      0.48382486242
85739.97077695     0.41515973742
85740.26886425     0.47905155395
85740.57214162     0.4192721885
85740.87107381     0.52479562254
85741.16827598     0.47566033874
85741.46982333     0.41399399806
85741.76618061001  0.47307461403
85742.06684283     0.36919120427
85742.36666015     0.37057836865
85742.6682075      0.3382118157
85742.96713969     0.39462899913
85743.26695702     0.3458281349
85743.56588921     0.35471840731
85743.86570653     0.43677347435
85744.16636875     0.41388277096
85744.468761       0.38994913847
85744.76596317001  0.50178738066
85745.06839565     0.42752592579
85745.36905787     0.4555859483
85745.66626004     0.36531911002
85745.96607736     0.46019818921
85746.26589468001  0.37961746694
85746.56571201001  0.45473019786
85746.86375907     0.46394687811
85747.16703645     0.43204774529
85747.46423862     0.32761084918
85747.76667109     0.28718285045
85748.06817821     0.45705881383
85748.36369059     0.43206345218
85748.66435281     0.35151147361
85748.96417013     0.46966826324
85749.26567724001  0.32149334068
85749.56291965     0.45661652648
85749.86273697     0.43258962641
85750.16597411     0.47719104209
85750.46321651     0.42218689277
85750.76214871     0.30786285097
85751.06538585     0.36356399513
85751.36174312     0.35711956235
85751.66329047     0.41576013524
85751.96222267     0.36721286453
85752.26203999     0.33224324093
85752.56531736     0.40436877574
85752.86513469     0.44324391901
85753.16233686     0.49699270261
85753.46215418     0.40009630403
85753.76193127     0.45814569411
85754.0617486      0.43759551254
85754.36241081     0.4261320197
85754.66138324     0.40812378465
85754.96120057     0.53936997473
85755.26186279001  0.35469044907
85755.56509993     0.36607255429
85755.86580238     0.33935409278
85756.16300455     0.38321495768
85756.46020672     0.37721384979
85756.76090917     0.42295855856
85757.05984137     0.27099515271
85757.36396363     0.4666945182
85757.66205093     0.43327227211
85757.96098313     0.39726737372
85758.26164535     0.39982689189
85758.5623478      0.30749677764
85758.85870507     0.42025553928
85759.16194221     0.40932685734
85759.46002951     0.33777040827
85759.75896171     0.36823445671
85760.06223908     0.3721774423
85760.35859636     0.36246933297
85760.66098860001  0.32547076742
85760.95992079     0.42631689372
85761.26235327     0.350243476
85761.56040034001  0.37069909952
85761.86194769     0.36864936279
85762.16087988     0.27743189564
85762.45896718     0.38509512681
85762.7587845      0.37003928277
85763.0577167      0.49207908272
85763.36010894     0.38253711419
85763.65992627     0.36858347713
85763.95716867001  0.42504621386
85764.25867579     0.31446267229
85764.55764821     0.37785606061
85764.85831043     0.46527089851
85765.15812776     0.42337717421
85765.45963487     0.33735711576
85765.75599215     0.37026968976
85766.05838439     0.35135679933
85766.35562679     0.31985137682
85766.65713391     0.35609946878
85766.96041128     0.39349528899
85767.2610735      0.38101192119
85767.55570075     0.35313992534
85767.85636297001  0.45400799483
85768.1553354      0.38523558657
85768.45857254     0.40900321036
85768.75665984     0.4186141679
85769.05732206     0.43968776142
85769.35540936     0.41458885248
85769.65438178     0.46938443691
85769.95415887     0.43408045721
85770.25832138     0.43500455145
85770.55725357     0.38525351746
85770.85618577     0.27405153465
85771.15427306     0.41630315609
85771.45236036     0.44164224675
85771.75302258     0.4868493303
85772.05802998     0.34301734005
85772.35434702     0.3205091527
85772.65331945001  0.28051740319
85772.95313677     0.28924540452
85773.25379899     0.44751163067
85773.55188629     0.33969931768
85773.85166338     0.4029840958
85774.15236583     0.32005457189
85774.45214293001  0.42709481407
85774.75111535     0.31393215018
85775.05523762     0.40932920465
85775.35070977     0.4065208905
85775.65137199     0.37984269418
85775.95291934     0.28687083802
85776.25012151     0.3793047771
85776.55428401     0.37745930373
85776.85064128     0.36412488275
85777.15041837     0.38366702842
85777.4502357      0.45060812342
85777.75005302     0.40640603698
85778.04987034001  0.46692461665
85778.34880254     0.4559913307
85778.65292481     0.3288698002
85778.95012698     0.44325688529
85779.24821428     0.31727838527
85779.54976162     0.40423199584
85779.84784892     0.3730999116
85780.14935604     0.37786020301
85780.44917336     0.34535720069
85780.74899069     0.38896326741
85781.04965291     0.34955612132
85781.35377517     0.39771980101
85781.65101758     0.40207572139
85781.9516798      0.40813404122
85782.2566872      0.37406813786
85782.54785439     0.43709263785
85782.84763149     0.34422319864
85783.14917883     0.43064144482
85783.44811103     0.40163542217
85783.74708346     0.35090883962
85784.0503206      0.35217806132
85784.34667787     0.31593497542
85784.64561007     0.46788592037
85784.94631252     0.41149773967
85785.24870476     0.43898047083
85785.54679206     0.29052448571
85785.84660939     0.38323513397
85786.1472716      0.33077944804
85786.44793382     0.30821448105
85786.74513599     0.38397223706
85787.04583845     0.44956736372
85787.34477064     0.37600426759
85787.64543286     0.31668419059
85787.95044026     0.41804209915
85788.24506751     0.46206978749
85788.54484460001  0.35733826948
85788.84639195     0.38308593571
85789.1479393      0.35894396018
85789.44514147     0.38101822326
85789.74580369     0.58358111331
85790.04908106     0.39702386456
85790.34716836001  0.38267183506
85790.64525566     0.43466751514
85790.94334296     0.3213970839
85791.24312005     0.51242485713
85791.5438225      0.36311632241
85791.84621474     0.39267689284
85792.14341691     0.41053858426
85792.44580916     0.4258932945
85792.74478158     0.35044412893
85793.04455868     0.24537811508
85793.34180108     0.50807327069
85793.64157817     0.3890841037
85793.94485554     0.34253418254
85794.24205771     0.45904353045
85794.54360506     0.3572265008
85794.84426728     0.40767621137
85795.1440846      0.41328839571
85795.44132701     0.35042037644
85795.74544928     0.33048297359
85796.04092142     0.39373186335
85796.34158364     0.41781904963
85796.64228609     0.39897742807
85796.94121829     0.3917917044
85797.24534056     0.38015316137
85797.53996781001  0.40189095144
85797.83978513     0.52880168329
85798.14217737     0.49682019796
85798.4419947      0.32647517282
85798.74611697     0.40245699939
85799.03985909     0.36646940596
85799.34140644     0.45563315336
85799.64206866     0.42923949328
85799.93931106     0.4373683173
85800.23824325     0.4875327579
85800.5406355      0.42118735965
85800.8387228      0.49715869397
85801.14111504     0.49388317851
85801.44177726     0.41050345304
85801.73901966     0.38610179477
85802.03879675     0.61021241128
85802.33776918     0.39225552791
85802.6384314      0.45918797879
85802.9373636      0.47837839898
85803.23891094     0.58855761522
85803.53872827     0.55020035084
85803.83681557     0.4348575198
85804.14178273     0.43257642519
85804.43729511     0.57402544315
85804.7362273      0.53810077252
85805.03861955     0.52975607918
85805.34189692     0.50055044352
85805.63998422     0.5957040969
85805.93630126001  0.44000491907
85806.23784861     0.65133821911
85806.53593591     0.45738736912
85806.83575323     0.55181397176
85807.13641545     0.69131768885
85807.43623278     0.66449453391
85807.74035505     0.60925303933
85808.03671232     0.75679469459
85808.33479962     0.64819919594
85808.63892189     0.70128320551
85808.93869898     0.7367321191
85809.23505625     0.79964973851
85809.53487358     0.70611479107
85809.84072587     0.80463732092
85810.13535312     0.934847797
85810.43690047     0.79573822699
85810.73583266001  0.89476618918
85811.03822491001  0.87995925727
85811.33546731     0.94796203987
85811.63612953     0.98412818502
85811.9333317      0.96369563475
85812.23314902     0.9428342981
85812.53296635     1.13654680222
85812.83362857     0.97884206063
85813.13602081     0.92172385009
85813.43499324001  0.98228347294
85813.73219541     0.95787542429
85814.03201273001  0.91210896676
85814.33440498     1.05097873344
85814.6350672      0.95193370658
85814.93572942     1.01487636154
85815.23208669     0.84232596409
85815.53620896     0.90699538318
85815.83172134     0.9986687043
85816.13584361     1.03294665956
85816.43131575     1.08793508818
85816.73459312     0.96048851052
85817.03525534     0.99257212837
85817.33076772     1.07453023014
85817.63400486     0.99829137517
85817.93382219     0.91223097702
85818.23102436001  1.12460458296
85818.52999678     0.95556425084
85818.830659       0.92927899056
85819.13132122     0.87062576719
85819.43198344     1.01190124661
85819.73180077     0.96765281469
85820.03507814     1.02843699457
85820.33143541     0.98184709223
85820.6312125      0.94953105345
85820.93191496     0.95363095904
85821.22996202     0.96089729862
85821.52893445     1.07598301628
85821.82959667     1.00893711019
85822.12941399     1.01051350404
85822.43180624     1.00632962943
85822.73073843001  0.94346328916
85823.02798084001  1.0964434077
85823.32775793     0.88812184602
85823.62930527     1.01134361365
85823.93085262     1.03927614102
85824.22978482     0.93149803904
85824.52787212     0.87845980677
85824.82941947     0.96099593816
85825.13008168     0.95440239132
85825.42989901     1.05293728902
85825.72710118     0.99191895918
85826.03037855     0.90887774458
85826.3258507      1.02186182403
85826.62997297     0.88062997729
85826.92721537     0.98087609655
85827.22614756     0.99180062375
85827.52942494     0.96479494222
85827.82920203     1.01088905396
85828.12644443     1.09119786212
85828.42795155     0.90654286969
85828.72519395     0.98466123485
85829.02843109     0.96289420454
85829.32478836     1.00094540912
85829.62891063     0.96255482637
85829.92526791     1.00148618297
85830.22593013001  1.0249303738
85830.52490255     0.92930156524
85830.8272948      0.92018220711
85831.12711212     1.0044337859
85831.42692945     0.91210424211
85831.72413162     0.91074277997
85832.02394894     0.9589837524
85832.32718608     1.07932172449
85832.62442848     1.06465021171
85832.9259356      1.03767056782
85833.22575292     0.94348905874
85833.52468512     0.97699558568
85833.82277241     1.02276452187
85834.12343463     1.0307474794
85834.42498198     1.01961740902
85834.72306928001  1.03066513543
85835.0237315      1.04453142878
85835.32270393     0.99939917001
85835.62163612     1.02456665102
85835.92318347     0.93398930399
85836.12189493     1.05516711708
85836.22384569     0.972079839
85836.52277789     1.02928084028
85836.82086519     1.01674484497
85837.42218962     0.94934867012
85837.72116205     1.07227905037
85838.02439919     0.89967709399
85838.32337162     0.97028907903
85838.62314871     0.90686500411
85838.92123601     1.0053458786
85839.12167749     0.94258718013
85839.22020844     0.9560496785
85839.52087066     1.02359394133
85839.82499293001  0.94669091664
85840.42028239     1.0326746309
85840.72009972     0.92263678573
85841.01991704     1.03292324478
85841.32142416     1.02611558704
85841.62212661     0.94463603421
85841.9219037      0.97393925982
85842.11977026     0.93829468361
85842.2191461      0.96963053216
85842.51892319     0.96485330076
85842.82135567     1.08193007332
85843.42183522     1.00473312965
85843.71819249     1.02012063528
85844.01885471     1.01003970119
85844.3177869      1.08842205294
85844.61760423     0.98009579114
85844.9217265      1.05138416042
85845.21808377     1.06428882141
85845.51701596     0.90553312538
85845.81767818     1.02939298687
85846.11665061     1.11881810919
85846.42077288     1.06738127847
85846.71713016     1.0069820739
85847.01606235     1.13241361138
85847.31587967     1.14501105658
85847.615697       1.03521755124
85847.91981927     1.00713839238
85848.21702144     0.97506777784
85848.51595363     1.17052014359
85848.819231       1.07726066812
85849.11470315     1.06330764025
85849.41971055     1.10716754403
85849.71779785     1.11689025528
85850.01673004     0.96838753192
85850.31827739     0.99355936211
85850.61463466     0.95626558874
85850.91875693     1.09710604861
85851.2159591      0.9392821316
85851.5148913      1.02611952629
85851.81470862     0.96583075732
85852.11368105     0.9182160753
85852.41691819     0.99897203571
85852.71416059     1.05171437093
85853.01309279     0.99556515634
85853.31291011     1.08638031745
85853.61441723     0.98148604447
85853.91338965     1.10781442798
85854.2157819      1.11741277848
85854.51298407     0.97560276201
85854.81280139     0.99524699631
85855.11261872     0.92272899231
85855.41328094     1.05557415833
85855.71482828     1.00997893423
85856.01203045     0.95009229273
85856.31269267     0.99054247683
85856.6116651      0.95804285216
85856.91490224     0.96441780898
85857.21817961     1.03830733825
85857.51626691     1.07959186937
85857.81173906     1.06794903183
85858.11328641001  1.02727780599
85858.4122186      0.97422305953
85858.7111508      0.98324203891
85859.01269814     0.96453609778
85859.31424549001  0.90911428771
85859.61233279     0.91297106466
85859.91472504     1.05008217061
85860.21365723001  1.04483565183
85860.51520458     0.97827272699
85860.81329188     1.12088508282
85861.11306897001  1.06745592662
85861.4120414      1.10089695668
85861.71097359     1.14404943911
85862.00906089     0.96689283675
85862.31318316     1.0191712818
85862.61211535     0.96802749422
85862.90935776     1.01987420625
85863.21175        0.97272623101
85863.51241222     0.93347831836
85863.81134442     0.82966362107
85864.11116174     0.84113569721
85864.40836391     0.93887355495
85864.70991126     0.92750133609
85865.00799856     1.03961530856
85865.30781588     0.96268210386
85865.61105302     0.90369412667
85865.9074103      1.11942663209
85866.20722762     1.16914715649
85866.50704494001  1.02154213095
85866.8068622699   1.05549396852
85867.10663936     1.0612947833
85867.40907183     0.98991695575
85867.70800403     1.03827499234
85868.00782135     1.06140121064
85868.30586842001  0.98646026859
85868.60914579     0.94421144075
85868.90723309     0.95414501715
85869.20616529     1.05619436189
85869.51028755     0.98887375193
85869.8049148      1.01584403564
85870.10903707     1.02067524445
85870.40627948     1.07907916719
85870.7069417      1.02795530704
85871.00933394     1.0450443726
85871.30484632     0.87564096059
85871.60808346     1.02986602921
85871.90532586     0.87546434382
85872.20683298     0.97277733375
85872.51095525     0.95495279565
85872.8047376      1.03561061835
85873.10539982001  0.99599825416
85873.40521714     0.99217734836
85873.70760939     0.98555706713
85874.00396666     0.9524848869
85874.30289886     1.11308017523
85874.60360131     0.95683848639
85874.90510842     1.129386021
85875.2083858      1.03304803566
85875.50904802     0.96255581901
85875.80367527     0.88385564449
85876.10433748     1.04659436512
85876.40415481     1.04897137854
85876.703087       1.09185237535
85877.00636438     0.81788581381
85877.30356655     1.06357620041
85877.60165385     1.00311730018
85877.90231606     0.95737039371
85878.20301852     0.9936037015
85878.50195071001  0.931084045
85878.80434296001  1.0718236049
85879.10327515     0.95352214937
85879.40309247     1.04058848678
85879.70117977     0.93938463663
85880.00184199     0.9266763663
85880.30338934     1.05838063208
85880.59974662     1.02449796676
85880.90040884     0.92877255974
85881.20107105     0.97225914259
85881.50607845     0.90596682813
85881.80589578     0.92379905605
85882.10398308     0.9926035726
85882.40376017     0.98749488669
85882.70273259     1.07872290184
85883.00077966     0.83289594456
85883.30232701     0.93694418308
85883.59868428     1.03840129441
85883.90280655     0.99240430142
85884.20262388     1.12297639578
85884.49898115     1.11691540547
85884.79964337     1.04813685018
85885.10203561     1.03077859944
85885.40100804     0.93936979553
85885.69994024     0.99250589873
85885.99802753     0.9161307843
85886.29868975     0.9493363725
85886.59935197     1.05851469445
85886.89828417     0.93810490864
85887.1972566      0.99757511082
85887.49703369     1.13562801047
85887.80204108     1.01106370343
85888.09666833     0.99475099398
85888.39906058     0.99787433353
85888.69714788     0.86955262594
85888.9969652      0.91501757919
85889.2958974      1.0030373628
85889.59828964     0.93844046675
85889.89726207001  1.04356543866
85890.19530913     0.91531412481
85890.49601159     0.96135677507
85890.79494378     1.04369428666
85891.0947611      0.87995859149
85891.39715335     1.08905605481
85891.69608554     1.09818351207
85891.99501774     1.08677177598
85892.29483506     0.95751955382
85892.59722731     0.94425172703
85892.89531461     0.985249171
85893.19513193     1.06676290253
85893.49579415     1.04790507244
85893.79476658     1.0163603823
85894.09888885     0.8743904903
85894.39609102     1.13700401238
85894.69417831     0.94000160403
85894.99484053     1.10113866023
85895.29465786     1.08445663275
85895.59620521001  1.04618856533
85895.8951374      1.04186457993
85896.19322470001  0.83185062042
85896.49734697     1.03703592063
85896.79370424     0.96253263911
85897.09609649     1.00745963135
85897.39418379     0.91844559241
85897.6956909      1.04221683702
85897.9937782      1.03155001081
85898.2918655      0.95013105169
85898.59341285     0.99592494915
85898.89061502     0.96361217254
85899.19389239     0.95067333591
85899.49282459001  0.90420893733
85899.79175678     1.04646529775
85900.09330413     1.03817970497
85900.39223632     1.03459208296
85900.69293878     1.00068442091
85900.993601       0.98293097165
85901.28995827     1.12346035527
85901.59319541     0.86307692441
85901.89301273     1.00508170045
85902.19283006     0.9078121007
85902.5012975      1.0356604577
85902.7941545      0.92087855433
85903.08966687     0.99918190514
85903.39121422     1.05921745153
85903.69014642     0.85964207843
85903.98907861     1.03180333422
85904.29320088     0.95583944486
85904.59390333     1.05288367635
85904.89283553     1.01600960228
85905.19176772     0.94533933511
85905.49331507     0.91222811563
85905.78878722001  0.96101281821
85906.08860454     0.87349580738
85906.38926676     0.99561244276
85906.68823919     1.00163556943
85906.98801628     0.96432925659
85907.28871873001  1.08991931643
85907.5936859      1.05345223136
85907.88831315     1.08592214025
85908.18724534     1.11483342255
85908.48967782     0.93373695153
85908.79034004     0.95744724276
85909.09188739001  0.93571213065
85909.38993445     0.99101647917
85909.68629173     0.96370004586
85909.98610905     0.94224450691
85910.28677127     0.96660542987
85910.5857437      1.00577722933
85910.88640592     0.99979764354
85911.18622324     0.90496215317
85911.48688546     0.94270965614
85911.7892777      0.99683200411
85912.08474985001  1.09772714048
85912.3862972      1.03988601953
85912.68611452     1.07337839496
85912.98766187001  0.9257190242
85913.28916898     0.96753098823
85913.58725628     0.82120859818
85913.88361356     1.03302780557
85914.18516091     1.01817254958
85914.48666802     0.98734619401
85914.78821537     1.06952665005
85915.08372775     0.96877654479
85915.38523486     0.99527898722
85915.68332216     1.00963954878
85915.98398438     0.96875547478
85916.28641686     0.96318127048
85916.589654       1.07689288991
85916.8868964      0.87988545996
85917.18321344     0.97216201917
85917.48303077     1.06562376383
85917.78715304     1.02068937636
85918.08266541     1.04975051688
85918.38332763     1.07466254585
85918.68225983     1.07323950657
85918.9863821      1.05909983242
85919.28535453     0.9186728661
85919.58513162     0.82855061703
85919.88237402     0.94238332389
85920.18130621     0.9012928814
85920.48196843     0.88668568849
85920.78094086     0.95841996348
85921.084178       0.93946759059
85921.3822653      0.97773095982
85921.6803526      1.00504479315
85921.98101482     1.04795426555
85922.27994701     1.03630466557
85922.58322439001  1.03946145224
85922.88131169     0.96768630469
85923.18024388001  1.02530560699
85923.47921631     1.0082787917
85923.77987853     1.11142352042
85924.07969585     1.10528357287
85924.3820881      1.07428514258
85924.67929027     0.9651617758
85924.97995249     0.98891537525
85925.28238496     1.17098864334
85925.578702       1.01384022781
85925.88286451     0.97681572704
85926.1817967      1.07747349032
85926.47899887     0.96913803064
85926.77793107     0.94079357222
85927.08209357     1.00907145183
85927.38102576     0.92815342702
85927.68168798     0.99441589787
85927.97804526     0.92729561767
85928.27697745     0.9072823111
85928.58109972     1.03164070338
85928.87661210001  0.99490593879
85929.18157926     0.92650877271
85929.48139659     1.09108354464
85929.77775386     0.97776151679
85930.08103123     0.95271589484
85930.38084856     0.92623650266
85930.6771656      0.9819767972
85930.97786805     1.10091451036
85931.27680025     1.10863009892
85931.57573244     0.96913879073
85931.87812469     1.13241606998
85932.17621198     0.83570438392
85932.47518441     0.99384563548
85932.78103671     1.0962658906
85933.07477883     1.09462654576
85933.37459615     1.03066878038
85933.67787352     1.03940161276
85933.97592059     0.93132332169
85934.27489302     1.07366227632
85934.57813016001  0.99991782785
85934.87364254     0.92113622595
85935.17603478     1.02106187536
85935.47496697     1.09056970122
85935.7747843      0.87883079227
85936.07717654     1.01888801832
85936.37956879     0.96942729412
85936.67592606001  0.9730205207
85936.97401336     1.07278164279
85937.27294555     0.99172284998
85937.57276288     1.03090593554
85937.87515512     1.04323996308
85938.17412755     1.02701769621
85938.47390464     0.98361645449
85938.77287707     0.85354534144
85939.07180926     1.06147330183
85939.37508664001  1.04189649293
85939.6731337      0.98618298823
85939.9772962      1.01730210257
85940.2762284      1.12031461914
85940.57085565     0.94588523803
85940.87497792     0.99409704248
85941.17218009     0.9993150926
85941.47199741     1.01023701773
85941.77008471     1.12345222779
85942.07163206     1.01685252334
85942.37229428     0.96470554945
85942.67380139     0.91764332308
85942.97188869001  1.09009434109
85943.2717060199   1.00209017414
85943.56979331     0.87015278148
85943.87307069     1.02544777111
85944.16938773     1.00062289616
85944.47439513     1.10567238971
85944.7707524      1.00537109392
85945.07141462     0.98624137035
85945.37207684     0.97587609715
85945.67362419     0.90623917586
85945.96998146     1.17068242655
85946.27064368     0.95178569247
85946.56873098     1.02819215438
85946.87112323     0.9917901417
85947.16921052     0.97338579754
85947.46814272     0.99170026126
85947.76796004     1.04180373563
85948.0712374199   1.03520515526
85948.36932472     0.99361087566
85948.66825691     0.94297181986
85948.9671891      0.89648709332
85949.26700643     1.07804163826
85949.5711287      0.9998172717
85949.86575595     0.92547509915
85950.16987822     1.04378287744
85950.46712062     0.96963366113
85950.76689771     1.01092175568
85951.06671503     1.07436656248
85951.36910728     1.01292009258
85951.66719458     0.93639283293
85951.96874192     1.0069818692
85952.26594409     0.85158419979
85952.56576142     0.8674867521
85952.86988369     0.99157183223
85953.16970101     1.10347951052
85953.47036323001  1.06642256614
85953.76583538     0.92435179288
85954.0656527      1.03335816085
85954.36462513     1.08415528799
85954.66528735     1.05288855506
85954.96510467     0.94063105548
85955.26576689     0.96307066844
85955.56642911     0.99813006099
85955.86624643     1.07678564891
85956.16433373     1.01709594067
85956.46672598     1.00575677526
85956.76392815     1.00348192779
85957.06286034     0.96056143873
85957.36267766     0.96177956389
85957.66506991     0.97849491865
85957.96404234     0.99081679908
85958.26297453001  1.06035462469
85958.56279186001  0.93764561206
85958.86260918     1.13309051623
85959.16584632     0.95342511632
85959.46739367     1.04120951589
85959.76375094001  1.00985657953
85960.06787321     1.01184043242
85960.36161533     1.00565265763
85960.66316268001  0.96563190786
85960.96728495     1.02284763552
85961.26364222     0.89594090709
85961.56084439     1.04989344816
85961.86239174     1.08472115023
85962.16132394     0.98194045706
85962.46202639     1.05128316571
85962.76095858     1.05433794728
85963.0616208      1.15476807423
85963.36316815     0.92740042904
85963.66210035     0.94164411377
85963.96018764     1.12645745803
85964.26000497     1.14685386268
85964.55982229     0.90212913449
85964.86132941     1.04044047071
85965.16114673     1.07534435163
85965.45923403     1.02438533213
85965.7633563      0.84976055854
85966.05971357001  1.08271720951
85966.36126092     0.95018061734
85966.66192314     1.10115892279
85966.96001044     0.9415747374
85967.25894264001  0.9970592714
85967.56222001     0.91751467124
85967.85942218     0.99179763298
85968.16096953     1.17284963201
85968.45905683     1.08778794829
85968.76144907     0.99192988769
85969.06038126     1.13575942065
85969.36192861     0.97169777667
85969.65828589001  1.03354344013
85969.959793       1.05603333041
85970.25961033     1.01052440818
85970.55769763     0.96373773067
85970.86008987     1.09458274015
85971.15902206     1.03287648602
85971.45710936     1.01011003961
85971.75692669     0.99134744314
85972.05847404001  0.96235657384
85972.35567621     1.14883240447
85972.65722355     0.9974553027
85972.95788577     1.08297128755
85973.25597307     1.00971839676
85973.55836532     0.88780350174
85973.85556749     0.88204106708
85974.15711483     1.06798564273
85974.45693216     1.04516063881
85974.7593244      1.07033101318
85975.05998662     1.06221562331
85975.35722903     1.05707991273
85975.65700612     0.83332862135
85975.95509341     0.9211135888
85976.26183084     1.07407652623
85976.55384293     0.90219508866
85976.85539028     0.97710767424
85977.15693763     0.95644275339
85977.4541398      0.99352105736
85977.75395712     0.90209065563
85978.05892429     1.00004339755
85978.35616669     1.0512339766
85978.65425399     0.98116669119
85978.95403108001  1.02626731218
85979.2538484      0.95508141987
85979.55366573     1.11319745437
85979.8569431      0.90247474199
85980.1558753      1.07011997206
85980.4539626      0.93909620729
85980.75289479     1.00174292876
85981.05271211     0.93717824138
85981.35164431     0.92754784363
85981.65230653     0.99375937343
85981.95300898     0.9666551605
85982.25194118     1.08407768647
85982.5517585      0.98270405861
85982.85326561     0.99368418715
85983.15396807001  0.82355133681
85983.45201513     0.89778823746
85983.75098756001  0.960445801
85984.04991976     1.11877987529
85984.35319713     0.99519387264
85984.65039930001  0.95010993076
85984.95106152     0.97441163541
85985.24999371001  1.0412658116
85985.54981104001  1.03824435353
85985.84962836     1.00175406026
85986.15290573     0.95423471143
85986.4501079      1.00608462511
85986.74992523     1.07677111484
85987.04974255     1.04991451892
85987.3521348      0.97873479049
85987.65279701     1.06393782562
85987.95172921     1.08855908819
85988.24808648     1.08649712779
85988.54790381     0.92427526634
85988.84945116     1.03227320335
85989.15011338     0.91258904017
85989.45077559     0.85038613637
85989.75405297     0.95046038225
85990.05298516     1.0509428648
85990.34761241     1.07005168697
85990.64827463     1.01846592871
85990.95066688     0.89048147914
85991.24790928     1.04337083858
85991.54599658     0.94034582166
85991.85096374     1.19683574785
85992.14732102     0.92829744043
85992.44713834     0.96380287025
85992.74868569     1.06120264183
85993.05107793     1.13505324856
85993.34743521     1.02093816288
85993.6463674      0.97901287735
85993.9513748      0.94671658588
85994.24942187     0.9794180926
85994.54577914     1.13915525413
85994.84475157     0.96230173036
85995.14541379     1.10648638862
85995.44607601     0.96998541596
85995.74935338     0.97984622756
85996.04828557     1.04955001559
85996.34637287     1.13951034346
85996.64530507001  1.07696358332
85996.94769731     0.95931120362
85997.24493972     1.04194452121
85997.54733196     0.985011148
85997.84714928     0.95257300983
85998.14519635     1.09356444862
85998.44762883     0.95403439284
85998.74394587     0.99080211672
85999.04637835     0.78028745336
85999.34442541     1.00197837018
85999.64685789     0.96266892395
85999.94663498     1.03203293071
86000.24560741     1.04203576141
86000.54280958     0.98835182051
86000.84520182     0.95234795209
86001.14417425     0.87197553207
86001.44483647001  0.91276711894
86001.74203864     1.02669542833
86002.04531601     1.06592430469
86002.34340331     1.04919204701
86002.64491043     0.92863683136
86002.94388285     0.99972480374
86003.24192992     1.08618713035
86003.54263237     0.95269590963
86003.84329459     0.89797617645
86004.14222679     0.93324854694
86004.44292924     1.0805304434
86004.74532148     0.97723259761
86005.04425368     1.02347872143
86005.34234098     0.92939113767
86005.64127317     0.9931971546
86005.94193539     1.00398635413
86006.24436787001  0.99437643238
86006.53984001     0.99251746728
86006.84396228     1.00529541212
86007.14204958     0.90836630031
86007.44186691     0.95149518424
86007.74079910001  0.99726326916
86008.0397313      0.97801397265
86008.34212354     1.06240082815
86008.63936594     0.88735975757
86008.93918327     1.0364013441
86009.23896036     0.90934853621
86009.53793278     0.9499380719
86009.84205505     1.02647268237
86010.14014235     0.98150395396
86010.43991944     0.98379246414
86010.7406219      0.97430433422
86011.03866896     0.93694712071
86011.33937141     1.0016229034
86011.6391485      1.04228572053
86011.93812093     1.03943652826
86012.23789802     0.96287320826
86012.53598532     1.0479501425
86012.83837757     0.90911889238
86013.13734999001  0.94769079887
86013.43716732001  0.93890513694
86013.73782954     1.00168012468
86014.04022178     0.96026481026
86014.33830908     0.92522163605
86014.63724128     0.95249941425
86014.93532857     0.97971027682
86015.23860595     0.90381815749
86015.53926817     1.15690565625
86015.83562544     0.92387536463
86016.13713256     0.98272761806
86016.43610498     0.98945742881
86016.7367672      0.86053255906
86017.03915945     1.03608349675
86017.3407068      0.9698060739
86017.63360402     0.8706449202
86017.93515137     0.88808958335
86018.23581359     0.8205653172
86018.53820583     1.09560747198
86018.83367798     0.96333568996
86019.13522533     1.00182958065
86019.43331263     0.95901515031
86019.73397485     1.0415882476
86020.03379217     1.15089735089
86020.33272436     0.98575608613
86020.63427171     0.91926112628
86020.93320391     1.03064695753
86021.23302123     0.93192626662
86021.53541348     1.06985413269
86021.83177075     1.01217993532
86022.13243297     1.01354106016
86022.43313542     1.04848126809
86022.73291251001  0.92948624095
86023.03361496     1.05967813148
86023.33339206     0.98462156878
86023.63582453     1.03588347167
86023.93214157     1.08408305146
86024.2319589      1.0611556948
86024.53089109     0.98902688876
86024.83416847     0.90803794611
86025.13571581     1.0392309743
86025.43118796     0.95225904131
86025.7335802      0.94380535521
86026.03082261     0.97106123154
86026.33494488     0.98928242465
86026.63130215     0.98585962413
86026.93023434     1.0800618982
86027.23005167     1.0151333874
86027.52986899001  1.0303249341
86027.82964608     0.87058238174
86028.12861851     1.00224896363
86028.43185565001  1.07069716708
86028.72994295     0.98489839472
86029.02803025     0.93986154043
86029.33215252     1.05180808156
86029.63023982     0.96293035054
86029.92917201     0.94361590934
86030.22814444     0.97273296321
86030.52880666     1.00314509029
86030.82773885     0.98108493664
86031.13101623     1.01775838719
86031.4282184      0.96615687254
86031.72803572     0.90294429735
86032.02785304     0.87893489721
86032.33109018     1.00828006455
86032.62833259     1.02306789338
86032.92726478     0.96854254774
86033.227927       1.00495346854
86033.5268592      0.93559339907
86033.8310217      1.02829224925
86034.13168392     0.9926359741
86034.42715606     1.12206144136
86034.72781828001  1.02055891026
86035.02679071     1.11141999708
86035.3257229      0.90586531049
86035.62727025     0.850418663
86035.92877737     1.00755038355
86036.22601977     1.14092330394
86036.52668199     1.06382291649
86036.82995936     1.01375906978
86037.12631664     0.97827964802
86037.42870888     0.82742246992
86037.72764108     1.05257444043
86038.02657327     1.0416431722
86038.32466057     1.04744836627
86038.62793794001  1.02422141351
86038.92687014     1.09554702658
86039.22495744     1.12418920763
86039.52823481     0.99906886736
86039.82628188     1.02506454067
