84834.72487181     0.98009936831
84835.37202179     0.9818973524
84836.06926203     1.00195307551
84836.71552688     0.98555967664
84837.42057234     0.99771866417
84838.07894737     0.99379913025
84838.78914267     0.99869417656
84839.44836259     1.01153784606
84840.10589272     0.9618922354
84840.76422751     0.94940054355
84841.47357792     0.99580551952
84842.13195294     0.99275367166
84842.78513789     0.9973793203
84843.48237813     0.99497573442
84844.17961836     1.00591824565
84844.82676834     0.97889681841
84845.5248937      0.99635394521
84846.17200345     1.02030029308
84846.86928391     1.02235034726
84847.51900882     1.00298549089
84848.17734361     0.99925055314
84848.88669401     1.02174928605
84849.54506904     1.0083462214
84850.20171404     0.99391045586
84850.91279447     1.00657676013
84851.57028437     0.97479316795
84852.21654922     0.97110379012
84852.91382968     0.97103058756
84853.61191481     1.02250011624
84854.25817966     0.99967520436
84854.954575       0.98148637311
84855.60172498     1.00697551684
84856.29896522     0.99534730321
84856.9461152      1.01542912083
84857.64420033     1.01477791387
84858.30173045     0.98659202635
84858.95922035     1.01055157419
84859.66768563     0.99690012421
84860.32606065     0.99548562307
84860.9792456      0.99913512876
84861.67564094     1.02080092755
84862.37288117     1.00860831223
84863.01914603     0.99596335868
84863.71638626     1.02633051202
84864.36180621     1.02207343061
84865.05993158     1.00624784337
84865.70704132     0.98719742796
84866.40432179     0.96984094402
84867.04970151     1.02609875625
84867.74698198     1.00553045397
84868.40185672     1.00583401458
84869.1163972      1.00734624933
84869.7730422      0.98498459665
84870.41930705     1.01998610622
84871.11570239     1.02403736551
84871.76285237     0.9975609908
84872.4600926      0.9815498749
84873.15733284     0.96806271448
84873.80275279     0.9639019871
84874.49999303     0.99061657039
84875.14710277     1.00022042242
84875.84438324     0.98398393148
84876.48976296     1.0011195332
84877.18788832     1.02218136397
84877.8350383      1.01727025945
84878.54092866     1.02594146789
84879.18976843     1.06849795589
84879.88700867     1.04202073706
84880.53331375     1.01591805185
84881.22966886     1.01215547047
84881.87597394     1.02595989285
84882.57321417     1.0075163115
84883.26956928     1.03004077053
84883.9279443      1.00537559024
84884.58720446     1.00761269285
84885.24469435     1.00816596937
84885.95577478     1.05040178059
84886.6149947      1.00552757676
84887.27336973     1.00559058309
84887.98099011     1.00816674268
84888.64886016     0.99825919318
84889.30723518     1.00213127451
84889.96472508     1.01966705114
84890.67492038     1.03810767954
84891.3332954      1.03044858544
84891.9907853      1.01924175459
84892.70102084     0.99841536664
84893.36024076     1.00209853279
84894.01861578     0.99041688121
84894.72881109     0.96389376314
84895.38718611     0.98395313216
84896.04640603     0.96805569271
84896.70478106     0.99426671198
84897.40463644     0.99854018018
84898.05174619     0.99997710033
84898.75075668     1.01901824101
84899.40909147     1.01678855107
84900.11932701     1.02411263458
84900.78027695     1.02279423584
84901.43776685     1.00381756929
84902.09614187     0.99145096907
84902.80722231     0.99734771774
84903.4647122      0.98368735123
84904.12397236     1.01734393292
84904.83501256     0.97550292786
84905.49427271     1.00159445891
84906.14918768     1.05001945427
84906.84554279     0.99111989587
84907.49269277     0.98756760589
84908.19081813     1.01006475601
84908.83708298     1.01893545479
84909.54727829     1.00584304284
84910.20476818     1.01879619212
84910.86314321     1.00138886558
84911.57337874     1.01754022447
84912.23171353     1.0113574252
84912.89008856     0.99304867168
84913.60032409     1.04022108588
84914.25865889     1.0121895815
84914.91791904     0.98975127561
84915.61773419     1.01849060598
84916.26399904     1.00468586915
84916.96212441     1.01998987493
84917.60927439     0.99906297701
84918.30735952     0.98553859407
84918.9536646      1.02086984664
84919.6638599      1.0170331491
84920.32223493     1.00238949505
84920.97972482     1.01838186426
84921.63894475     1.00297998131
84922.35002518     0.98902550262
84923.0084002      0.9854625975
84923.66677523     1.00177571349
84924.37266558     1.00078635763
84925.01977533     0.98948155926
84925.71790069     1.00687054426
84926.36416554     0.97666895137
84927.06229091     1.00187889435
84927.70944089     1.00601041005
84928.40668112     1.03474915411
84929.07712609001  1.02270183778
84929.73465621     1.01162408809
84930.44485152     0.99424234843
84931.10322654     1.01165726996
84931.76071644     0.99714494913
84932.47091174     0.98900932607
84933.1301719      0.99925765094
84933.77728164     0.99573184334
84934.47367698001  1.02689171709
84935.12082696     1.01386924547
84935.81891209     0.98077295822
84936.46606207     1.01067933927
84937.16503233     1.02668530698
84937.86315769     0.98928825469
84938.50857764     0.9760364954
84939.20666277     1.02033975116
84939.8650378      0.99443532881
84940.52252769     0.99979658024
84941.23276323     0.98148031977
84941.89113826     0.99362460805
84942.54432321     1.02118666605
84943.24240834     0.99466978181
84943.88867319     0.97345047345
84944.58679855     0.97631600481
84945.23394853     0.99576734689
84945.93203366     0.99386168656
84946.57833874     0.98326165954
84947.27557898     0.99616694737
84947.92268872     1.03556979356
84948.62081409     1.01183511682
84949.31893945     0.98420070052
84949.9721244      0.97672469721
84950.62961429     0.99735777
84951.3389647      0.97574695475
84951.98611468     1.0365488878
84952.68335491     0.9919795995
84953.32873464     0.9943670791
84954.02686        1.02322055799
84954.67312485     1.03550044772
84955.37125021     1.00252620997
84956.01840019     1.01888396359
84956.71564043     1.01218758326
84957.36190528     0.99616192778
84958.06003064     0.99692054554
84958.70714039     1.00623682615
84959.40526575     0.99244886234
84960.05414575     1.01589227488
84960.75657606     1.00042000969
84961.40284091     0.97657661335
84962.10008115     0.97506208178
84962.79820651     0.98138107317
84963.45396638     0.98536859642
84964.13133144     0.98753442321
84964.7836715      1.00377852377
84965.49475193     1.00472937836
84966.15397185     0.98589874145
84966.81234688     1.00553819471
84967.46983677     1.00358223962
84968.1809172      0.99008983005
84968.84013712     0.99890352963
84969.49766725     0.96865463364
84970.20440251     0.98846098741
84970.8618924      1.02648554854
84971.52026743     1.0125360841
84972.23134786     1.02109934639
84972.88972288     0.9950077444
84973.5489428      0.97201729382
84974.20816272     1.00164170655
84974.91839826     0.94509530114
84975.57677329     0.99620695701
84976.23599321     1.00678234977
84976.94707364     0.99952355719
84977.60629356     0.98898113921
84978.26466858     1.00245015215
84978.96967381     1.01645840878
84979.61682379     1.01027102076
84980.3192541      1.02172472181
84980.976744       1.02191826753
84981.63511902     1.01050870142
84982.34531432     1.04222242844
84983.00284445     0.99636550151
84983.66206437     1.00354610763
84984.31955427     1.02721519112
84985.02978981     1.01198869463
84985.68900973     1.00617514486
84986.34911478     1.02689683344
84987.06019521     0.98640305457
84987.71595508     0.97414984239
84988.36310506     1.00352639574
84989.06119019     0.99330596283
84989.75931555     1.0383658245
84990.40904045     0.99713322912
84991.06653035     0.99847661237
84991.77676588     1.01865187046
84992.4359858      0.99288922357
84993.09436083     0.96343801652
84993.80371124     1.02441289268
84994.46293116     1.00837495341
84995.12215108     0.97673627614
84995.77968121     1.01444061081
84996.4907214      1.00368241251
84997.13960141     1.00950483012
84997.83684164     0.98867994327
84998.48483652     0.99843987543
84999.18211699     0.99399854103
84999.82922673     0.97891820039
85000.52735209     0.99375002725
85001.18572712     0.95251775757
85001.84410214     1.01752273159
85002.55429745     1.00671667895
85003.21267247     0.9701044079
85003.87189239     0.99510045537
85004.58297282     0.99625705164
85005.24219275     0.98568401789
85005.89710772     0.98313170394
85006.59523308     0.9802327351
85007.24234283     0.96597021448
85007.93873816999  1.00127297427
85008.58588815     0.99772614997
85009.28485841     0.99522375436
85009.93196815     1.00729016274
85010.63009351     1.00178703817
85011.28758341     1.04850109704
85011.99781895     1.00770057387
85012.65619397     0.9821002731
85013.31452876     0.98878107973
85013.97378892     0.97296879289
85014.68398422     0.97551067141
85015.3311342      1.01209164327
85016.02921933     0.982353361
85016.67636931001  0.99861546439
85017.37360954     1.00800544175
85018.02075952     0.97129022545
85018.71888489     1.00673272843
85019.36599463     0.99647824181
85020.06411999     1.00012402934
85020.76224536     1.01314615955
85021.41370028     1.03748178201
85022.07203507     1.03925116484
85022.78227061     1.02348310234
85023.44064564     1.00420872331
85024.09640551     0.99170388038
85024.79364574     1.0188646294
85025.44079572     0.98006100347
85026.13803595     1.00973190924
85026.78518593     0.97956288352
85027.48327106     1.02391191612
85028.13126594     0.98619324146
85028.8293913      0.97850478099
85029.47565615     0.98986300636
85030.17378151     0.97458434343
85030.87190688     0.98930266527
85031.52074665     1.01360035187
85032.17912167     1.0169658368
85032.88931698     0.98233276107
85033.53562206     0.9719678924
85034.20260698     0.97040390782
85034.90073234     0.98215190383
85035.54784209     1.002630264
85036.24512255     1.01301741295
85036.8922323      0.99830483828
85037.59208769     1.02952168774
85038.23923767     0.977291625
85038.9373228      0.97901732132
85039.58358765     0.99267200808
85040.28171301     1.0105174103
85040.97983837     1.00155585071
85041.63213819     0.98365498719
85042.28359312     0.9774689446
85042.98171848     1.00686135368
85043.62971336     1.00246355035
85044.34598386     0.99619250673
85044.99309361     0.98129098955
85045.69121897     1.01103076842
85046.34870887     1.00103951492
85047.00796902     0.99674692026
85047.71900922     0.99833286044
85048.37826937     1.00181177229
85049.0366444      1.02282630479
85049.69586432     0.99337125872
85050.40694475     0.98605352579
85051.06527954     1.00822323718
85051.71761960001  0.98300791322
85052.4278149      1.01137340991
85053.08618993     0.96895390378
85053.74367982     1.00945666829
85054.45476025     1.00824383458
85055.11402041     0.98452447725
85055.7723552      0.98442906824
85056.48259073     0.96775862037
85057.14096576     0.99153557201
85057.80018568     0.99213305644
85058.4594056      1.01089117225
85059.17394608     0.98749502529
85059.833166       0.96870223247
85060.48377603     1.00243057145
85061.18186116     0.98392479192
85061.83074117     0.98307848817
85062.5418216      0.99081855843
85063.20019662     1.0029505295
85063.85768652     1.02179390564
85064.56876695     0.99872961128
85065.22798687     1.00443441956
85065.88720679     0.99961966952
85066.54558182     1.02238830286
85067.25666225     0.9887196977
85067.91588217     1.0081307879
85068.57514232     1.00156555968
85069.28706765     1.00320415744
85069.9341774      0.99930036777
85070.63230276     0.9988713225
85071.27856761     0.99504887103
85071.9792679      1.00342621847
85072.63679802     0.99384120716
85073.29517305     1.01472997859
85074.00709838     0.9686316514
85074.6663183      0.99078869529
85075.32469332     0.99103284371
85075.98391324     0.99248126363
85076.69414878     0.98999423237
85077.3533687      0.98535311148
85078.01174372     1.00139200624
85078.7132889      1.00264215562
85079.35955375     1.01755672693
85080.05767912     0.9699441508
85080.7048291      0.95911180343
85081.40379936     0.96155211594
85082.0578292      0.99918611207
85082.76806474     0.98556705267
85083.42728466     0.97413918704
85084.08565968     0.99767052967
85084.7448796      1.02874422666
85085.45596004     0.99777091223
85086.11433506     0.96200760331
85086.77271008     0.98285498908
85087.48029023     0.96699933638
85088.12659532     0.98764540754
85088.82468045     1.00302149968
85089.47183043     0.96464655183
85090.17080069     0.99037686252
85090.81795067     0.96388305032
85091.5160358      1.00783771294
85092.1657607      0.97037135785
85092.87684113     1.00822236836
85093.53521615     0.99540666902
85094.21519637     0.97071591654
85094.8735714      1.00560747343
85095.53279132     1.02130988527
85096.24387175     0.98706127521
85096.89186662     0.98300600998
85097.59083688     0.97820329167
85098.23798686     0.98215792361
85098.93607199     1.01875334525
85099.58322197     0.98879129726
85100.28134733     0.99333277528
85100.92934221     1.0026288566
85101.62831247     0.99226057271
85102.28061229     0.98423316802
85102.93898731     1.00311908624
85103.65006775     1.00726946345
85104.30928767     1.00995811073
85104.96766269     0.9824783606
85105.67443818     1.01084392125
85106.32070303     1.02773597305
85107.01878816     1.01240234659
85107.66593814     0.99575845811
85108.3640635      1.02863672702
85109.01117325     1.02110610985
85109.70929861     0.98102824518
85110.35729349     0.98957757265
85111.05453372     0.94668557432
85111.7016837      0.9965315071
85112.41276413     0.99190883893
85113.07198405     0.98622964768
85113.73120397     1.02369320752
85114.44228441     0.9835591714
85115.08854926     0.99673803407
85115.78667462     1.02537846148
85116.4338246      0.99241243473
85117.13106483     0.97019145073
85117.77817458     0.99380664677
85118.47718507     0.97974828546
85119.12602484     0.99253531883
85119.8241502      0.9837877145
85120.47130018     0.98943029868
85121.17027044     0.99385992882
85121.81826532     1.0055473658
85122.52415568     1.01406791891
85123.1833756      0.99776700774
85123.83483052     1.01047217566
85124.53207076     1.01008348635
85125.17922074     0.99161267757
85125.8773461      0.98316390109
85126.57458633     1.01660223657
85127.22169608     0.997022761
85127.91982144     1.02809542351
85128.56697142     0.95899742411
85129.26505655     0.97630107308
85129.91220653     0.97619858576
85130.61033189     1.00954379137
85131.25832677     0.97302559623
85131.95729703     0.97547010019
85132.60702193     0.96969490379
85133.30860734     0.98630014777
85133.96698236     1.00810702389
85134.62620229     0.99106993925
85135.33728272     1.00486536951
85135.99561751     1.02547144157
85136.65487766     1.00419345199
85137.31409758     0.99901199493
85138.02517802     0.9885784686
85138.68439794     0.98552853905
85139.34277296     0.98909333237
85140.05385339     1.00289983826
85140.71395844     0.98370180303
85141.37402326     0.99906276979
85142.07818359     0.99690831928
85142.72879362     0.98448504766
85143.38801354     1.00003763395
85144.09909397     1.01725434201
85144.75831389     1.00286589637
85145.41668892     0.99575832378
85146.07679397     1.00298467918
85146.7878744      1.01859351908
85147.44620919     1.01949663852
85148.10458422     1.01848461491
85148.81739467     0.98673180809
85149.4757697      0.98293414588
85150.13498962     1.00714357874
85150.79336464     0.98763875386
85151.4923349      0.97867746701
85152.13859975     1.0082775014
85152.84018517     0.99003781297
85153.49767506     0.98840874558
85154.20960039     1.03396448836
85154.86886054     1.03056108419
85155.52808046     0.96333331384
85156.18730038     1.01714973843
85156.89838082     1.01908102538
85157.55675583999  0.99324013279
85158.21597576     0.97493184129
85158.92705619     1.02905231398
85159.58716124     1.01474020658
85160.23861617     1.00729499399
85160.93758643     0.98036935706
85161.5855813      1.0071553903
85162.28370667     1.01343359306
85162.93516159     0.98897992912
85163.64624202     0.9582347972
85164.30457681     0.96431971837
85164.96383697     0.99751185317
85165.62305689     0.99704187241
85166.33413732     0.99776555473
85166.99335724     1.02868156235
85167.65173227     1.01888166105
85168.3628127      0.99024744445
85169.02030259     1.00045833614
85169.66656744     0.97425290525
85170.36469281     1.00122894091
85171.01184279     1.00063735344
85171.72030807     0.9837594077
85172.36830294     0.99252911458
85173.06554317     0.97597437247
85173.72480333     0.99771359702
85174.38402325     0.99635583023
85175.09510368     0.99347849988
85175.75259358     0.97014077422
85176.4118135      0.99241700542
85177.12377906     0.97469766196
85177.78211385     1.01525527833
85178.43099385     1.00534563362
85179.12911922     1.0043400435
85179.77711409     1.01314416256
85180.47519922     0.98121722704
85181.1223492      0.97299561215
85181.81958944     0.98327907793
85182.46758431     0.98370772828
85183.1665948      0.94968268354
85183.82581472     0.97013427157
85184.53601003     1.01179276246
85185.19527018     1.03329937925
85185.85360497     0.97590247939
85186.51286513     1.00626064385
85187.21960038     0.99755020612
85187.86759526     0.99068851467
85188.56572062     1.02056227223
85189.21371549     1.01379858311
85189.91268575     1.0129159768
85190.56068063     0.97874454531
85191.25880599     1.00197144784
85191.90595597     1.00691563926
85192.60492623     1.00272282426
85193.25292110001  1.0200103939
85193.96138638     0.99926005363
85194.61976141     1.01385637653
85195.27898133     1.03012720938
85195.99006176     1.00582242253
85196.63894176     0.98908704214
85197.33791202     0.95782157476
85197.985062       0.98213044704
85198.68314713     1.01202101727
85199.33114200999  1.02092281774
85200.03011227     1.01168872096
85200.69886744     0.99642897638
85201.34601742     0.98957137026
85202.04498768     0.98676610886
85202.69209743     1.01233720204
85203.39110792     0.99188630763
85204.04598266     1.01676097924
85204.75706309     1.02103053996
85205.41113317     1.00578294557
85206.05739802     0.98627369804
85206.75463825     0.99255650356
85207.45276362001  1.00993604631
85208.09987336     0.99967173521
85208.79799873     0.98126684199
85209.4459936      0.98871222432
85210.14411896     1.00537981186
85210.79211384     1.01500130285
85211.45133376     0.96371835674
85212.1615693      1.03496362695
85212.82078922     1.02702394952
85213.48000914     0.99637629377
85214.19108957     0.98860850248
85214.83823955     1.00586662205
85215.53632468     1.00338239779
85216.18262976     0.99036335779
85216.88071489     0.99495487647
85217.52870977     1.05055555104
85218.22768003     1.03896433469
85218.87571514     1.01276837585
85219.57380027     0.98954820884
85220.22179514     0.9794590583
85220.92080563     1.01337683171
85221.58002555     1.0294488285
85222.23924547     1.01864282354
85222.95032591     0.98257561274
85223.60178083     0.97383516236
85224.29990619     0.99788205581
85224.94701594     0.96445071299
85225.64687133     1.00277144567
85226.2948662      0.97381113619
85226.99383646     0.96504237677
85227.64098644     0.99778985818
85228.3399567      1.00902759343
85228.98795158     0.99258745072
85229.68607694     1.01447448523
85230.33407182     0.99761658569
85231.03304207     0.96538650211
85231.68707192     1.00773361908
85232.34633207     1.01246025334
85233.04357231     1.00981482365
85233.69156718     1.02714388926
85234.38969254     0.99554661078
85235.03768742     1.01483745691
85235.73665768     1.00835321634
85236.43478304     1.02368981949
85237.08708286     0.96437478223
85237.74372786     0.9996152734
85238.45307827     0.99594123016
85239.10107315     1.004089573
85239.8000434      0.95696827357
85240.44892341     1.01286394563
85241.10902846     1.03213601714
85241.82006866     0.99114365046
85242.47932881     1.02990490946
85243.1376636      0.99038531531
85243.84789914     1.00442153521
85244.50800419     1.01551169443
85245.16722411     1.00585761461
85245.82559913     0.99103592401
85246.53836936     1.01567615338
85247.19762951     1.03345222632
85247.85773456     1.00992365561
85248.56877476     1.00016726006
85249.22887981     1.02528869183
85249.88898486     0.99614908646
85250.54735988     1.02229356781
85251.24633014     1.00097869455
85251.90035999     1.06025404601
85252.61059552     0.9847762145
85253.26981544     0.97981659435
85253.92992049     0.9990438349
85254.58998531     1.03936453967
85255.30195087     1.01988830497
85255.96201569     1.02520746619
85256.62212074     0.98879293925
85257.28138089     0.9956127066
85257.99157619     0.99638776343
85258.65168124     0.99435449387
85259.31174606     1.01664946553
85260.01417637     1.00606119361
85260.66305637     1.02191481919
85261.36375666     0.9935670974
85262.01521158     1.01110107386
85262.67358661     1.02762430608
85263.38639706     0.95793291597
85264.04477209     1.01879990018
85264.74374235     1.00085433002
85265.40380716     1.00306774234
85266.06391221     1.02589848537
85266.72401726     1.0159946272
85267.43594259     0.99451267342
85268.09604764     0.993735791
85268.75353754     1.00629545346
85269.46115792     0.94920040011
85270.12041807     0.97844268656
85270.77875286     0.99531762317
85271.43801302     0.97940898064
85272.14909345     0.99213907454
85272.80831337     0.96966924462
85273.46841842     0.9902108576
85274.17861372     0.94822314857
85274.83783364     0.96821157717
85275.49793869     1.02128021424
85276.15804374     1.00875262506
85276.86996907     1.02597267756
85277.53007412     1.00434272805
85278.17979902     0.98785761353
85278.87876928     0.97318629869
85279.53452915     0.9639389887
85280.24560958     1.00989816993
85280.90486974     0.97309833388
85281.56408966     0.9768536786
85282.22157955     1.00330697951
85282.93439001     1.00497770493
85283.59276503     1.01488823517
85284.25287008     1.02007410347
85284.9129349      0.98100552706
85285.62401533     0.987405284
85286.28412038     0.99183999456
85286.93988024999  1.02839636356
85287.63885051     1.00241848842
85288.28688562     0.98954898677
85288.98585588     1.01368827599
85289.64334577     0.97368521425
85290.3552711      1.00119096483
85291.01364613     1.03098221738
85291.67286605     1.00356554675
85292.3321262      0.96375815911
85293.04405153     0.98274516509
85293.70415658     1.00080158105
85294.36426163     0.9945542537
85295.02259641999  1.03147707687
85295.73540688     1.0088767402
85296.38340175     1.01185651129
85297.08237201     1.03030490333
85297.73036689     1.00618896571
85298.42937738     1.02570383801
85299.07737225     0.96745642109
85299.77980256     0.98232322152
85300.43902248     1.02409034202
85301.0982424      1.01734174265
85301.81020796     0.99470353963
85302.47027278     0.9663517624
85303.1286478      1.0199035521
85303.78875285     1.03481021416
85304.50067818     1.02183525042
85305.16339839     1.04003038986
85305.81223816     0.97392632537
85306.51120842     0.98848695033
85307.15920329     1.01359779633
85307.85821378     1.0001394634
85308.50620866     1.00035691276
85309.20690894     0.98555126416
85309.86009389     0.94807486163
85310.57117432     0.99421117933
85311.23039424     0.96975693478
85311.88876927     0.98606322521
85312.54883409     0.97376082403
85313.25991452     0.98028044262
85313.92086446     0.98547748749
85314.56801444     1.00258706792
85315.26613981     0.97695308233
85315.96511006     0.9974988556
85316.61310494     1.00966665667
85317.3120752      1.02100351765
85317.96007007     0.9793625554
85318.65904033     0.98032519843
85319.30792034     1.01791665186
85320.00862062     1.0050135177
85320.66784054     1.02900708955
85321.32710069     1.00819152465
85321.98632061     0.99989358909
85322.69824594     1.00275094857
85323.350586       0.99564961193
85324.05040115     0.9937761864
85324.69843626     0.98577976893
85325.39567649     0.98185284157
85326.04278624     0.98282945722
85326.74179673     0.96882265031
85327.38979161     0.99731468823
85328.08876186999  1.03182967691
85328.73675674     0.98465223348
85329.435727       0.99562162484
85330.08633703     0.9934976869
85330.7498619      0.95684020649
85331.46094233     0.98584095431
85332.11931735     0.98592057557
85332.7655822      1.00026064092
85333.46543759     0.98008469415
85334.16267782     0.96684821418
85334.8106727      0.97868410489
85335.50964296     1.01903374233
85336.15763783     1.00941085923
85336.85660809     1.017556224
85337.5046432      0.97545883225
85338.20361346     1.01068248874
85338.85333836     0.99181195438
85339.55315351     1.01064578065
85340.20118862     1.00321735561
85340.85779339     1.0027174326
85341.56110883     0.9944541462
85342.20825881     1.0002710592
85342.90722907     0.9983667157
85343.55522394     1.03310809754
85344.2541942      1.02193727146
85344.90218908     1.00646341495
85345.60115933     1.02199058653
85346.24915421     1.01947973782
85346.9481647      0.99152569684
85347.59700447     0.96429499837
85348.3089298      0.99711487723
85348.96903485     1.02072915414
85349.6291399      1.00988070724
85350.28924495     1.01664464032
85350.99771023     0.97707207835
85351.65693015     1.01860480616
85352.3170352      1.02562486028
85353.02811563     1.01227557579
85353.68822068     1.03383124749
85354.34832573     1.04914126178
85355.00839055     1.02085927005
85355.72035611     1.01815713182
85356.37957603     1.02707334096
85357.05521107     0.96674284027
85357.71531612     0.98622456083
85358.42724144     0.97640131714
85359.08734649     1.00030399285
85359.73795652     0.98484556086
85360.43692678     1.02410303193
85361.0961467      1.01089055656
85361.75625175     0.99067048448
85362.46817708     1.01699931703
85363.12828213     1.02964740543
85363.78838718     1.00880155503
85364.4476071      1.02264063854
85365.16041756     0.99568985123
85365.81963748     1.0168208294
85366.47974253     0.9998881276
85367.13980734     1.01112927647
85367.8517729      1.00184447023
85368.5084179      1.01081250567
85369.20996308     0.99621785805
85369.85795796     0.96375128245
85370.50856799     1.01427080977
85371.21357322     1.0147901083
85371.87283337     1.0288498481
85372.53205329     1.0225919069
85373.24486375     0.962280248
85373.90408367     0.94130259471
85374.56676364     1.0051733315
85375.22598356     1.00272067178
85375.93794912     1.00799600556
85376.59805417     0.98911324783
85377.25811899     0.99776311449
85377.95881927     1.00247455794
85378.60769928     1.00210369174
85379.30666953     0.98256625099
85379.95466441     0.99984554113
85380.65363467     0.99957596517
85381.30854964     1.00593760989
85381.9678098      1.00657499241
85382.67973512     0.99306050624
85383.33984017     0.99339979591
85383.99990498999  0.97923204923
85384.71187055     1.00268533076
85385.37193537     1.02104171396
85386.03292555     1.00594802891
85386.68784052     1.01069586963
85387.38681078     1.01724751655
85388.03480566     1.01127411342
85388.73635083     1.02358431647
85389.41806108     1.01850066274
85390.06694108     1.02379278356
85390.76591134     1.00867543375
85391.42513126     1.00015621404
85392.08523631     1.01876176835
85392.79804677     1.01496991994
85393.45811158     0.98896497563
85394.11737174     0.98657124098
85394.77659166     0.99778149121
85395.48940212     0.99367646834
85396.13739699     0.97474072216
85396.83636725     0.99091055889
85397.48436213     1.02244967327
85398.18421751     1.01411464696
85398.83305728     1.0405473072
85399.53206778     1.02104103649
85400.18006265     1.00759356235
85400.87987781     1.01801078816
85401.53913796     1.00428157555
85402.19920278     1.00788048071
85402.91116834     0.99455290046
85403.57038826     0.9990535589
85404.22960818     1.01052147756
85404.88367826     1.00072156093
85405.58264852     1.01947699992
85406.23064339     1.01575270134
85406.92961365     1.02485254043
85407.57760853     1.02672307565
85408.27657878     1.03208992835
85408.92461389     1.0052256985
85409.62615907     1.00341366953
85410.27415395     1.03021695048
85410.97400934     1.02217913671
85411.62976921     1.01904699057
85412.34084964     1.01049107354
85413.00006956     1.01627693525
85413.66017461     1.00071053472
85414.35914487     0.99070409623
85415.00713974     0.99979058896
85415.70615023     1.0060594608
85416.35587513     0.98083310476
85417.05569029     1.02219681314
85417.70368516     0.99277276934
85418.40265542     1.02834407936
85419.05069053     1.04397455946
85419.75139081     1.06385548598
85420.40023059     1.03450542251
85421.09920084     1.03026806328
85421.7523858      1.01531819746
85422.41164595     0.99117224093
85423.11580628     1.04240067447
85423.76380116     1.03545812164
85424.46277142     1.02833035301
85425.1099214      1.02114912253
85425.80973655     0.99956527941
85426.45773143     1.02242907434
85427.15674192     1.00944695087
85427.80473679     0.99723213729
85428.50370705     1.0013683201
85429.15254682     1.02398354343
85429.85240221     1.03666362856
85430.50385714     1.02519191082
85431.21666759     1.03067319998
85431.87504262     1.03717194851
85432.53426254     1.03443470285
85433.19436759     1.04980942648
85433.90629292     0.99410404947
85434.56639796     1.02883588523
85435.22561789     0.99797401912
85435.88572294     0.97925471105
85436.60022318     1.01607681102
85437.26205826     0.99555253153
85437.9230082      1.00779653744
85438.58311325     0.99129424779
85439.29503858     0.99885572468
85439.95602876     1.00504952661
85440.61613381     0.97219362087
85441.31767899     0.98855022604
85441.96740389     1.00662882484
85442.6759094      1.02231492186
85443.33597422     1.02007335815
85443.99607927     1.00876509771
85444.65618432     1.01951280567
85445.36810964     1.00995103644
85446.02821469     0.98508958821
85446.68831974     0.97335552132
85447.34838456     0.97806566931
85448.06035012     0.99348098033
85448.72130007     0.9882042604
85449.38225001     1.01935485056
85450.03889501     1.00708859946
85450.73786527     1.00062226986
85451.38674527     0.970824921
85452.08656043     0.9608094963
85452.73974538     1.00615515569
85453.45082581     0.98765619378
85454.11093086     0.98428411983
85454.77103591     0.98802809851
85455.43114096     1.03116786332
85456.14306629     1.01314739811
85456.80317134     0.99065175299
85457.46323615     0.99135821747
85458.17604661     0.94381543947
85458.83615166     0.93584386454
85459.48587656001  0.95935337746
85460.18484682     0.99660380091
85460.83372682     1.01836157877
85461.53354198     1.0460815812
85462.18153685     1.018591144
85462.88658231     1.00555507293
85463.54668736     1.01409160179
85464.20936733     1.01792899079
85464.87120241     1.02142203101
85465.58312774     1.00220633367
85466.24407768     1.00364973933
85466.90418273     1.01903292581
85467.56428778     0.96431435613
85468.27102304     0.98937518979
85468.91990304     1.00176902375
85469.61971819     0.97251435721
85470.2685982      1.02181292534
85470.96929848     1.01566602644
85471.61817849     1.00414912217
85472.31799364     1.01113915326
85472.97206372     1.01968821755
85473.63212854     1.02495866368
85474.3440941      1.04115418576
85475.00415891     1.0007450698
85475.66426396     0.97354646374
85476.32436901     0.96264411397
85477.03629434     1.0210607114
85477.68517435     1.00321486312
85478.3841446      0.99490172485
85479.03302461     1.01446166732
85479.73283976     0.99831087935
85480.38083464     1.02509621946
85481.08069003     1.04492631377
85481.72957003     1.02840424197
85482.43027031     1.00225458615
85483.07999521     1.00053455746
85483.74010026     1.0540851422
85484.45202559     1.01876353974
85485.11213064     1.02123907252
85485.77219546     0.98330678146
85486.47808582     0.98018968772
85487.12696582     0.97203397947
85487.82682121     0.98288504851
85488.47566098     1.00428541424
85489.17463124     1.00056276012
85489.82262611     1.01548136321
85490.52336663     1.02908329946
85491.1722064      1.06004089972
85491.87206179     1.02704125048
85492.52005666     1.04001600318
85493.21987182     1.00413454229
85493.87997687     1.0453341006
85494.54008192     1.04765967774
85495.20018697     0.99603110251
85495.89915723     1.00557344983
85496.5471521      1.0147355416
85497.24612236     0.94867122637
85497.89411724     0.98083919927
85498.59308749     0.9805733239
85499.2419675      1.00319634626
85499.94182289     1.02156819091
85500.59066266     1.0421204958
85501.29136294     0.99607840145
85501.94024295     1.03550280373
85502.64009833     1.01343686987
85503.28893811     0.99769954729
85503.99744362     1.0061640841
85504.64974344     1.02647996728
85505.3487137      1.01943155401
85505.99670857     1.01626184514
85506.69740885     0.97952066532
85507.34544396     0.98317163049
85508.04871917     1.01071262881
85508.70278925     0.99942202958
85509.36977416     0.98597641403
85510.03072411     1.00246134154
85510.74441969     1.00470675205
85511.40536964     0.99669715042
85512.06458956     0.97697052804
85512.74195462     0.98279149904
85513.40205967     0.9597566887
85514.10537511     0.97950174956
85514.76459503     0.98483108597
85515.42470008     0.98522645578
85516.13835543     1.04032677664
85516.79757535     0.99972212118
85517.45856553     1.00852643135
85518.11863035     0.97256100645
85518.83232594     1.01306828366
85519.49239075     1.00644362506
85520.15165091     1.01760500379
85520.81171572     1.01642614162
85521.52541131     1.03262116103
85522.18720615     0.99375540603
85522.8403911      1.01559691325
85523.54024649     1.03812838213
85524.18997139     1.02725110828
85524.85007644     1.01963971108
85525.56200176     1.01414279262
85526.22210681     1.02313153964
85526.88221186001  1.08074146321
85527.59413719     0.98233582799
85528.25508714     0.99923878035
85528.91603708     0.99613198095
85529.57614213     0.99051661524
85530.28806746     0.97750471695
85530.94905764     0.98434103867
85531.60827756     1.01787572822
85532.30813295     1.0010441415
85532.95697272     0.97276715815
85533.65594298     0.96044464103
85534.30482298     0.91833657806
85534.96492803001  0.89772873238
85535.67685336     0.85956615869
85536.33695841     0.81131819577
85536.99702322     0.80691489865
85537.6580134      0.74000402699
85538.36993873     0.68878877122
85539.03004378     0.63541118229
85539.69099373     0.60574427885
85540.35194367     0.59478829041
85541.05525911     0.54857010967
85541.70409888     0.50820806572
85542.40395427     0.50646058215
85543.05283427     0.52230286945
85543.75264943     0.4872426041
85544.40237433     0.46723175711
85545.11433989     0.44868178319
85545.7744047      0.48169641783
85546.43366486     0.47256707137
85547.09288478     0.46527766187
85547.80569524001  0.44436418427
85548.46664518     0.44709289479
85549.12759513     0.44244263134
85549.83610064     0.42402073157
85550.48409551     0.41553982972
85551.18391067     0.43245297844
85551.83279067     0.41835139264
85552.53264606     0.42228151253
85553.18237096     0.39409883382
85553.83121073     0.39891828953
85554.53106612     0.40518139019
85555.18771112     0.40466200901
85555.89963645     0.40658284775
85556.56058639     0.42123905762
85557.22069144     0.42355100052
85557.88079649     0.41077808727
85558.59272182     0.41892083402
85559.24333185     0.42644490872
85559.943147       0.40359478579
85560.59202701     0.39740434828
85561.29099727     0.41147602626
85561.94329709     0.41311412896
85562.64315248     0.40382433539
85563.29203248     0.38924344187
85563.94175738     0.38590702838
85564.64157254     0.38177399537
85565.29564261     0.39924746201
85566.00929797     0.40308750878
85566.66940302     0.38907038986
85567.32862294     0.39891814608
85567.98526794     0.37695564051
85568.68512332     0.38788548684
85569.3339631      0.40733093041
85570.03293335     0.39801200237
85570.68181336     0.39536515764
85571.38166875     0.37892849703
85572.02966362     0.41450109308
85572.73036391     0.40594525061
85573.37920368     0.39263353286
85574.07905906     0.39422239201
85574.72793907     0.42070866986
85575.42775422     0.39994449518
85576.08785927     0.40634184656
85576.74796432     0.38838281019
85577.44866461     0.40100491354
85578.09665948     0.38835139142
85578.79562974     0.41192382457
85579.44535464     0.40620708131
85580.14521003     0.40000551943
85580.7940498      0.40827516809
85581.49390519     0.40115726792
85582.14278519     0.37878546498
85582.84260035     0.40035453435
85583.49232525     0.42198055236
85584.19218063     0.41480815588
85584.84190553     0.41799230271
85585.54260582     0.41209616559
85586.1966759      0.4332178697
85586.89564615     0.41618372954
85587.54364103     0.3892087947
85588.24434131     0.41319738807
85588.90529126     0.43545764101
85589.56539631     0.40905689035
85590.22634625     0.42781916781
85590.93915671     0.40079592941
85591.60010666     0.41802188475
85592.2610566      0.41720821651
85592.97386706     0.41693041298
85593.634817       0.39705918619
85594.29580718     0.39098225741
85594.95675713     0.39096550937
85595.65834254     0.39128711019
85596.31840736     0.37418578255
85596.97939754     0.38575216208
85597.69216776     0.38106542908
85598.35227281     0.38515363596
85599.01237786     0.41405869823
85599.6733278      0.41402095856
85600.38613826     0.39908933314
85601.04708821     0.3997771401
85601.70803815     0.38558141858
85602.36902833     0.4017684439
85603.08179855     0.40747542805
85603.74363363     0.38984482736
85604.39681858     0.38002313859
85605.09667397     0.40354092932
85605.75070381     0.37648083785
85606.41080886     0.3953570714
85607.12361932     0.40870520404
85607.78368413     0.39703144383
85608.44378918     0.38852217111
85609.10473913     0.38764579345
85609.81843472     0.39206809821
85610.47938466     0.39475720219
85611.14033461     0.37329236439
85611.80128455     0.37067863036
85612.51409501     0.40136005008
85613.17331493     0.3830052442
85613.82219493     0.38357743802
85614.52205032     0.38839560879
85615.17089009     0.38050027116
85615.87420553     0.37177842324
85616.53515548     0.39008687634
85617.19526052     0.39155860688
85617.90803075     0.38073290704
85618.56902093     0.39072459389
85619.22997087     0.36911399034
85619.89007592     0.36851035751
85620.60288638     0.37951830114
85621.26383632     0.36944820133
85621.92478627     0.40098911203
85622.62810171     0.3993331794
85623.27694148     0.37860701302
85623.92582148     0.38976427396
85624.62563664     0.35373525281
85625.27536154     0.38335181073
85625.97521693     0.3911387397
85626.63532197     0.36869777394
85627.29542702     0.38945193347
85628.00819725     0.39488158787
85628.67091745     0.38721616653
85629.3318674      0.37515844846
85629.99197245     0.38540716022
85630.70389777     0.40635428063
85631.3622728      0.40235505189
85632.06208795     0.379929001
85632.71096796     0.39584138608
85633.41078311     0.40063064382
85634.06139314     0.38688448056
85634.71027315     0.4022384695
85635.4092434      0.40566129108
85636.05896831     0.40182396992
85636.76658869     0.40522757173
85637.42838353     0.37971608062
85638.08764368     0.40398657796
85638.79956901     0.40036861504
85639.46140409     0.39126556634
85640.12235403     0.39209250524
85640.82393944     0.39296508941
85641.47277921     0.38974219352
85642.17174947     0.40589762042
85642.82062948     0.38720943596
85643.52132976     0.41298001202
85644.17020977     0.3991975182
85644.81993467     0.39338372107
85645.51974982     0.39440673555
85646.16862983     0.39808019665
85646.8770951      0.38903204346
85647.53808528     0.40850118293
85648.19903523     0.39338142925
85648.91096056     0.40779752086
85649.56672043     0.40450121034
85650.21560043     0.38413590807
85650.91630071     0.39081319267
85651.56518072     0.38621208502
85652.26499587     0.41319523001
85652.91387588     0.40539246001
85653.61373127     0.41587013459
85654.26257104     0.42968579373
85654.96327132     0.41640367413
85655.61215132     0.39675844593
85656.31196648     0.39460932048
85656.96515143     0.40592196692
85657.62614161     0.40850715923
85658.33891183     0.4029222145
85658.98867697     0.40370627085
85659.68937725     0.41219057264
85660.33821702     0.42227551545
85661.03807241     0.405491118
85661.68691218     0.41161428959
85662.38676757     0.42108580912
85663.03564757     0.40044828793
85663.73461783     0.43624493903
85664.38434273     0.41499398736
85665.08419812     0.43078963664
85665.73303789     0.43542924532
85666.43289328     0.42413326619
85667.08261818     0.42939058795
85667.73837805     0.43346927493
85668.43734831     0.46573579579
85669.09918337999  0.47148794354
85669.79903877     0.45008690662
85670.44787854     0.44989311659
85671.15030885     0.46751475759
85671.81129903     0.45828390449
85672.47224897     0.49153816085
85673.13319892     0.51208946501
85673.84600937     0.51935464505
85674.50784445     0.56161396004
85675.16879439     0.53971927583
85675.82974434     0.56307269677
85676.54339969     0.58599086742
85677.19658464     0.61993735027
85677.85753459     0.65210215818
85678.51936966     0.72340520307
85679.23129499     0.77351218138
85679.89228517     0.78654247538
85680.55323511     0.84940532463
85681.21418506     0.84031416901
85681.92699552     0.85241454242
85682.58794545999  0.91131734947
85683.24889541     0.93809234435
85683.90988559     0.97798725602
85684.62265581     0.95718384878
85685.28364599     0.98712704367
85685.93940586     0.965148738
85686.64010614     0.98083180202
85687.29329109     0.98077303735
85688.00521642     1.00346982851
85688.66532147     0.98098817176
85689.32458162     0.96496670716
85689.98637646     0.96161471443
85690.69918692     0.95080646055
85691.36013687     0.99515071294
85692.02197194     0.99512009009
85692.68292189     1.01375617152
85693.39573234     0.96265797338
85694.05668229     0.9871682154
85694.71594244     0.98490192431
85695.41664273     0.96978260933
85696.06721251999  0.97421278095
85696.71609253     0.95930903963
85697.41679281     0.99133904095
85698.07774276     0.95157839436
85698.7386927      0.98814977871
85699.45238829     0.99726014808
85700.11333823     1.00471944509
85700.77428818     1.00594819845
85701.43523812     0.98503126767
85702.14804858     1.02632795857
85702.80899853     1.00218144141
85703.4708336      1.02643463731
85704.17583883     1.03442431871
85704.82560396     0.98330618428
85705.52630424     1.00001920329
85706.17514402     1.00650512355
85706.82486892     0.99480563819
85707.5255692      0.99794779737
85708.18740427     0.98860892878
85708.84835422     0.97817402893
85709.56116468     0.96441858631
85710.22211462     1.02387522753
85710.8831048      1.00721394318
85711.54405475     0.97666286236
85712.2568652      0.97926510628
85712.91608512     0.99524314825
85713.56496513     0.9903349995
85714.26739544     0.98390880959
85714.91623521     1.01805152697
85715.6160906      0.99795741161
85716.2658155      1.01098038315
85716.96736068     0.99482982015
85717.61624068     0.98692377099
85718.32732111     0.98632058693
85718.98827106     0.99973899681
85719.649221       1.00484275414
85720.31021118     0.97276023714
85721.02298141     0.97282342255
85721.68397158     0.99685308089
85722.33627141     0.97263304346
85723.03612679     0.96936668443
85723.68412167     1.01193674225
85724.38393682     1.01516683313
85725.03281683     0.99943838955
85725.73440224     0.97742886605
85726.38412714     1.01163987876
85727.08394229     1.0161642453
85727.7328223      1.00882979128
85728.43955755     1.03945267552
85729.10139263     0.99002457883
85729.76061255     0.98328127084
85730.4207176      1.01236796257
85731.130068       1.00162015503
85731.77894801     0.99480789953
85732.47876316     0.98422752983
85733.12764317     0.96236458387
85733.82834345     1.00197399588
85734.47718322     0.96479326241
85735.17703861     0.98688972459
85735.82676351     0.99974926781
85736.5266189      0.98375258837
85737.1763438      0.99497131249
85737.87704408     0.99718876537
85738.5293439      1.00411362324
85739.19033408     1.01172388328
85739.85128403     0.97290376552
85740.55198431     0.97093013729
85741.20086432     1.00009822807
85741.9015646      0.95945894331
85742.5512895      0.99209729764
85743.25110465     0.97590972308
85743.90171468     0.98803048943
85744.5678547      0.96815648208
85745.26771009     0.9921085196
85745.91654986     1.00222808788
85746.61813527     0.98839768928
85747.29204029     0.96340224875
85747.95303047     0.96625514838
85748.61398041     0.96529412761
85749.32417572     0.98212596127
85749.97305572     0.97749779026
85750.67287087     0.99696646104
85751.32175088     0.97588605716
85752.02329606     0.95780432604
85752.67306119     0.98788567639
85753.37376148     0.99396938536
85754.02260125     1.00445046721
85754.72330153     0.98465004148
85755.37302643     0.97478947981
85756.07372671     0.95907108557
85756.72260672     1.01000574626
85757.37579167     0.96087277902
85758.09033215     1.00171952798
85758.73832703     0.99683452306
85759.43818241     1.024268043
85760.08702219     1.01197364333
85760.78687757     0.99668490551
85761.43660247     1.02757073105
85762.13814765     1.01631293028
85762.78787255     0.96931898501
85763.48772794     1.0013604462
85764.13660794     0.98216788386
85764.79063778999  0.98382092691
85765.50517827     0.98350307316
85766.16701335     0.9971394387
85766.82796329     1.00350099684
85767.48372316     0.99825502953
85768.19737852     0.9711474277
85768.85836869     1.00834860668
85769.51931864     1.00023735141
85770.18026859     0.9709589131
85770.89307904     1.03249024989
85771.55402899     0.99738819173
85772.21497893     0.97052856507
85772.87681401     0.96133769202
85773.59135449     1.025406133
85774.25660938     1.0084637134
85774.91759956     1.01778568768
85775.58027953     1.02211702335
85776.29308999     0.99268399651
85776.94281489     1.02047059286
85777.59338468     0.98356579651
85778.30535024     1.01439214741
85778.96630019     1.00954815765
85779.62725013     1.00547265884
85780.34006059     0.97793115963
85781.00101054     0.98545371677
85781.66196048     0.99126406086
85782.32295066     0.98268858612
85783.03572088     0.95820322979
85783.69667083     0.98418871931
85784.35939103     1.00799573918
85785.02034098     1.03935361923
85785.72623134     1.03349241216
85786.37422621     1.0062384747
85787.0749265      0.99167261208
85787.7246514      0.99626466987
85788.38560134     0.98474867054
85789.09929693     0.98704220461
85789.76024687     0.98185131486
85790.42119682     1.01396373777
85791.08214676     0.98300138151
85791.79495722     0.97116474048
85792.45590717     1.00456540186
85793.11689734     1.00168090755
85793.77869219     0.99906981682
85794.49065775     0.97398191176
85795.14122754     1.01303929218
85795.79010755     1.0384429488
85796.49080783     0.97975386069
85797.14137763     0.99137228981
85797.84211814     0.96986215581
85798.50306809     1.01331961045
85799.16401803     1.01067313319
85799.87682849     0.97672656404
85800.53777844     1.01183385919
85801.19872838     1.02106368552
85801.86140835     1.01296031864
85802.57421881     1.03286614086
85803.23605388     1.028758161
85803.88923883     1.00009646134
85804.58993912     0.98592816051
85805.23966402     0.99885409296
85805.94124943     1.01014936674
85806.59097433     1.005834194
85807.29167461     0.99710330346
85807.94224441     1.02853162336
85808.60323459     0.99017104797
85809.31688994     0.99784303927
85809.97783989     1.01070876464
85810.63878983     1.00043754746
85811.29978001     0.96850186101
85812.01255023     0.99886153502
85812.67181039     1.03083934711
85813.32238019     0.95247244641
85814.02308047     0.98485478589
85814.67196047     0.9905276863
85815.37177563     1.00727565672
85816.02238566     1.01727542264
85816.72224104     0.97169390857
85817.37196594     1.01749153596
85818.07266623     0.99225813457
85818.72931123     1.00473706336
85819.39026117     0.97600753177
85820.05382627     0.96479738277
85820.7665965      0.96704440199
85821.42758667     0.99679184209
85822.0790416      0.98359971776
85822.77885675     0.99124904146
85823.42773676     0.99218560837
85824.12928194     1.02334367872
85824.77900684     0.99608480651
85825.45033693     1.00555110486
85826.15107745     1.00004709054
85826.80080235     1.01802560299
85827.5006175      1.02239973701
85828.15122753     0.99557547303
85828.85884792     0.99940507196
85829.52064276     0.9977904903
85830.18163294     1.01758331023
85830.84085286     1.00106894356
85831.54412806     1.03489886789
85832.19300807     1.02886257879
85832.89286345     1.01864964734
85833.54258835     1.00952104432
85834.24413353     1.00397109176
85834.89301354     0.98464267083
85835.59286892     0.99977875615
85836.24259382     1.00749524783
85836.944139       0.97775252731
85837.5938639      0.99823235901
85838.29456419     0.97718537493
85838.95728439     0.98914747091
85839.61823434     1.01270314596
85840.31893462     1.00050650066
85840.96781462     0.97744869934
85841.6693598      0.99509790106
85842.31823981     1.03274926052
85843.01894009     0.99631265235
85843.66866499     0.98246409295
85844.31923479     1.00009859518
85845.01909018     1.02076761173
85845.66881508     0.9940442777
85846.36867046     1.00130228884
85847.01924026     0.97338045865
85847.71994054     0.99708388616
85848.36966544     1.00611387021
85849.07728583     0.99172114274
85849.738276       0.99001107496
85850.39922595     1.00038971508
85851.0601759      0.98049315227
85851.77383125     0.98549337514
85852.43482143     0.98707157627
85853.09577137     1.00229122869
85853.75760645     1.00144733292
85854.4721067      0.9877369238
85855.13394177001  0.99779282037
85855.79489172     1.00256614423
85856.45672679     0.98877259192
85857.17211217     0.99688225484
85857.83394724     1.006771466
85858.48367214     0.98625338145
85859.19302255     1.00660174113
85859.85481739     1.00619987343
85860.51580757     0.97352242922
85861.17760241     1.00194931936
85861.84378266     1.01296452464
85862.55828291     1.01505184117
85863.22011799     0.9924956308
85863.88195306     0.99790907579
85864.54290301     1.00505839292
85865.25744349     1.01132342747
85865.91923833     0.98914042317
85866.5810734      0.98699196316
85867.23598838     0.99642596173
85867.93668866     1.00247987036
85868.58729869     0.9338918916
85869.30006891     0.977023596
85869.96190399     0.99020978511
85870.62373906     1.00136746937
85871.28468901     0.99404835116
85871.99834436     0.96475862866
85872.66017944     1.000739962
85873.32201451     1.02891129511
85873.98380935     1.01527248504
85874.64564443     1.00454793818
85875.36018491     1.02633013024
85876.02028996     1.00991447737
85876.67001486     0.97799439021
85877.36983001     0.99189389891
85878.01955491     0.9963284919
85878.72114033     0.99350408357
85879.38209027     0.9781670048
85880.04392534     0.98901846098
85880.7575807      0.98643081429
85881.41853064     0.97738549539
85882.08036572     0.99417505748
85882.74220079     0.98151581317
85883.41091573     0.99693533067
85884.12718624     0.99115850758
85884.79421139     1.00206718835
85885.44824123     1.0124062717
85886.14894152     1.01950041302
85886.79866642     0.98960307394
85887.50025183     1.02902291516
85888.14997673     1.01967884094
85888.80316168     1.00662331423
85889.51681703     0.97852496698
85890.17776698     0.96605764305
85890.83875716     0.96985537173
85891.4997071      0.98874759193
85892.21420735     0.99623111663
85892.87604243     0.99152031923
85893.5378775      0.99753316251
85894.19798255     1.00700590496
85894.89868283     0.99659407435
85895.54925263     1.0173344984
85896.24995291     1.00080986234
85896.89971805     1.00782595251
85897.60126323     0.98907396324
85898.25098813     0.97753206302
85898.95603359     0.98675604231
85899.61782843     0.98505085801
85900.27881861     0.99872480443
85900.93976855     0.97158262387
85901.65430903     0.97020654522
85902.31610388     1.00167215641
85902.97793895     0.98336750083
85903.63023877     1.00519156255
85904.33270931     0.99442306361
85904.98327911     0.96603915046
85905.68397939     0.9953114878
85906.33370429     1.0065339995
85907.0352897      1.00498521331
85907.68501461     0.99617662607
85908.38571489     0.98151366489
85909.04320478     0.97858721673
85909.70419496     0.97941725772
85910.36687493     0.99483027248
85911.07968539     0.98047757572
85911.74063534     1.00050770813
85912.39901036     1.00095174787
85913.09971064     0.97525276131
85913.75028044     0.96523868926
85914.45098072     0.99699638515
85915.10070562     1.00449612578
85915.80229104     1.00371408524
85916.45201594     0.99237966639
85917.15271622001  0.9940293645
85917.80332625     0.98276650395
85918.50402653     0.99004270653
85919.15805638     1.00096543605
85919.81989145     0.96397294084
85920.4808414      0.99019180949
85921.19365185     0.9938423784
85921.84510678     0.96579404338
85922.54580706     0.97330362143
85923.19468707     1.01659456717
85923.89623225     0.97649766326
85924.54595715     1.01441264513
85925.19568205     0.96571536556
85925.89726746     0.99597487866
85926.54699236     0.98773627151
85927.24769264     1.02914895196
85927.89830267     1.00874671878
85928.59984785     1.0191432625
85929.25391793001  0.97433361267
85929.91571277     0.99787903695
85930.62506318     1.00871620235
85931.27478808     1.04302795783
85931.97464347     0.99911873799
85932.62436837     1.03767846822
85933.32506865     1.04793044736
85933.97479355     1.01341023433
85934.67637897     1.05120029431
85935.32610387     1.00887696509
85936.02680415     1.02815796998
85936.67741418     0.99114689617
85937.32713908001  0.99308158641
85938.02783936     0.99989706308
85938.67667913     1.02170427068
85939.3817246      1.02146623602
85940.03229439     1.00966329453
85940.73214978     1.02099776899
85941.39309973     1.00880627045
85942.0549348      0.94307947979
85942.76859015     0.98395393732
85943.43127012     1.04279938057
85944.0931052      1.03743100749
85944.75494027     1.0094386261
85945.41673511     1.01910368242
85946.13127559     0.98613773196
85946.79395556     1.01715493442
85947.45667577     1.00636260573
85948.12020063     1.03433903918
85948.82782102     1.01028741666
85949.47927594     1.00218431235
85950.14022589     0.96788860621
85950.85303634     0.98860560025
85951.51398629     0.98138335217
85952.17582136     1.0191293685
85952.83765644     0.98793958131
85953.55131179     0.98055067915
85954.21314687     1.00917971481
85954.87498194     1.0020501446
85955.53677678     1.02362261351
85956.19861186     0.99893011517
85956.91399723     1.0025716889
85957.57583231     0.96923781002
85958.22728723     1.01275979633
85958.92798752     0.97762314502
85959.57771242     0.99178459611
85960.28790772     0.99911186916
85960.94974279     0.99654974592
85961.61157787     0.98226296074
85962.27425784     0.97787426197
85962.98791319     1.0232427277
85963.64974827     0.9603648886
85964.31331336     0.9685578217
85964.97599334     0.96332270483
85965.63782841     0.95499634406
85966.35232866     0.9986142704
85967.00639874     0.96018121461
85967.65612364     0.95923147156
85968.35766882     0.98368206702
85969.00912374     0.98845824277
85969.70982403     0.97788353076
85970.36562413     1.02294738763
85971.0283041      1.01891882257
85971.74195945     1.01184462305
85972.40294963     1.00252552014
85973.06474447     0.98783996047
85973.72657955     0.99464067066
85974.44112003     0.95980255696
85975.10291487     1.00863338277
85975.76390505     0.95745904815
85976.46633536     0.9771453735
85977.11690515     0.99687897511
85977.76663005     0.97529619349
85978.46906036     1.02357260718
85979.11967039     1.01376458718
85979.8221007      1.00041171283
85980.4726705      0.99468841452
85981.15265071     0.99535486837
85981.81533068     0.97286308672
85982.52902627     0.9954388081
85983.19082111     0.98233935834
85983.85265618999  1.00395891121
85984.51533616     0.98885444937
85985.22038162     0.98936278609
85985.87010652     1.02254595662
85986.5708068      0.96469494874
85987.22226173     0.98526918624
85987.92380691     0.99893673666
85988.57357204     0.99995334819
85989.22414184     1.00158474253
85989.92572725     1.00061586701
85990.5789122      0.99619664056
85991.29168242001  0.97405292904
85991.95440263     0.99008764138
85992.61619747     1.00598096247
85993.27803254     1.00775607461
85993.98911297     0.97843043132
85994.63883787     0.99384575762
85995.34038305     1.01713195808
85995.99014819     0.98391637179
85996.63898796     0.99868041312
85997.34057337     0.98442703264
85997.9920283      1.0281192497
85998.69357347     1.006189038
85999.3450284      0.99440241694
86000.04661381     0.98054211716
86000.69979876     1.02266060899
86001.36163384     0.98315794827
86002.07528919     0.9584745895
86002.73623914     0.9951360386
86003.38684916     0.9745690246
86004.08927947     0.98070231883
86004.73900437     1.00721864557
86005.43970466     0.99708912799
86006.09027445     1.00996569368
86006.79185987     1.01168514659
86007.44158477     1.03240520031
86008.14317018     1.01374058469
86008.79373997     1.01329210954
86009.4451949      1.00822843867
86010.14678031     0.9979273969
86010.79823524     0.99703253008
86011.51104569     0.98781947923
86012.16938049     0.96049282231
86012.81910539     0.98347402966
86013.5198459      1.01939905917
86014.1695708      1.004397382
86014.87111598     1.0299178916
86015.52084088     1.02257961542
86016.22154117     1.0164073568
86016.8721512      1.01209497458
86017.57285148     1.01343682217
86018.22257638     1.02467399273
86018.92416179     0.98681475087
86019.58684176     0.98214340829
86020.24867684     1.00384127201
86020.91135681     0.99372058081
86021.62070721     0.96181890003
86022.28338718     1.00041296359
86022.94522226     0.99855170654
86023.6070171      0.99127886617
86024.32067245     0.98533035441
86024.98339266     0.98194992851
86025.6451875      1.00213680563
86026.30702257     1.00499962127
86026.96885765     0.97223838814
86027.68339813     0.98516267463
86028.3460781      1.00968639057
86029.00787294     1.00304761736
86029.66970801     1.00706960525
86030.37905842     0.96146489762
86031.02966845     1.00285452639
86031.68800324     1.01884631931
86032.40169883     0.99320086577
86033.0643788      1.02665684844
86033.72621387     1.00857156296
86034.38800871     1.00213037017
86035.10166407     1.02471743077
86035.76522917     1.03939160359
86036.42790914     1.02921353776
86037.09062934     1.02481916976
86037.75415421     1.06448434026
86038.46780956     1.06054677192
86039.12964463     1.04630443543
86039.78109956     1.08388295825
86040.48268497     1.03099173249
86041.13325477     0.99200625111
86041.84087515     0.99498943153
86042.50271022     1.01913130833
86043.16539019     1.03134643692
86043.82722527     1.03616119527
86044.54088062     1.05996037283
86045.20271569     1.03560396303
86045.86539567     1.03145754321
86046.52723074     1.08140493664
86047.18991071     1.05106156389
86047.90529609     1.02297390124
86048.56105596     1.04846867087
86049.21339601     1.02758069601
86049.91498142     1.00415422606
86050.56470633     1.01995199749
86051.26713663     1.03541439354
86051.92635655     1.01625783551
86052.58819163     1.01807172425
86053.30184698     1.00665024873
86053.96541208     1.021366916
86054.62809205     1.02987801837
86055.28988689     1.0239703516
86055.95172197     0.99730326209
86056.66626245     0.99881596019
86057.32809752     1.02452604991
86057.97866732     0.99175155415
86058.68109763     0.99910941293
86059.33343768     0.98868050438
86060.03413796     0.9816818939
86060.68470776     1.01407355058
86061.38713807     1.00752116556
86062.04205304     0.98370912935
86062.70388812     0.98489763247
86063.36572319     1.01224445026
86064.08022344     1.0161273359
86064.74205852     1.01175814345
86065.40389359     0.99422049821
86066.06572866     1.02353626086
86066.77161902     0.97177126338
86067.42307395     0.99575614167
86068.12461913     0.99334481735
86068.77522916     0.993745732
86069.46470439     1.01156715849
86070.11615932     0.99745162006
86070.8177045      1.01246172643
86071.46915942     1.07133615742
86072.17074484     1.03258515364
86072.83257991     1.0250772665
86073.49525988     1.04844835298
86074.15705472     1.02263097323
86074.81977493     1.02445683168
86075.53170025     1.04548290104
86076.18231028     1.11825124578
86076.88301057     1.03395943021
86077.53358036     1.01496183147
86078.23601066999  1.01133997708
86078.88573557     1.01417650575
86079.5363456      1.01989671721
86080.23789078     1.00172994623
86080.88934571     1.0004798468
86081.59093112     1.01220117961
86082.24238604     1.02096220083
86082.9560414      1.03593684768
86083.61787647     0.99115033378
86084.27971154     1.003006298
86084.93201137     1.00406409812
86085.63359678     0.97975811454
86086.28332168     1.05130260801
86086.98486686     1.00000586963
86087.63632178     0.99302343047
86088.3379072      0.99063850836
86088.9876321      1.00162643505
86089.6900624      0.98271241511
86090.34067243     0.99069388077
86091.04310274     0.98491389129
86091.69367254     1.01391616712
86092.34512746     1.03629013182
86093.05709302     1.01271079938
86093.71458292     1.03742070624
86094.36776787     1.00189112635
86095.06931305     0.99392132003
86095.71907818     1.02105553074
86096.41977847     1.01029237523
86097.07123339     0.98217151639
86097.77277857     0.98880917593
86098.4242335      1.00283781258
86099.12493378     1.00963157991
86099.7763887      0.98986534316
86100.47797412     0.98655863064
86101.12769902     1.01405066692
86101.77999884001  1.01847633497
86102.49542445     1.01917902675
86103.15894932     0.9965214801
86103.82078439     0.96980771458
86104.48434949     0.95682739466
86105.19800484     0.98218918489
86105.86068481     1.00620100129
86106.52424991     0.9794096796
86107.18608499     1.02709458508
86107.84787983     0.99485389416
86108.56153518     0.98415525621
86109.22510028     1.02177322161
86109.88778025     0.97881112391
86110.55134535     1.00956180755
86111.21318042     0.98602422381
86111.92426085     1.03180237737
86112.57571578     0.99983512665
86113.23839575     1.00577539443
86113.9520511      1.0031255384
86114.61388618     1.00124586009
86115.27483612     1.00560616158
86115.9366712      0.98155639133
86116.65117145     0.9900899165
86117.31473655     0.99575280166
86117.97830164     0.96801471613
86118.64098161     0.98253932174
86119.30366158     0.98960743448
86120.01904696     0.97353478682
86120.68172693     0.97665211675
86121.33322209     0.98852988543
86122.03476727     1.00720236764
86122.68883735     1.04563064235
86123.35063219     0.9985234331
86124.06601757     0.98939787469
86124.72873777     0.96743760576
86125.39053261     1.00198099168
86126.05409771     1.00875153691
86126.71677768     0.98690160751
86127.43216306     0.99127344909
86128.09488326     1.02920477592
86128.75840813     0.98614718349
86129.4210881      1.00041622496
86130.12959361     0.99213573542
86130.78104854     1.0054021372
86131.48432374     1.01457900519
86132.13493377     0.99915273508
86132.7863887      0.98308806688
86133.50004405     1.02015795293
86134.16187912     1.00617830866
86134.82544422     0.98446941117
86135.48812419     1.00768032136
86136.15080416     0.99082538652
86136.86534464     1.01051572227
86137.54962981     1.02083078958
86138.21315467     1.00392432601
86138.87587488     0.98854976583
86139.52559978     0.94652814132
86140.22803009     1.0354841016
86140.87859988     1.00314911607
86141.58103019     1.01053720356
86142.23164022     0.9852971007
86142.93491542     0.97993535151
86143.5967505      0.98524115768
86144.25858557     0.95030636193
86144.92042065     0.96452840788
86145.634076       0.99289629734
86146.29675597     0.99116496677
86146.96032107     0.99948088704
86147.62300104     1.00762622112
86148.3288914      0.95321061085
86148.98034632     0.997563897
86149.63091612     0.96054495186
86150.33334643     0.96146193797
86150.98395646     0.98980391746
86151.68638676     0.97006780684
86152.33699678999  0.97717709966
86153.04115713     0.99363852863
86153.70295197     0.98537132878
86154.36824709     0.9638898704
86155.03092706     0.99334400579
86155.74631244     0.98914480451
86156.40814751     0.96305175179
86157.06998259     0.99095579763
86157.72143751     0.98195284638
86158.42298269     1.01847193438
86159.07270759     0.95415061452
86159.7751379      0.98071628051
86160.42574793     1.02087983092
86161.12817824     1.01352050455
86161.77878827     1.02441122948
86162.48121858     1.00777659582
86163.13178837     0.99963466561
86163.79362345     1.00135007154
86164.50816393     1.00986212245
86165.1708439      0.97970133772
86165.83436877     0.99100648487
86166.48928374     0.96927915804
86167.19086915     0.98902880234
86167.84059405     1.01654282418
86168.54217947     0.9968485122
86169.19274926     0.97132597413
86169.89517957     0.99836352604
86170.5457896      1.02178406796
86171.24821991     0.97955021742
86171.89967483     1.00461898245
86172.55112976     0.98524463006
86173.25267494     0.97423397999
86173.91104996     0.98939832061
86174.57372993     1.01631979399
86175.28481036     1.00295690148
86175.93626529     0.99834675751
86176.63696557     0.98952641074
86177.2875756      1.02253194181
86177.93903053     1.02618697918
86178.64057571     1.03308895206
86179.29203063     1.0173740228
86179.99361604     1.01821841742
86180.64507097     1.01891553866
86181.34665638     0.99410459678
86181.99811131     1.01888581943
86182.69965649     1.0481571612
86183.35111141     0.99206474793
86184.01037157     1.01295975505
86184.71364677     1.01871475155
86185.3642568      1.00815649429
86186.06580198     1.01356045987
86186.7172569      1.00828630659
86187.41884232     1.02996337426
86188.07894737     1.00314724269
86188.74074221     1.03976151119
86189.40430731     1.02209948204
86190.11969268     1.03835454342
86190.78325778     1.0188789099
86191.44593775     1.02361784813
86192.11034775     1.02930433925
86192.77302772     0.96603352844
86193.48410815     1.01795376508
86194.13817823     0.98984983473
86194.79997307     1.00269016932
86195.46269327     0.99858449283
86196.17807865     0.97292357512
86196.84075862     0.98629536266
86197.5025937      1.01162919206
86198.16611856     1.00374710927
86198.88065904     1.0270482055
86199.54422414     1.00456169825
86200.20690411     1.04032236754
86200.86958408     1.01821889393
86201.53314918     1.02544943754
86202.24764943     1.01689481595
86202.90083438     1.01190468929
86203.55228931     1.01677316784
86204.25817966     0.98567648207
86204.92001474     0.99977975892
86205.58269471     1.04950333681
86206.24625981     1.01696023656
86206.95991516     1.01895082871
86207.62175024     1.01503441049
86208.28531533     0.99529383
86208.94799531     1.02330039997
86209.66338068     1.02029712924
86210.32606065     1.0237325126
86210.98874062     1.04004538539
86211.64711565     1.02880241972
86212.35043108     1.0227240256
86213.00188601     1.01284638675
86213.70516121     1.06380479122
86214.35923129     1.01681077228
86215.01760632     1.02363902213
86215.68028629     1.04237507246
86216.39478654     0.99943227915
86217.05835164001  0.98205525072
86217.72103161     0.99495660346
86218.38371158     1.01618338734
86219.09913719     1.01151868281
86219.76181716     1.06436830033
86220.42538226     0.98595430817
86221.07595205     1.03538960826
86221.77838236     1.00803285727
86222.42983729     0.9976272142
86223.13315272     0.99842324635
86223.78460765     0.99243928923
86224.48788285     1.02339913142
86225.1488328      1.01513658033
86225.8123979      1.00088113631
86226.47423297     1.00762286476
86227.18877345     1.03112914307
86227.85229832     1.0119773801
86228.51497829     1.01314254881
86229.17769849     1.04535280641
86229.83518839     1.01280761997
86230.5367738      1.02572570568
86231.18822873     1.01543560801
86231.88977391     0.96609881722
86232.54211396     0.99900890363
86233.24538916     0.98505821996
86233.89599919     1.00605398337
86234.5984295      1.0059316477
86235.25764942     0.99116229295
86235.92032939     1.01848423282
86236.58300936     0.98863232624
86237.29843497     0.98131639922
86237.96111494     1.01602764207
86238.62295002     0.97242463643
86239.27267492     1.01199885047
86239.9742201      1.0145037647
86240.62483013     0.99904761541
86241.32726043     1.01222859356
86241.97783023     1.00312489643
86242.68026054     0.99693656947
86243.33087057     0.99345125274
86244.0350309      0.98631399376
86244.6856007      0.95266715426
86245.3422457      1.00451879389
86246.05594128     0.9660496686
86246.71773612     0.9637828833
86247.38130122     1.01892821199
86248.0362162      0.99716555045
86248.73691648     0.93363935147
86249.38837141     0.96718070619
86250.08995682     0.94684618437
86250.73968172     0.98444573788
86251.448147       0.97522806953
86252.09960192     0.98534853632
86252.75105685     0.97610461287
86253.45264226     0.9819760333
86254.10409719     0.97669664178
86254.80737239     0.98953805123
86255.46574742     0.97866382136
86256.12758249     0.96211011748
86256.84035271     0.94874986556
86257.49096274     1.01356418125
86258.14157277     0.99986202562
86258.84311795     0.98153572906
86259.49372798     0.97626707395
86260.19615829     0.96079720571
86260.84672809     0.965079273
86261.54915839     0.99568322888
86262.19976842     0.95282753418
86262.90304363     0.99127276664
86263.55365366     0.97937128377
86264.25608397     0.99071040589
86264.90669399     0.98245367952
86265.56329876     0.96970641698
86266.26834422     1.01180348854
86266.91891402     1.00300432767
86267.62134433     0.97002735641
86268.27110946     0.96373752848
86268.97265464     0.99104054739
86269.63706464     1.00545731765
86270.29974461     1.00865788674
86270.96330971     0.99229626193
86271.62598968     0.96368993967
86272.34137505     0.9869517786
86273.00409526     0.98413397488
86273.66762012     0.96119671905
86274.33207035     0.97677729278
86274.99213517     0.98401564668
86275.6962955      0.99367387996
86276.35813057     0.98608697709
86277.02169567     0.95016589272
86277.73708105     1.03318115073
86278.39976102     1.01233109154
86279.06332612     1.00387236358
86279.72600609     1.00042633316
86280.38868606     0.96033472686
86281.10407144     0.95274387593
86281.76675141     0.95517271263
86282.43031651     0.96586297329
86283.09299648     0.95944763882
86283.75740647     0.98099613233
86284.46156681     0.95622821064
86285.11306196     0.97929331317
86285.81633717     0.98124769223
86286.47817224     0.94788652768
86287.13996708     0.98007359009
86287.80180216     0.96711898533
86288.51807266     0.99382168829
86289.18075264     0.97850221969
86289.84431773     0.99667688029
86290.5069977      0.98594008265
86291.1714077      0.99511491168
86291.88506305     0.97114741461
86292.54774302     1.00279801996
86293.20611805     0.99926337382
86293.87833327     0.97408934244
86294.58076358     0.96221876898
86295.2330634      1.02318732396
86295.88367343     1.01370948473
86296.59302384     1.00359021499
86297.25570381     1.02901983617
86297.91926891     1.03829276072
86298.58194888     1.00832669881
86299.29733425     1.00642448063
86299.96001422     1.01065903578
86300.62269419     0.97731773308
86301.28710419     0.99982210334
86301.94982439     0.99910306885
86302.6530996      0.97333055421
86303.30370963     0.9968415135
86304.00698483     0.97338286332
86304.65932488     0.97339372529
86305.36087006     1.01996016628
86306.01232499     0.98603412948
86306.67070001     0.9798764852
86307.38608539     0.99625376957
86308.04880559     1.01419163596
86308.71060044     1.0190096043
86309.37501043     0.99605210692
86310.03773063     0.9936011561
86310.75311601     1.01169644733
86311.40976101     0.9925671585
86312.06121594     0.99780111099
86312.76276112     0.99249146443
86313.41421604     1.02490768986
86314.11664635     0.99349212094
86314.7689864      0.98841203455
86315.47226161     0.98341369575
86316.12287164     1.03103494722
86316.82876199001  1.00094381872
86317.49228686     1.01024364075
86318.15500706     1.03475579742
86318.81768703     1.0350938913
86319.48125213     1.00437880029
86320.19490749     1.01504382133
86320.84374726     0.98724228291
86321.49520218     1.02347386996
86322.1967876      1.03889867805
86322.84824252     0.99627269643
86323.54982793     0.99009734092
86324.20128286     1.0083161151
86324.90371317     0.99907900132
86325.55601299     1.01602350251
86326.2575984      1.00738776051
86326.90905333     1.00116764198
86327.5717333      0.99100799525
86328.2352984      0.9905188866
86328.94979864     1.03006265133
86329.60559875     0.98104015316
86330.25705367     0.99542733539
86330.95859885     1.00379680927
86331.61093891     0.98769993409
86332.31336921     0.99576096949
86332.96393901     1.02189501817
86333.66636932     1.00696426008
86334.31782424     1.03331701688
86335.02113968     1.0338028249
86335.67259461     1.01645165587
86336.32404953     1.01757996658
86337.03078479     1.04439113907
86337.69434988     1.01450496301
86338.35618496     1.03966322074
86339.05773014     0.99917583875
86339.70918506     0.99344341184
86340.41077048     1.02566025003
86341.06311053     1.03447855314
86341.76465571     1.01339085951
86342.41611063     1.01091193542
86343.06672066     0.99162707379
86343.76915097     1.02797316706
86344.41972077     1.06340312747
86345.12303621     1.04793556084
86345.77533603     1.01768649248
86346.47776634     1.02347454211
86347.13010639     1.03453651434
86347.78502136     1.0105051351
86348.48656654     1.06035120991
86349.14924651     1.03224780069
86349.81196672     0.99912866983
86350.52562207     1.00544581879
86351.18918717     1.02383253271
86351.85186714     0.98349632911
86352.51539201     1.01366788982
86353.17811221001  1.04203282345
86353.89434248     1.01399849739
86354.55790758     1.01568288703
86355.22058755     0.98250650501
86355.88415265     1.03555504522
86356.54598773     1.02187641988
86357.24926293     0.9743001846
86357.911098       0.98831440709
86358.57377797     0.96636249828
