85799.702000000005 0.898512363
85800.001999999993 0.951705158
85800.402000000002 0.916663289
85800.702000000005 0.996776402
85801.101999999999 0.871559799
85801.402000000002 0.944173396
85801.801999999996 0.997908235
85802.101999999999 1.04851604
85802.501999999993 0.941184580
85802.801999999996 0.977832496
85803.202000000005 1.03252101
85803.501999999993 0.966636539
85803.902000000002 0.985513985
85804.202000000005 0.969291508
85804.501999999993 0.924289167
85804.902000000002 1.06410277
85805.202000000005 0.960229337
85805.601999999999 1.03474927
85805.902000000002 1.10429895
85806.202000000005 0.937710822
85806.601999999999 1.05977011
85807.001999999993 0.977082372
85807.301999999996 1.10094881
85807.702000000005 0.961153746
85808.001999999993 1.03659630
85808.402000000002 0.997994900
85808.702000000005 0.994495571
85809.101999999999 0.978197336
85809.402000000002 0.949511588
85809.801999999996 1.02468157
85810.101999999999 0.961343646
85810.501999999993 0.957653344
85810.801999999996 0.922291517
85811.202000000005 1.03896499
85811.601999999999 0.961440086
85811.902000000002 0.866352379
85812.301999999996 0.991192043
85812.601999999999 0.950235903
85813.001999999993 0.999273241
85813.301999999996 1.00515079
85813.702000000005 1.01642287
85814.001999999993 1.02340782
85814.402000000002 1.01907480
85814.702000000005 0.982452214
85815.101999999999 0.937229872
85815.402000000002 0.966192722
85815.801999999996 1.05673635
85816.101999999999 1.03209078
85816.501999999993 1.08461213
85816.801999999996 0.987360537
85817.202000000005 0.996193588
85817.501999999993 1.08749592
85817.902000000002 1.08436084
85818.202000000005 0.955366611
85818.601999999999 0.980893970
85818.902000000002 0.940918863
85819.202000000005 1.07152808
85819.601999999999 0.970174730
85819.902000000002 0.979720712
85820.301999999996 1.01177502
85820.601999999999 0.935698748
85821.001999999993 1.00287509
85821.301999999996 0.898702621
85821.702000000005 1.04542267
85822.001999999993 0.902548850
85822.402000000002 0.919275284
85822.801999999996 1.06450570
85823.101999999999 0.883148015
85823.501999999993 1.00655091
85823.801999999996 0.911725879
85824.202000000005 1.05255866
85824.501999999993 1.01001048
85824.801999999996 1.06756461
85825.202000000005 1.07915676
85825.501999999993 1.06121433
85825.902000000002 1.03519857
85826.202000000005 0.954425871
85826.601999999999 1.03894925
85826.902000000002 1.03297698
85827.202000000005 1.01391292
85827.601999999999 1.06229341
85827.902000000002 0.973658025
85828.301999999996 1.03761566
85828.601999999999 1.03790617
85829.001999999993 0.995051622
85829.301999999996 1.02070773
85829.702000000005 0.890858710
85830.001999999993 0.951564372
85830.402000000002 1.03062868
85830.702000000005 0.903752327
85831.101999999999 0.975798488
85831.402000000002 1.13821197
85831.801999999996 0.899507582
85832.101999999999 1.01605475
85832.501999999993 1.08142722
85832.801999999996 0.957548738
85833.202000000005 1.01621950
85833.501999999993 0.967049301
85833.902000000002 1.04800308
85834.202000000005 1.07228673
85834.601999999999 0.976170838
85834.902000000002 1.03301620
85835.301999999996 0.946084559
85835.702000000005 1.01276779
85836.001999999993 0.904048324
85836.402000000002 1.02333224
85836.801999999996 1.00420463
85837.101999999999 0.995919824
85837.402000000002 1.00129437
85837.801999999996 0.916918755
85838.101999999999 1.06929481
85838.501999999993 0.983889222
85838.801999999996 1.01701581
85839.202000000005 1.01537120
85839.501999999993 0.960221291
85839.902000000002 0.909174740
85840.202000000005 0.961792231
85840.601999999999 0.999382377
85840.902000000002 0.908686101
85841.202000000005 1.00947344
85841.601999999999 0.974210203
85841.902000000002 1.03809083
85842.301999999996 0.977260828
85842.702000000005 1.08297527
85843.001999999993 0.963058710
85843.301999999996 0.998859465
85843.702000000005 0.927899063
85844.001999999993 1.04859853
85844.402000000002 0.913408399
85844.801999999996 1.04222548
85845.101999999999 1.03909516
85845.402000000002 0.966836870
85845.801999999996 0.910030782
85846.101999999999 1.11544073
85846.501999999993 0.949955046
85846.801999999996 1.04155970
85847.202000000005 0.925940692
85847.501999999993 1.00566852
85847.902000000002 0.965663850
85848.202000000005 1.01236844
85848.601999999999 1.07234144
85848.902000000002 1.04322922
85849.301999999996 1.00245619
85849.601999999999 1.01816630
85850.001999999993 1.04880404
85850.301999999996 1.04265606
85850.702000000005 1.04752672
85851.001999999993 0.967216313
85851.402000000002 0.971556008
85851.702000000005 0.987677276
85852.101999999999 0.966326416
85852.402000000002 1.03941095
85852.801999999996 0.959526956
85853.101999999999 0.998090386
85853.501999999993 1.07433653
85853.801999999996 0.990684867
85854.202000000005 1.00748253
85854.501999999993 1.03708112
85854.902000000002 1.00787055
85855.202000000005 1.08341014
85855.601999999999 0.938263834
85855.902000000002 0.982947409
85856.301999999996 0.971317947
85856.601999999999 1.05130219
85856.902000000002 1.00447869
85857.301999999996 1.06544888
85857.702000000005 1.07769752
85858.001999999993 1.01278663
85858.402000000002 0.998986602
85858.702000000005 0.966736853
85859.001999999993 1.02597523
85859.402000000002 0.913469076
85859.702000000005 0.904246807
85860.101999999999 1.04876578
85860.402000000002 0.953983486
85860.801999999996 1.04422510
85861.101999999999 1.04404342
85861.402000000002 0.893026173
85861.801999999996 0.957254887
85862.101999999999 1.06902158
85862.501999999993 0.922036886
85862.801999999996 0.971806943
85863.202000000005 0.948986530
85863.501999999993 1.02446508
85863.902000000002 0.935642302
85864.202000000005 1.11679804
85864.601999999999 0.923121393
85865.001999999993 1.02006066
85865.301999999996 0.901222825
85865.702000000005 0.971988678
85866.001999999993 0.818818331
85866.402000000002 1.11115766
85866.702000000005 0.910825133
85867.101999999999 1.10626340
85867.402000000002 0.986721635
85867.801999999996 1.07659101
85868.202000000005 0.911992908
85868.501999999993 1.00168085
85868.801999999996 1.06708360
85869.202000000005 0.991025686
85869.501999999993 0.955607414
85869.902000000002 1.01461101
85870.202000000005 0.917544603
85870.601999999999 1.08767986
85870.902000000002 1.06173944
85871.301999999996 1.01749420
85871.601999999999 0.958401382
85871.902000000002 0.992074728
85872.301999999996 1.06836116
85872.601999999999 1.02292621
85873.001999999993 1.08933842
85873.301999999996 0.950422406
85873.702000000005 1.11953318
85874.001999999993 1.08229136
85874.402000000002 1.07096350
85874.801999999996 1.03696692
85875.101999999999 0.932271302
85875.501999999993 1.05826521
85875.801999999996 1.08327579
85876.202000000005 1.05591667
85876.501999999993 1.04271960
85876.902000000002 1.08201468
85877.202000000005 1.12078488
85877.501999999993 1.02837896
85877.902000000002 1.02510464
85878.202000000005 0.955801964
85878.601999999999 1.07845044
85878.902000000002 1.01802897
85879.301999999996 1.00050032
85879.601999999999 0.975220740
85879.902000000002 1.01467061
85880.301999999996 1.06337512
85880.601999999999 1.03645492
85881.001999999993 0.942472398
85881.301999999996 0.961651742
85881.702000000005 1.02262259
85882.001999999993 0.947966516
85882.301999999996 0.946414351
85882.702000000005 0.923219025
85883.101999999999 1.05641103
85883.501999999993 1.07375431
85883.801999999996 0.941824496
85884.101999999999 0.964559138
85884.501999999993 0.987916231
85884.801999999996 0.992233753
85885.202000000005 0.951156914
85885.501999999993 0.954719484
85885.801999999996 1.02936387
85886.202000000005 1.02022898
85886.501999999993 1.09166706
85886.902000000002 1.01242757
85887.202000000005 0.950621307
85887.601999999999 1.03772199
85887.902000000002 1.02255201
85888.202000000005 0.877652109
85888.601999999999 1.05636728
85888.902000000002 1.03890514
85889.301999999996 0.970576763
85889.601999999999 1.06318557
85890.001999999993 0.924273133
85890.301999999996 0.981780946
85890.601999999999 0.945037186
85891.001999999993 1.12292993
85891.402000000002 0.928625822
85891.702000000005 0.973556221
85892.101999999999 1.05072308
85892.402000000002 1.04732907
85892.801999999996 1.00250173
85893.101999999999 0.976407826
85893.402000000002 0.927233934
85893.801999999996 1.08249760
85894.202000000005 0.957201183
85894.501999999993 0.987820983
85894.902000000002 1.03122985
85895.202000000005 1.04489326
85895.501999999993 0.889177322
85895.902000000002 1.00700939
85896.202000000005 0.996325493
85896.601999999999 1.05427611
85896.902000000002 0.949051559
85897.301999999996 0.918435156
85897.601999999999 1.08879209
85898.001999999993 0.839901149
85898.301999999996 1.08520675
85898.702000000005 0.855140030
85899.001999999993 1.02698660
85899.402000000002 1.07046962
85899.702000000005 1.07737160
85900.101999999999 0.964656591
85900.402000000002 0.999673486
85900.801999999996 0.949951410
85901.101999999999 1.00691414
85901.501999999993 1.11456740
85901.801999999996 1.10774314
85902.202000000005 0.997623503
85902.501999999993 1.12931299
85902.902000000002 1.04235148
85903.202000000005 0.969285607
85903.601999999999 1.01516533
85904.001999999993 1.08084917
85904.301999999996 1.05296278
85904.702000000005 0.968413889
85905.001999999993 1.08308959
85905.402000000002 1.04114449
85905.702000000005 1.00246346
85906.101999999999 1.01251245
85906.402000000002 1.01285315
85906.702000000005 1.01561940
85907.101999999999 0.974969625
85907.402000000002 0.874872863
85907.801999999996 0.984516859
85908.101999999999 0.900489807
85908.501999999993 1.03988123
85908.801999999996 0.930811286
85909.101999999999 0.952925503
85909.501999999993 0.979358017
85909.801999999996 0.968235195
85910.202000000005 0.901485980
85910.601999999999 1.03296542
85910.902000000002 0.995166123
85911.301999999996 0.916978776
85911.601999999999 0.946134388
85911.902000000002 1.18293560
85912.301999999996 0.837803602
85912.702000000005 1.04079413
85913.001999999993 0.942566514
85913.402000000002 0.937500298
85913.702000000005 1.01606417
85914.101999999999 1.04207170
85914.402000000002 0.849699497
85914.801999999996 1.02175832
85915.202000000005 0.957664549
85915.501999999993 0.972325206
85915.902000000002 0.903151155
85916.202000000005 0.943637431
85916.601999999999 0.944094896
85916.902000000002 1.08428276
85917.301999999996 1.02387750
85917.601999999999 0.898997366
85918.001999999993 1.10634613
85918.301999999996 0.995963752
85918.702000000005 0.933028579
85919.101999999999 0.974931180
85919.402000000002 0.920534194
85919.801999999996 0.910582662
85920.101999999999 0.934800923
85920.501999999993 0.957169712
85920.801999999996 0.909963727
85921.101999999999 1.03516233
85921.501999999993 0.856793582
85921.801999999996 1.15919018
85922.202000000005 0.933996022
85922.501999999993 1.01975393
85922.902000000002 0.980316520
85923.202000000005 0.942925036
85923.601999999999 1.09721243
85923.902000000002 0.977677763
85924.301999999996 1.15767229
85924.601999999999 1.05691969
85925.001999999993 0.971458733
85925.301999999996 0.941222727
85925.601999999999 1.03872514
85926.001999999993 0.921334147
85926.301999999996 0.966293991
85926.702000000005 0.978250444
85927.001999999993 1.04355657
85927.402000000002 0.895232260
85927.702000000005 1.01073325
85928.001999999993 0.961029649
85928.402000000002 1.04755545
85928.702000000005 0.888191402
85929.001999999993 0.947655797
85929.402000000002 1.03734004
85929.702000000005 1.00050640
85930.101999999999 1.07352889
85930.402000000002 1.01301575
85930.801999999996 1.04195607
85931.101999999999 0.887152493
85931.402000000002 1.03800404
85931.801999999996 1.03592718
85932.101999999999 1.03615975
85932.501999999993 0.907451332
85932.902000000002 1.10281897
85933.202000000005 0.873101771
85933.501999999993 0.902759910
85933.902000000002 0.936317921
85934.202000000005 0.997885764
85934.601999999999 1.02637851
85934.902000000002 0.977805853
85935.301999999996 1.03268957
85935.601999999999 0.954120874
85936.001999999993 1.10491300
85936.301999999996 0.949660718
85936.702000000005 0.966777980
85937.001999999993 1.04804766
85937.402000000002 0.932856202
85937.702000000005 0.986703515
85938.101999999999 0.988137126
85938.402000000002 0.888479948
85938.702000000005 0.986443758
85939.101999999999 0.877344131
85939.402000000002 0.934637427
85939.801999999996 1.03618193
85940.101999999999 0.919597030
85940.501999999993 1.05694938
85940.801999999996 0.932368338
85941.202000000005 0.980596840
85941.501999999993 1.15179253
85941.902000000002 0.952493429
85942.202000000005 0.995856583
85942.601999999999 1.03836989
85942.902000000002 0.967458546
85943.202000000005 0.933242202
85943.601999999999 0.922111034
85943.902000000002 0.999255776
85944.301999999996 0.998384714
85944.601999999999 1.09526229
85945.001999999993 0.968911886
85945.301999999996 0.938014925
85945.702000000005 0.894693196
85946.001999999993 0.965730667
85946.402000000002 0.982651651
85946.702000000005 1.03975725
85947.101999999999 1.10186362
85947.402000000002 1.01996255
85947.801999999996 0.987058997
85948.101999999999 1.06458557
85948.501999999993 1.00722015
85948.801999999996 0.974545181
85949.202000000005 0.853209198
85949.501999999993 0.990482748
85949.902000000002 0.964249253
85950.202000000005 0.979992986
85950.601999999999 0.987965047
85950.902000000002 0.855459750
85951.202000000005 0.812546074
85951.601999999999 0.887274384
85951.902000000002 0.901643038
85952.301999999996 1.06271195
85952.601999999999 0.965183556
85953.001999999993 1.05331576
85953.301999999996 1.04274082
85953.702000000005 0.932343721
85954.001999999993 1.05689728
85954.301999999996 0.959587455
85954.702000000005 0.977886081
85955.001999999993 0.977180243
85955.402000000002 0.954991817
85955.702000000005 0.943497837
85956.101999999999 0.957852364
85956.402000000002 0.992639780
85956.801999999996 1.01751888
85957.101999999999 1.02938282
85957.402000000002 0.882244766
85957.801999999996 1.04936898
85958.101999999999 0.911921859
85958.501999999993 0.974010408
85958.902000000002 0.934782326
85959.202000000005 1.00286269
85959.601999999999 1.07689428
85959.902000000002 0.973160863
85960.301999999996 0.986755550
85960.601999999999 0.987696826
85961.001999999993 0.895529449
85961.301999999996 0.957060337
85961.702000000005 0.995064616
85962.001999999993 0.912938476
85962.402000000002 0.947580993
85962.702000000005 0.813791811
85963.001999999993 0.984414995
85963.402000000002 0.950088441
85963.702000000005 0.943888307
85964.101999999999 1.03624189
85964.501999999993 0.947172940
85964.801999999996 1.02668715
85965.101999999999 1.18075693
85965.501999999993 0.973447621
85965.801999999996 1.00766766
85966.202000000005 0.933067203
85966.501999999993 1.00688934
85966.902000000002 1.01090395
85967.202000000005 0.905178726
85967.601999999999 0.872900844
85967.902000000002 0.951322675
85968.301999999996 0.949398577
85968.601999999999 1.03087819
85969.001999999993 0.996326864
85969.301999999996 0.917533278
85969.702000000005 0.983190954
85970.001999999993 0.878131747
85970.402000000002 0.973642528
85970.702000000005 0.927917778
85971.101999999999 0.907064021
85971.402000000002 0.960887372
85971.801999999996 1.08563864
85972.202000000005 0.908169687
85972.501999999993 0.982052207
85972.902000000002 0.829389453
85973.202000000005 0.924310267
85973.501999999993 0.902243733
85973.902000000002 0.986451864
85974.301999999996 0.822777331
85974.601999999999 0.789651990
85975.001999999993 0.803713918
85975.301999999996 0.853024721
85975.702000000005 0.804535389
85976.001999999993 0.774669647
85976.402000000002 0.777287245
85976.801999999996 0.886596501
85977.101999999999 0.730060399
85977.402000000002 0.708080351
85977.801999999996 0.710399866
85978.202000000005 0.738168776
85978.501999999993 0.722556770
85978.902000000002 0.642916799
85979.202000000005 0.772656918
85979.601999999999 0.639545560
85979.902000000002 0.656702220
85980.301999999996 0.627057135
85980.601999999999 0.646658421
85981.001999999993 0.635021269
85981.301999999996 0.512277305
85981.702000000005 0.501980722
85982.001999999993 0.551500201
85982.402000000002 0.564600229
85982.702000000005 0.585668385
85983.101999999999 0.614576638
85983.402000000002 0.555481017
85983.801999999996 0.461240560
85984.101999999999 0.499083221
85984.501999999993 0.529157877
85984.801999999996 0.446829885
85985.202000000005 0.536718190
85985.501999999993 0.482708335
85985.801999999996 0.475932091
85986.202000000005 0.463656664
85986.501999999993 0.493235111
85986.902000000002 0.509513736
85987.202000000005 0.469221801
85987.601999999999 0.421444386
85987.902000000002 0.526073694
85988.301999999996 0.434697509
85988.601999999999 0.514906228
85988.902000000002 0.418343931
85989.301999999996 0.498607755
85989.601999999999 0.471721739
85990.001999999993 0.507101059
85990.301999999996 0.506072581
85990.702000000005 0.454814225
85991.001999999993 0.431809157
85991.402000000002 0.455843449
85991.702000000005 0.378180176
85992.001999999993 0.421088696
85992.402000000002 0.531380177
85992.702000000005 0.423426867
85993.101999999999 0.470716417
85993.501999999993 0.441610098
85993.801999999996 0.434225440
85994.202000000005 0.376309335
85994.501999999993 0.401097327
85994.801999999996 0.401631266
85995.202000000005 0.448731959
85995.501999999993 0.451093912
85995.902000000002 0.483360231
85996.301999999996 0.464107901
85996.601999999999 0.458971769
85997.001999999993 0.394869536
85997.301999999996 0.468020827
85997.702000000005 0.453216970
85998.001999999993 0.388928652
85998.402000000002 0.389673322
85998.702000000005 0.412104070
85999.001999999993 0.378313512
85999.402000000002 0.432399243
85999.702000000005 0.357057869
86000.101999999999 0.402879775
86000.402000000002 0.362318754
86000.801999999996 0.509503126
86001.202000000005 0.410228282
86001.501999999993 0.399249315
86001.902000000002 0.444711953
86002.202000000005 0.429543793
86002.501999999993 0.389972627
86002.902000000002 0.482822537
86003.202000000005 0.439442277
86003.601999999999 0.355419159
86003.902000000002 0.429052800
86004.202000000005 0.414818108
86004.601999999999 0.368389070
86004.902000000002 0.401226908
86005.301999999996 0.407805294
86005.601999999999 0.424879134
86006.001999999993 0.339038372
86006.301999999996 0.437133551
86006.702000000005 0.336260200
86007.001999999993 0.409720272
86007.402000000002 0.389756858
86007.702000000005 0.411516368
86008.101999999999 0.410029501
86008.402000000002 0.410983443
86008.702000000005 0.436206788
86009.101999999999 0.330689430
86009.402000000002 0.383872956
86009.801999999996 0.385834783
86010.101999999999 0.484733403
86010.501999999993 0.414285362
86010.801999999996 0.441405177
86011.202000000005 0.411736012
86011.501999999993 0.447030932
86011.902000000002 0.478733420
86012.202000000005 0.412496179
86012.601999999999 0.477318466
86012.902000000002 0.365372658
86013.301999999996 0.391705841
86013.601999999999 0.428246856
86013.902000000002 0.371537447
86014.301999999996 0.364985764
86014.601999999999 0.393614769
86015.001999999993 0.468976408
86015.402000000002 0.342656553
86015.702000000005 0.390310735
86016.001999999993 0.365401983
86016.402000000002 0.445042133
86016.702000000005 0.358344674
86017.101999999999 0.368216306
86017.402000000002 0.519441009
86017.801999999996 0.413277864
86018.101999999999 0.319511354
86018.501999999993 0.379238248
86018.801999999996 0.451626182
86019.202000000005 0.391608566
86019.601999999999 0.355870873
86019.902000000002 0.429208100
86020.301999999996 0.350584000
86020.601999999999 0.454493612
86021.001999999993 0.403875291
86021.301999999996 0.393341035
86021.601999999999 0.442270726
86022.001999999993 0.443020672
86022.301999999996 0.419756562
86022.702000000005 0.373312682
86023.001999999993 0.395602584
86023.402000000002 0.450408280
86023.702000000005 0.426974714
86024.101999999999 0.439875305
86024.402000000002 0.386323601
86024.801999999996 0.465269744
86025.101999999999 0.455632687
86025.501999999993 0.421353996
86025.801999999996 0.453254521
86026.202000000005 0.357488096
86026.501999999993 0.373499751
86026.902000000002 0.441468894
86027.202000000005 0.384508759
86027.601999999999 0.396975487
86027.902000000002 0.422433823
86028.301999999996 0.391727179
86028.601999999999 0.346733987
86029.001999999993 0.420978397
86029.301999999996 0.405931830
86029.702000000005 0.456889778
86030.001999999993 0.402001798
86030.402000000002 0.488337934
86030.702000000005 0.434818357
86031.101999999999 0.389585435
86031.501999999993 0.431602448
86031.801999999996 0.348353863
86032.202000000005 0.453070104
86032.501999999993 0.392528117
86032.902000000002 0.441463321
86033.202000000005 0.412252307
86033.601999999999 0.448750168
86033.902000000002 0.321378142
86034.301999999996 0.400583744
86034.601999999999 0.412902296
86035.001999999993 0.461535215
86035.301999999996 0.463736296
86035.702000000005 0.436045378
86036.001999999993 0.430637062
86036.301999999996 0.454648048
86036.702000000005 0.439489603
86037.101999999999 0.421292365
86037.402000000002 0.383626819
86037.702000000005 0.417141408
86038.101999999999 0.459640980
86038.501999999993 0.442909122
86038.801999999996 0.449179232
86039.202000000005 0.355186164
86039.501999999993 0.383211583
86039.801999999996 0.428020567
86040.202000000005 0.513863683
86040.501999999993 0.379032731
86040.902000000002 0.365920454
86041.202000000005 0.397460490
86041.601999999999 0.350277632
86041.902000000002 0.393469036
86042.301999999996 0.437241971
86042.601999999999 0.403550357
86043.001999999993 0.369058967
86043.301999999996 0.458255351
86043.601999999999 0.386610776
86044.001999999993 0.429169416
86044.301999999996 0.369713455
86044.702000000005 0.420409054
86045.001999999993 0.425615549
86045.402000000002 0.428374052
86045.801999999996 0.439741820
86046.101999999999 0.455687732
86046.501999999993 0.371087581
86046.801999999996 0.495904028
86047.101999999999 0.364281386
86047.501999999993 0.438426852
86047.801999999996 0.453699261
86048.202000000005 0.380784363
86048.501999999993 0.416452944
86048.902000000002 0.413578242
86049.202000000005 0.453005910
86049.601999999999 0.411128432
86049.902000000002 0.457284182
86050.301999999996 0.413669258
86050.601999999999 0.445387483
86051.001999999993 0.389532149
86051.301999999996 0.431378096
86051.702000000005 0.412959218
86052.001999999993 0.461832941
86052.402000000002 0.429118484
86052.702000000005 0.451037705
86053.101999999999 0.419929564
86053.501999999993 0.499232739
86053.801999999996 0.411253482
86054.202000000005 0.461057812
86054.501999999993 0.425601959
86054.902000000002 0.431931436
86055.202000000005 0.515518546
86055.601999999999 0.445230544
86055.902000000002 0.457963347
86056.301999999996 0.407540381
86056.601999999999 0.526058435
86057.001999999993 0.379264802
86057.301999999996 0.390044719
86057.702000000005 0.420454800
86058.101999999999 0.535453916
86058.402000000002 0.376263887
86058.801999999996 0.383887678
86059.101999999999 0.464359909
86059.402000000002 0.454684496
86059.801999999996 0.428244948
86060.101999999999 0.449917853
86060.501999999993 0.415777981
86060.801999999996 0.381271482
86061.101999999999 0.411571175
86061.501999999993 0.510698199
86061.801999999996 0.409717590
86062.202000000005 0.534070134
86062.601999999999 0.436597884
86063.001999999993 0.431462318
86063.301999999996 0.523789406
86063.702000000005 0.439428985
86064.001999999993 0.467709988
86064.402000000002 0.438864291
86064.801999999996 0.515487850
86065.101999999999 0.485594362
86065.501999999993 0.464412630
86065.801999999996 0.528833508
86066.101999999999 0.494910985
86066.501999999993 0.510185778
86066.801999999996 0.474327773
86067.202000000005 0.607325256
86067.501999999993 0.486429125
86067.902000000002 0.482329607
86068.202000000005 0.568707645
86068.601999999999 0.570948899
86068.902000000002 0.506515205
86069.301999999996 0.587219238
86069.702000000005 0.658901572
86070.001999999993 0.547734082
86070.402000000002 0.579287291
86070.702000000005 0.603029072
86071.101999999999 0.617591321
86071.402000000002 0.602255821
86071.801999999996 0.659718871
86072.101999999999 0.607947826
86072.501999999993 0.634024322
86072.902000000002 0.653055429
86073.202000000005 0.682039857
86073.501999999993 0.610004365
86073.902000000002 0.687359273
86074.202000000005 0.742711544
86074.601999999999 0.750221133
86074.902000000002 0.678653002
86075.301999999996 0.650586307
86075.601999999999 0.820418358
86076.001999999993 0.730727553
86076.301999999996 0.789297938
86076.702000000005 0.815414548
86077.001999999993 0.700025201
86077.402000000002 0.861836553
86077.702000000005 0.802405357
86078.101999999999 0.754973769
86078.402000000002 0.791685760
86078.801999999996 0.784513533
86079.101999999999 0.946314454
86079.501999999993 0.872664571
86079.801999999996 0.782725990
86080.101999999999 0.891978443
86080.501999999993 0.832185149
86080.801999999996 0.932936251
86081.202000000005 0.814183235
86081.501999999993 0.898040593
86081.902000000002 0.931195498
86082.301999999996 1.00356400
86082.601999999999 0.995124996
86082.902000000002 0.994599044
86083.301999999996 0.885297239
86083.601999999999 0.974463403
86084.001999999993 0.941259146
86084.301999999996 0.992390811
86084.601999999999 1.03895748
86085.001999999993 0.902487338
86085.301999999996 0.942535520
86085.702000000005 1.00569606
86086.001999999993 0.937334597
86086.402000000002 1.00881803
86086.702000000005 1.07224905
86087.101999999999 0.927136600
86087.402000000002 0.956233263
86087.801999999996 0.997848630
86088.101999999999 1.04476416
86088.501999999993 0.869968057
86088.801999999996 0.946745455
86089.202000000005 1.07279813
86089.501999999993 0.918417215
86089.902000000002 1.05225623
86090.202000000005 0.960781872
86090.601999999999 0.970932424
86090.902000000002 0.997730255
86091.301999999996 0.932690322
86091.601999999999 1.00655651
86091.902000000002 1.01285243
86092.301999999996 0.927472591
86092.601999999999 0.999281645
86093.001999999993 1.03642976
86093.301999999996 0.962636232
86093.601999999999 0.994341850
86094.001999999993 0.896266520
86094.301999999996 0.879432619
86094.702000000005 1.15352154
86095.001999999993 1.00599861
86095.402000000002 1.00902367
86095.801999999996 1.01211536
86096.101999999999 1.04099607
86096.402000000002 1.01782095
86096.801999999996 1.02912474
86097.101999999999 0.952102482
86097.501999999993 0.965188861
86097.801999999996 1.06712937
86098.202000000005 0.978694916
86098.501999999993 0.983788431
86098.902000000002 0.902043104
86099.202000000005 0.942376077
86099.601999999999 1.02213538
86099.902000000002 0.947000742
86100.301999999996 1.02360845
86100.601999999999 1.07776284
86100.902000000002 1.01986170
86101.301999999996 1.16962111
86101.601999999999 0.906154335
86102.001999999993 0.984746873
86102.301999999996 1.08716500
86102.702000000005 0.942618668
86103.101999999999 1.06086099
86103.501999999993 1.06995702
86103.801999999996 1.07291877
86104.202000000005 0.976623237
86104.501999999993 1.00882077
86104.801999999996 1.02321649
86105.202000000005 0.972425222
86105.601999999999 1.01455593
86105.902000000002 1.01733553
86106.202000000005 1.06308043
86106.601999999999 0.962955713
86106.902000000002 1.06747568
86107.301999999996 1.02004254
86107.601999999999 0.940074265
86108.001999999993 1.04280663
86108.301999999996 1.11981440
86108.702000000005 1.03779089
86109.001999999993 0.837535322
86109.402000000002 1.12707686
86109.702000000005 1.08570635
86110.101999999999 0.919078290
86110.402000000002 1.12838256
86110.801999999996 0.914998531
86111.101999999999 0.924685597
86111.501999999993 1.04862905
86111.801999999996 1.07168865
86112.202000000005 0.894406796
86112.501999999993 1.10836279
86112.801999999996 0.934561729
86113.202000000005 0.988364697
86113.501999999993 0.993169546
86113.902000000002 1.06458759
86114.202000000005 0.969205856
86114.601999999999 0.938148916
86115.001999999993 1.02019930
86115.301999999996 0.998837829
86115.702000000005 1.01821625
86116.001999999993 1.05378723
86116.402000000002 0.992165864
86116.702000000005 1.02582896
86117.101999999999 1.02895141
86117.402000000002 1.14283037
86117.801999999996 1.01309550
86118.202000000005 1.12489522
86118.501999999993 1.14736688
86118.801999999996 1.01668656
86119.202000000005 1.00751841
86119.501999999993 0.971548438
86119.902000000002 1.06123877
86120.301999999996 1.03773260
86120.601999999999 1.05473340
86120.902000000002 1.01969743
86121.301999999996 1.08357310
86121.601999999999 0.905306756
86122.001999999993 1.08179748
86122.301999999996 1.03348446
86122.702000000005 0.964266360
86123.001999999993 0.914374113
86123.402000000002 1.05289948
86123.702000000005 1.08015621
86124.101999999999 1.04234684
86124.402000000002 1.14087260
86124.702000000005 1.12567914
86125.101999999999 1.06963420
86125.402000000002 1.10446298
86125.801999999996 0.987771571
86126.202000000005 1.09274888
86126.501999999993 0.942524791
86126.902000000002 0.988077044
86127.202000000005 1.01708388
86127.601999999999 1.05674040
86127.902000000002 1.06333709
86128.301999999996 0.995384157
86128.601999999999 1.14081025
86128.902000000002 1.15071034
86129.301999999996 1.01157045
86129.601999999999 1.04604042
86130.001999999993 0.987552762
86130.402000000002 1.04747093
86130.702000000005 1.09008229
86131.001999999993 0.986895502
86131.402000000002 1.01397789
86131.702000000005 0.925740838
86132.101999999999 1.07271993
86132.402000000002 1.13311255
86132.801999999996 1.10794759
86133.101999999999 0.847136021
86133.501999999993 0.896739125
86133.801999999996 1.02134895
86134.202000000005 0.923786104
86134.501999999993 0.922587812
86134.902000000002 0.993596017
86135.202000000005 0.979575217
86135.601999999999 0.988819957
86135.902000000002 0.943331420
86136.202000000005 0.885783672
86136.601999999999 0.938465655
86136.902000000002 1.08472824
86137.301999999996 1.06907165
86137.601999999999 0.921384215
86138.001999999993 0.989235759
86138.301999999996 1.02712476
86138.702000000005 0.986011684
86139.101999999999 1.02307892
86139.402000000002 0.931814253
86139.801999999996 0.966670156
86140.101999999999 0.958840489
86140.501999999993 1.01328254
86140.801999999996 1.00835037
86141.202000000005 1.10293651
86141.501999999993 1.09761834
86141.801999999996 1.00822115
86142.202000000005 1.04383266
86142.501999999993 1.11512208
86142.902000000002 0.959263504
86143.202000000005 1.07496369
86143.501999999993 0.914702773
86143.902000000002 1.07290769
86144.301999999996 0.967882872
86144.601999999999 1.03674316
86145.001999999993 1.03961134
86145.301999999996 1.08289611
86145.702000000005 1.01360345
86146.001999999993 1.04509044
86146.402000000002 0.893180728
86146.702000000005 0.950515211
86147.101999999999 1.03638756
86147.402000000002 1.01609278
86147.702000000005 1.00176752
86148.101999999999 0.983135283
86148.402000000002 0.978119612
86148.801999999996 1.17771101
86149.101999999999 1.03245211
86149.501999999993 0.986314297
86149.801999999996 0.924998045
86150.202000000005 1.04468310
86150.601999999999 0.836054504
86150.902000000002 1.00713181
86151.301999999996 0.924966574
86151.601999999999 0.937739551
86152.001999999993 0.957315743
86152.402000000002 0.881701410
86152.702000000005 0.821729004
86153.001999999993 0.950946748
86153.402000000002 0.971048474
86153.801999999996 1.02483761
86154.101999999999 0.984147310
86154.402000000002 0.894589841
86154.801999999996 0.987040102
86155.101999999999 1.02052903
86155.501999999993 1.13853586
86155.801999999996 0.952041924
86156.202000000005 0.919957221
86156.501999999993 0.991937399
86156.902000000002 1.02633333
86157.301999999996 0.970308065
86157.601999999999 0.966984868
86158.001999999993 0.978785574
86158.301999999996 0.895874619
86158.702000000005 1.02019095
86159.001999999993 1.04758525
86159.402000000002 1.02309775
86159.702000000005 0.974381447
86160.101999999999 1.02679157
86160.402000000002 0.955599725
86160.801999999996 0.904564857
86161.101999999999 1.01161671
86161.501999999993 0.915202081
86161.801999999996 1.10650897
86162.202000000005 0.983547151
86162.501999999993 1.02241695
86162.902000000002 0.995541275
86163.202000000005 0.996896088
86163.601999999999 0.915331125
86163.902000000002 0.957491636
86164.301999999996 1.13893533
86164.601999999999 1.01730323
86165.001999999993 0.987920940
86165.301999999996 1.02306616
86165.702000000005 1.08471787
86166.001999999993 1.05374229
86166.402000000002 1.02295792
86166.702000000005 0.960672736
86167.101999999999 1.04620421
86167.402000000002 1.00059533
86167.801999999996 0.930961967
86168.101999999999 0.895718396
86168.501999999993 0.961916566
86168.801999999996 0.936741471
86169.202000000005 1.03388190
86169.501999999993 1.09183466
86169.902000000002 0.840479076
86170.202000000005 0.890385747
86170.601999999999 0.935769558
86170.902000000002 0.978847325
86171.301999999996 0.970577121
86171.702000000005 1.09253478
86172.001999999993 1.03393972
86172.402000000002 0.908811390
86172.702000000005 0.917464077
86173.101999999999 0.998967111
86173.402000000002 1.04236031
86173.702000000005 0.910178065
86174.101999999999 0.959537983
86174.402000000002 1.03229213
86174.801999999996 0.986995459
86175.202000000005 0.987565577
86175.501999999993 0.925973654
86175.902000000002 0.994735360
86176.202000000005 0.878234029
86176.501999999993 0.955096304
86176.902000000002 0.916129172
86177.202000000005 0.923210382
86177.601999999999 1.01744318
86177.902000000002 1.01055050
86178.301999999996 0.936674654
86178.601999999999 0.994444549
86178.902000000002 1.09311521
86179.301999999996 0.994170368
86179.601999999999 1.05863988
86180.001999999993 1.05389440
86180.301999999996 0.923414588
86180.702000000005 0.987296641
86181.001999999993 1.00005627
86181.402000000002 1.03490174
86181.702000000005 1.05751002
86182.101999999999 0.979261637
86182.402000000002 1.02635479
86182.801999999996 0.947032332
86183.101999999999 0.973438680
86183.501999999993 0.939058959
86183.801999999996 0.973767042
86184.101999999999 1.01232481
86184.501999999993 1.09079397
86184.902000000002 0.991751552
86185.202000000005 0.959173083
86185.501999999993 1.01262772
86185.902000000002 0.907136083
86186.202000000005 0.842562377
86186.601999999999 1.07389200
86186.902000000002 0.970721781
86187.202000000005 1.00338542
86187.601999999999 1.03128839
86187.902000000002 0.958298087
86188.301999999996 1.07380199
86188.601999999999 0.960773528
86188.902000000002 0.891679823
86189.301999999996 1.02596390
86189.702000000005 0.967365384
86190.001999999993 0.921226799
86190.402000000002 1.06285059
86190.801999999996 0.929700494
86191.202000000005 0.956506371
86191.501999999993 1.02768576
86191.801999999996 0.917121768
86192.202000000005 1.04187822
86192.501999999993 0.926293612
86192.902000000002 0.901194453
86193.202000000005 0.968397617
86193.601999999999 1.02545714
86193.902000000002 0.969354451
86194.202000000005 0.945920885
86194.601999999999 0.875865400
86195.001999999993 1.06576478
86195.301999999996 0.900982916
86195.702000000005 0.972443163
86196.001999999993 1.02139676
86196.402000000002 0.920660913
86196.702000000005 0.876990974
86197.101999999999 0.928305686
86197.402000000002 0.973576009
86197.801999999996 0.984577358
86198.101999999999 0.994611442
86198.501999999993 1.04824924
86198.801999999996 0.964328170
86199.101999999999 1.00687826
86199.501999999993 1.00718939
86199.801999999996 1.01616323
86200.202000000005 0.934328139
86200.501999999993 0.940502226
86200.902000000002 1.00275040
86201.202000000005 1.04649401
86201.501999999993 0.985687494
86201.902000000002 0.961236596
86202.202000000005 1.07968485
86202.601999999999 0.940020084
86202.902000000002 0.930938184
86203.301999999996 0.964445114
86203.702000000005 0.977249205
86204.001999999993 0.907650352
86204.402000000002 0.944433153
86204.702000000005 1.10279012
86205.101999999999 1.03278720
86205.402000000002 1.04273093
86205.801999999996 0.984021425
86206.101999999999 0.956888139
86206.501999999993 0.922592163
86206.902000000002 1.03234863
86207.202000000005 1.10338235
86207.501999999993 0.960983157
86207.902000000002 0.988300741
86208.301999999996 0.919877470
86208.601999999999 0.900753796
86209.001999999993 0.966690958
86209.301999999996 0.948426902
86209.702000000005 0.891340375
86210.001999999993 0.932777762
86210.402000000002 1.12655866
86210.702000000005 0.915067375
86211.001999999993 1.04560685
86211.402000000002 0.955283821
86211.702000000005 0.950113356
86212.101999999999 1.03126287
86212.402000000002 1.07004476
86212.801999999996 1.01233709
86213.101999999999 1.00022376
86213.501999999993 0.931270719
86213.801999999996 0.939924836
86214.202000000005 1.07012439
86214.501999999993 0.955117583
86214.902000000002 1.04141641
86215.202000000005 0.942072332
86215.601999999999 1.05077624
86215.902000000002 1.02094460
86216.301999999996 1.05996072
86216.601999999999 1.00070894
86216.902000000002 0.917583287
86217.301999999996 0.942559063
86217.702000000005 0.860919535
86218.001999999993 0.981591463
86218.301999999996 1.05361390
86218.702000000005 0.935639262
86219.001999999993 1.02495515
86219.402000000002 1.03242815
86219.801999999996 0.978541672
86220.101999999999 1.03238821
86220.402000000002 1.03351033
86220.801999999996 1.01859522
86221.202000000005 1.02580273
86221.501999999993 0.970810950
86221.902000000002 0.919788599
86222.202000000005 0.965293109
86222.601999999999 0.954463720
86222.902000000002 0.985682666
86223.301999999996 0.995670974
86223.601999999999 0.978257656
86223.902000000002 0.956556261
86224.301999999996 0.983081520
86224.601999999999 0.964837015
86224.902000000002 0.970837653
86225.301999999996 1.02023935
86225.601999999999 0.911981463
86225.902000000002 0.976832926
86226.301999999996 0.935334861
86226.601999999999 0.952406824
86227.001999999993 1.01012647
86227.301999999996 1.00952101
86227.702000000005 0.852730751
86228.001999999993 0.969175994
86228.402000000002 0.985807896
86228.702000000005 1.07201672
86229.001999999993 0.983791769
86229.402000000002 1.04149806
86229.702000000005 0.927034378
86230.101999999999 0.975492239
86230.402000000002 1.05916631
86230.801999999996 0.951800466
86231.101999999999 0.999514401
86231.501999999993 1.02544260
86231.801999999996 0.925976872
86232.101999999999 0.984410107
86232.501999999993 0.985574126
86232.801999999996 0.870330870
86233.202000000005 1.00898409
86233.501999999993 1.03516185
86233.801999999996 0.998406887
86234.202000000005 1.11488807
86234.501999999993 1.04733479
86234.902000000002 1.06798112
86235.301999999996 1.01196349
86235.601999999999 1.03564286
86235.902000000002 1.04179823
86236.301999999996 1.02250540
86236.601999999999 1.02479064
86237.001999999993 0.943403482
86237.301999999996 1.06427181
86237.601999999999 1.04725373
86238.001999999993 1.04660749
86238.301999999996 1.10812509
86238.702000000005 1.03606927
86239.001999999993 1.06116462
86239.402000000002 1.03760040
86239.702000000005 1.04536629
86240.101999999999 0.992955744
86240.402000000002 0.947454631
86240.801999999996 0.943395376
86241.101999999999 1.06273711
86241.501999999993 0.928985596
86241.801999999996 1.02990496
86242.202000000005 0.920129836
86242.501999999993 1.07982051
86242.902000000002 1.03860736
86243.202000000005 0.978505909
86243.601999999999 1.00176632
86243.902000000002 1.00025249
86244.301999999996 0.956454337
86244.601999999999 1.03660882
86244.902000000002 1.02322388
86245.301999999996 0.953648806
86245.601999999999 0.899969399
86246.001999999993 0.990695894
86246.301999999996 0.995664358
86246.601999999999 0.945532024
86247.001999999993 1.01749396
86247.301999999996 0.887409389
86247.702000000005 0.979616582
86248.001999999993 1.00631189
86248.402000000002 0.989280105
86248.702000000005 1.09488583
86249.101999999999 1.16072094
86249.402000000002 1.03843415
86249.801999999996 0.992135286
86250.101999999999 0.997027874
86250.501999999993 1.06003118
86250.801999999996 1.01485646
86251.202000000005 0.904315531
86251.501999999993 1.03512788
86251.902000000002 0.920538783
86252.202000000005 1.04640460
86252.601999999999 0.960531831
