85448.267000198364 0.938161433
85448.564000129700 0.921796679
85448.859999656677 0.927625060
85449.156999588013 1.02379489
85449.453000068665 0.991065681
85449.765000343323 1.02334654
85450.060999870300 0.938609481
85450.357999801636 1.05607593
85450.654000282288 0.964165390
85450.965999603271 1.02895141
85451.262999534607 0.952284753
85451.559000015259 0.998016238
85451.854999542236 0.965735734
85452.166999816895 1.04531753
85452.463999748230 0.947354436
85452.760000228882 0.938836336
85453.057000160217 0.996449351
85453.352999687195 1.02290237
85453.664999961853 0.912609816
85453.961000442505 0.924491644
85454.258000373840 0.972465515
85454.553999900818 0.977398157
85454.866000175476 1.04084027
85455.163000106812 1.01842380
85455.458999633789 1.07065737
85455.755000114441 0.953190923
85456.066999435425 1.02896309
85456.364000320435 0.947364509
85456.659999847412 1.01058304
85456.957000732422 0.965749145
85457.253000259399 1.01125801
85457.565000534058 1.02358913
85457.861000061035 1.02650476
85458.158000946045 0.979877412
85458.454000473022 1.05071890
85458.766000747681 0.936165750
85459.062999725342 0.963965237
85459.358999252319 1.03615224
85459.655000686646 0.976522326
85459.966999053955 0.954106152
85460.263999938965 0.944019735
85460.559999465942 0.965766907
85460.857000350952 0.936176836
85461.152999877930 0.940662265
85461.465000152588 1.01710987
85461.760999679565 0.948960721
85462.058000564575 0.904798806
85462.354000091553 0.942463338
85462.666000366211 1.00546086
85462.962999343872 0.926774621
85463.259000778198 1.04043794
85463.555000305176 1.01196897
85463.867000579834 1.01129889
85464.163999557495 1.01780260
85464.459999084473 1.03304970
85464.756999969482 1.06040311
85465.069000244141 1.07946181
85465.364999771118 1.05883932
85465.660999298096 0.960647523
85465.958000183105 1.04046142
85466.253999710083 1.00167942
85466.565999984741 0.960207105
85466.863000869751 0.972988665
85467.159000396729 1.04652631
85467.454999923706 0.953041136
85467.767000198364 0.914931357
85468.063999176025 1.02635837
85468.360000610352 1.04765987
85468.656999588013 1.04968095
85468.968999862671 1.02435029
85469.264999389648 1.06179440
85469.561000823975 0.981759429
85469.857999801636 1.01113260
85470.153999328613 1.03019285
85470.465999603271 1.02750611
85470.763000488281 1.01988685
85471.059000015259 0.931106865
85471.354999542236 0.986487985
85471.666999816895 0.991424143
85471.964000701904 1.00465584
85472.259998321533 0.954661965
85472.556999206543 0.985157430
85472.868999481201 1.02305222
85473.165000915527 0.993236542
85473.460998535156 0.925305486
85473.757999420166 0.992795944
85474.054000854492 1.02643132
85474.366001129150 0.925092518
85474.662998199463 0.987202883
85474.958999633789 0.990345895
85475.255001068115 1.05514765
85475.567001342773 1.03273094
85475.863998413086 0.982062757
85476.159999847412 1.03408515
85476.457000732422 0.950008214
85476.769001007080 0.998668015
85477.064998626709 1.00315690
85477.361000061035 0.985896409
85477.658000946045 0.994197130
85477.953998565674 0.996219695
85478.265998840332 0.962366879
85478.562999725342 0.959904969
85478.859001159668 1.03031635
85479.154998779297 1.02180064
85479.466999053955 0.907674015
85479.763999938965 0.982122421
85480.060001373291 0.976970017
85480.356998443604 0.979441464
85480.668998718262 1.04783750
85480.965000152588 0.922720611
85481.261001586914 0.993135035
85481.557998657227 0.977667987
85481.854000091553 0.993818164
85482.166000366211 1.06019819
85482.463001251221 1.04271328
85482.758998870850 0.942034841
85483.055000305176 1.00796700
85483.367000579834 1.01066387
85483.664001464844 0.982863128
85483.959999084473 0.977935195
85484.256999969482 0.982425690
85484.569000244141 0.983552814
85484.865001678467 1.01428068
85485.160999298096 0.986030936
85485.458000183105 1.00173438
85485.770000457764 0.978642464
85486.066001892090 1.02282643
85486.362998962402 0.974841774
85486.659000396729 1.01633537
85486.955001831055 1.05065310
85487.266998291016 1.03967118
85487.563999176025 1.04730248
85487.860000610352 1.05919492
85488.157001495361 1.05135238
85488.469001770020 1.11392963
85488.764999389648 1.08231497
85489.061000823975 1.07783663
85489.358001708984 1.04039037
85489.669998168945 1.03950047
85489.965999603271 1.04847825
85490.263000488281 1.05319500
85490.558998107910 1.08460069
85490.854999542236 1.00633502
85491.166999816895 0.981671453
85491.464000701904 1.04133689
85491.759998321533 0.990431905
85492.056999206543 1.03237987
85492.368999481201 1.00726748
85492.665000915527 1.02499330
85492.960998535156 1.08914709
85493.257999420166 1.04586685
85493.569999694824 1.06740677
85493.866001129150 1.01851845
85494.162998199463 1.08536589
85494.458999633789 1.06922436
85494.755001068115 1.02908278
85495.067001342773 1.02146459
85495.363998413086 1.02012646
85495.659999847412 1.00420845
85495.957000732422 0.990084827
85496.269001007080 1.03024375
85496.564998626709 1.01567161
85496.861000061035 1.00468814
85497.158000946045 0.974189460
85497.470001220703 0.986983418
85497.765998840332 0.995290875
85498.062999725342 1.04644322
85498.359001159668 1.02783298
85498.654998779297 0.954488099
85498.966999053955 0.891909897
85499.263999938965 0.919060528
85499.560001373291 0.948903501
85499.856998443604 0.994001389
85500.168999999762 0.927383780
85500.465000003576 0.943094730
85500.760999977589 1.04270720
85501.057999968529 0.992913246
85501.370000004768 0.981705129
85501.666000008583 1.00616658
85501.963000059128 1.06742060
85502.259000062943 1.02659917
85502.555999994278 1.02705669
85502.868000030518 1.01786780
85503.164000034332 0.987589419
85503.460000038147 0.979521394
85503.756999969482 1.03606737
85504.068999767303 0.982231557
85504.364999771118 0.999515891
85504.662000179291 1.03497374
85504.958000183105 0.995719731
85505.269999980927 0.988325238
85505.565999984741 0.956698596
85505.862999916077 0.980714798
85506.158999919891 1.00966763
85506.471000194550 1.01618433
85506.768000125885 0.991288185
85507.064000129700 1.03123653
85507.360000133514 0.985472977
85507.657000064850 0.971346319
85507.968999862671 0.981902063
85508.265000343323 1.01601803
85508.562000274658 1.07167602
85508.857999801636 1.00414503
85509.170000076294 1.01245773
85509.465999603271 1.02638006
85509.762999534607 1.06431329
85510.059000015259 0.970973790
85510.371000289917 1.04189467
85510.668000221252 1.09643519
85510.963999748230 1.05852163
85511.260000228882 1.03923309
85511.557000160217 1.00849950
85511.869000434875 1.06102276
85512.164999961853 1.04779315
85512.461999893188 1.01638556
85512.758000373840 1.01617157
85513.069999694824 0.968380749
85513.366000175476 1.00182998
85513.663000106812 0.958077312
85513.958999633789 0.939908624
85514.270999908447 0.999393404
85514.567999839783 0.985713601
85514.864000320435 1.07796741
85515.159999847412 0.983265758
85515.456999778748 1.02771568
85515.769000053406 1.02009630
85516.065000534058 1.00551832
85516.361999511719 1.00822270
85516.658000946045 0.977708399
85516.969999313354 0.993431509
85517.266000747681 0.977730513
85517.562999725342 1.02981579
85517.858999252319 0.990097642
85518.170999526978 0.994149625
85518.468000411987 1.00875115
85518.763999938965 1.00494659
85519.059999465942 1.01146758
85519.357000350952 0.993970215
85519.669000625610 1.01755226
85519.965000152588 1.05078685
85520.261999130249 1.00208640
85520.558000564575 1.05866802
85520.870000839233 1.04117107
85521.166000366211 1.02030563
85521.462999343872 1.04815471
85521.759000778198 1.04075873
85522.070999145508 0.992055655
85522.368000030518 1.01541555
85522.663999557495 1.00352895
85522.959999084473 1.06662703
85523.256999969482 1.06237423
85523.569000244141 1.01681197
85523.864999771118 1.07385087
85524.162000656128 1.03794134
85524.458000183105 1.06983578
85524.770000457764 1.12553108
85525.065999984741 1.09298885
85525.363000869751 0.987923265
85525.659000396729 1.05551934
85525.971000671387 1.00860560
85526.267999649048 1.07755101
85526.563999176025 0.979665339
85526.860000610352 0.987761199
85527.172000885010 1.00933075
85527.468999862671 1.05941784
85527.764999389648 1.00217080
85528.062000274658 1.08032846
85528.357999801636 1.05923402
85528.670000076294 1.07339561
85528.965999603271 0.984482765
85529.263000488281 1.00650299
85529.559000015259 1.07545865
85529.871000289917 0.958022535
85530.167999267578 0.973530829
85530.464000701904 1.02384901
85530.760000228882 1.00948942
85531.072000503540 0.987494409
85531.368999481201 0.969989896
85531.665000915527 1.07398784
85531.961999893188 0.984165311
85532.257999420166 1.01539743
85532.569999694824 0.953647137
85532.866001129150 0.961071968
85533.162998199463 0.952325523
85533.458999633789 1.02466238
85533.770999908447 1.04354453
85534.068000793457 1.00267923
85534.363998413086 1.02223480
85534.659999847412 1.02359664
85534.972000122070 0.880301595
85535.269001007080 0.936246097
85535.564998626709 0.958273053
85535.861999511719 1.00411177
85536.158000946045 0.975597143
85536.470001220703 0.996053994
85536.765998840332 0.954733789
85537.062999725342 1.02169216
85537.359001159668 0.976552129
85537.671001434326 0.969153404
85537.967998504639 0.954340100
85538.263999938965 1.01546133
85538.560001373291 0.965151608
85538.872001647949 0.935510457
85539.168998718262 1.03617620
85539.465000152588 1.03192258
85539.762001037598 1.04878855
85540.057998657227 0.982523620
85540.369998931885 1.00747871
85540.666000366211 1.03108585
85540.963001251221 0.917183518
85541.258998870850 1.03650928
85541.570999145508 1.02169573
85541.868000030518 1.01699245
85542.164001464844 1.04307342
85542.459999084473 0.978598416
85542.771999359131 0.987377822
85543.069000244141 0.930090904
85543.365001678467 1.05055368
85543.661998748779 0.996412098
85543.958000183105 0.977775335
85544.270000457764 1.02475941
85544.566001892090 0.987020433
85544.862998962402 1.01939774
85545.159000396729 0.978960693
85545.471000671387 1.03426337
85545.768001556396 1.04349422
85546.063999176025 0.987548172
85546.360000610352 1.00374591
85546.672000885010 0.989603102
85546.969001770020 1.00894821
85547.264999389648 0.964910686
85547.562000274658 1.02111804
85547.874000549316 0.945612192
85548.169998168945 1.03216565
85548.465999603271 1.00251162
85548.763000488281 1.00545001
85549.058998107910 1.02232528
85549.370998382568 1.02683866
85549.667999267578 1.00707376
85549.964000701904 1.10847366
85550.259998321533 1.05386531
85550.571998596191 1.05006194
85550.868999481201 0.982861757
85551.165000915527 1.04807353
85551.462001800537 1.00964761
85551.773998260498 0.951212227
85552.069999694824 0.929645061
85552.366001129150 1.06028533
85552.662998199463 0.971944630
85552.958999633789 1.03401542
85553.270999908447 1.05471909
85553.568000793457 1.02146041
85553.863998413086 1.01540697
85554.159999847412 1.03588569
85554.472000122070 1.05276847
85554.769001007080 1.10630286
85555.064998626709 1.06045008
85555.361999511719 0.994582713
85555.673999786377 1.00179672
85555.970001220703 0.967408419
85556.265998840332 0.895689189
85556.562999725342 1.02501202
85556.859001159668 1.00681424
85557.171001434326 0.983219445
85557.467998504639 0.963895977
85557.763999938965 0.933776677
85558.060001373291 0.947737157
85558.372001647949 1.00668037
85558.668998718262 0.966664374
85558.965000152588 0.949588180
85559.262001037598 0.996163368
85559.574001312256 0.970765948
85559.869998931885 1.07267523
85560.165999993682 0.973725140
85560.462999999523 0.995111644
85560.759000003338 0.946542919
85561.070999979973 0.996048629
85561.368000030518 1.01293790
85561.664000034332 1.01498103
85561.960000038147 1.04469383
85562.272000074387 1.05191290
85562.569000005722 1.00558972
85562.865000009537 1.03485429
85563.161999940872 1.03352368
85563.473999977112 1.04299307
85563.769999980927 0.986317277
85564.065999984741 1.00365961
85564.362999916077 1.06375074
85564.658999919891 1.11214447
85564.971000194550 0.976717591
85565.268000125885 1.05256200
85565.564000129700 1.05798209
85565.860000133514 1.05192697
85566.171999931335 1.04339755
85566.468999862671 1.02654099
85566.764999866486 1.03151131
85567.061999797821 1.00115228
85567.374000072479 0.982944906
85567.670000076294 1.04529929
85567.966000080109 0.940450013
85568.262999534607 1.04826558
85568.574999809265 1.03793466
85568.871000289917 0.950183392
85569.168000221252 0.997464597
85569.463999748230 1.02989340
85569.760000228882 0.959242105
85570.071999549866 0.952284753
85570.369000434875 0.983139336
85570.664999961853 0.913608432
85570.961999893188 1.04035044
85571.274000167847 0.975545943
85571.569999694824 1.06020141
85571.866000175476 0.958477318
85572.163000106812 0.977630496
85572.475000381470 0.982153416
85572.770999908447 0.946605206
85573.067999839783 0.989622056
85573.364000320435 0.959025323
85573.659999847412 0.982232988
85573.972000122070 0.945782602
85574.269000053406 0.879386425
85574.564999580383 0.939292192
85574.862000465393 0.995373011
85575.173999786377 0.950139105
85575.470000267029 1.04562485
85575.765999794006 1.02808392
85576.062999725342 1.01954901
85576.375000000000 1.03578365
85576.670999526978 1.01598978
85576.968000411987 0.965345562
85577.263999938965 1.09799945
85577.559999465942 1.00637043
85577.871999740601 0.993106246
85578.169000625610 0.898318470
85578.465000152588 1.00936282
85578.761999130249 1.04316556
85579.073999404907 1.00490260
85579.370000839233 0.927674055
85579.666000366211 0.928144276
85579.962999343872 0.937398493
85580.274999618530 1.04620719
85580.570999145508 1.04555392
85580.868000030518 1.00863671
85581.163999557495 0.944688141
85581.459999084473 0.932995379
85581.771999359131 0.910941482
85582.069000244141 0.977864265
85582.364999771118 0.968424261
85582.662000656128 0.901990175
85582.974000930786 0.886241496
85583.270000457764 0.960153520
85583.565999984741 0.896418273
85583.863000869751 0.968982220
85584.174999237061 0.925522327
85584.471000671387 0.965421319
85584.767999649048 1.00397038
85585.063999176025 1.01503301
85585.360000610352 0.961204648
85585.672000885010 0.954467535
85585.968999862671 0.969135284
85586.264999389648 1.02413821
85586.562000274658 0.934251428
85586.874000549316 1.00570738
85587.170000076294 1.02285659
85587.465999603271 0.939498901
85587.763000488281 1.03259337
85588.075000762939 1.02563179
85588.371000289917 1.04909348
85588.667999267578 1.06714749
85588.964000701904 1.04576075
85589.275999069214 0.985157490
85589.572000503540 0.960387170
85589.868999481201 0.964917243
85590.165000915527 0.978463531
85590.461999893188 0.959777534
85590.774000167847 1.03463745
85591.069999694824 1.00580812
85591.365999221802 1.00763488
85591.663000106812 1.05815411
85591.975000381470 1.01579881
85592.270999908447 0.956307054
85592.568000793457 0.948889911
85592.863998413086 0.963566363
85593.175998687744 0.959532082
85593.472000122070 1.02087963
85593.769001007080 0.986858726
85594.064998626709 0.953963459
85594.361999511719 0.959623098
85594.673999786377 0.920864403
85594.970001220703 1.01468873
85595.265998840332 0.961496890
85595.562999725342 0.943029225
85595.875000000000 1.01814556
85596.171001434326 1.00712013
85596.467998504639 0.952344656
85596.763999938965 1.00829637
85597.076000213623 0.979680419
85597.372001647949 0.987823308
85597.668998718262 1.00431144
85597.965000152588 1.02350700
85598.262001037598 1.03300500
85598.574001312256 1.00461197
85598.869998931885 1.01771891
85599.166000366211 0.985939443
85599.463001251221 0.972429574
85599.775001525879 1.02050233
85600.070999145508 1.02165544
85600.368000030518 0.963253975
85600.664001464844 1.07675064
85600.976001739502 1.05151188
85601.271999359131 1.04522121
85601.569000244141 1.01659501
85601.865001678467 1.01481545
85602.161998748779 1.12765121
85602.473999023438 1.08706820
85602.770000457764 1.05821466
85603.066001892090 1.06997454
85603.362998962402 1.01020610
85603.674999237061 1.02738237
85603.971000671387 1.01251519
85604.268001556396 0.960413277
85604.563999176025 0.990902722
85604.875999450684 0.916231632
85605.172000885010 0.971094966
85605.469001770020 0.962318182
85605.764999389648 1.01154327
85606.062000274658 1.00886106
85606.374000549316 1.03100729
85606.669998168945 1.00959158
85606.965999603271 0.988174856
85607.263000488281 1.05320776
85607.575000762939 1.01666903
85607.870998382568 1.00992346
85608.167999267578 1.01085281
85608.464000701904 0.957378030
85608.776000976562 1.03370786
85609.071998596191 0.989938319
85609.368999481201 1.03376210
85609.665000915527 0.982314289
85609.962001800537 0.998595953
85610.273998260498 0.982367635
85610.569999694824 1.03296959
85610.866001129150 0.980387509
85611.162998199463 1.04792714
85611.474998474121 1.01137626
85611.770999908447 1.01795173
85612.068000793457 0.983203292
85612.363998413086 1.00084376
85612.675998687744 1.05010259
85612.972000122070 1.05961585
85613.269001007080 1.03570533
85613.564998626709 1.00569558
85613.876998901367 1.00233638
85614.173999786377 0.938219607
85614.470001220703 1.00193906
85614.765998840332 0.972828865
85615.062999725342 1.04536211
85615.375000000000 1.01444602
85615.671001434326 0.982623219
85615.967998504639 1.13174188
85616.263999938965 1.01995099
85616.576000213623 1.05409288
85616.873001098633 1.00622785
85617.168998718262 1.01325917
85617.465000152588 0.979849756
85617.777000427246 0.956833005
85618.074001312256 0.936750889
85618.369998931885 1.04929852
85618.666999816895 1.02560270
85618.963001251221 0.972530723
85619.275001525879 1.02972877
85619.570999145508 1.03902245
85619.868000030518 0.966738403
85620.164000004530 1.04721630
85620.476000010967 1.04679537
85620.773000001907 1.00682318
85621.069000005722 0.960520625
85621.365000009537 0.933426380
85621.677000045776 0.935940444
85621.973999977112 1.00038397
85622.269999980927 0.940740287
85622.566999912262 0.895785749
85622.862999916077 0.934916854
85623.174999952316 0.931328177
85623.470999956131 0.882978618
85623.767999887466 0.871700823
85624.064000129700 0.885516107
85624.375999927521 0.818398178
85624.672999858856 0.849169135
85624.968999862671 0.820480227
85625.264999866486 0.844922364
85625.577000141144 0.847435296
85625.874000072479 0.787088633
85626.170000076294 0.810175359
85626.467000007629 0.808616161
85626.763000011444 0.787157416
85627.074999809265 0.803011239
85627.370999813080 0.767982543
85627.668000221252 0.818662703
85627.964000225067 0.771646202
85628.276000022888 0.791572511
85628.572999954224 0.741612256
85628.869000434875 0.769906282
85629.164999961853 0.741429925
85629.477000236511 0.777417362
85629.774000167847 0.729260445
85630.069999694824 0.763438940
85630.366999626160 0.757580280
85630.663000106812 0.693130851
85630.975000381470 0.769616663
85631.270999908447 0.730501592
85631.567999839783 0.768757880
85631.864000320435 0.692762554
85632.175999641418 0.764958978
85632.472999572754 0.751180291
85632.769000053406 0.743283689
85633.064999580383 0.770232618
85633.376999855042 0.734504938
85633.673999786377 0.721855223
85633.970000267029 0.717351258
85634.267000198364 0.750413060
85634.579000473022 0.706759751
85634.875000000000 0.750912726
85635.170999526978 0.767004490
85635.468000411987 0.709993243
85635.763999938965 0.706167340
85636.076000213623 0.707321882
85636.372999191284 0.737674654
85636.669000625610 0.705328345
85636.965000152588 0.755376577
85637.277000427246 0.772379041
85637.573999404907 0.801379442
85637.870000839233 0.781482399
85638.166999816895 0.720607221
85638.479000091553 0.725838065
85638.774999618530 0.779971957
85639.070999145508 0.725430548
85639.368000030518 0.774813116
85639.663999557495 0.715513229
85639.975999832153 0.716216207
85640.273000717163 0.770132184
85640.569000244141 0.734830201
85640.864999771118 0.716510355
85641.177000045776 0.719025314
85641.474000930786 0.734901190
85641.770000457764 0.744436622
85642.066999435425 0.745366275
85642.378999710083 0.750374079
85642.674999237061 0.779390097
85642.971000671387 0.771713674
85643.267999649048 0.784423292
85643.563999176025 0.793056250
85643.875999450684 0.751174927
85644.173000335693 0.758221745
85644.468999862671 0.751676321
85644.764999389648 0.750114679
85645.076999664307 0.712078094
85645.374000549316 0.760360003
85645.670000076294 0.750868499
85645.966999053955 0.720984042
85646.278999328613 0.773804128
85646.575000762939 0.760913253
85646.871000289917 0.772041619
85647.167999267578 0.695925295
85647.464000701904 0.758948147
85647.775999069214 0.758067846
85648.072999954224 0.704833627
85648.368999481201 0.778062105
85648.665000915527 0.694227338
85648.976999282837 0.756808877
85649.274000167847 0.770887136
85649.569999694824 0.708124340
85649.867000579834 0.712681413
85650.179000854492 0.722000480
85650.475000381470 0.756255388
85650.770999908447 0.774190068
85651.068000793457 0.749731183
85651.364000320435 0.755424082
85651.676000595093 0.726429760
85651.972999572754 0.776108742
85652.269001007080 0.739402652
85652.564998626709 0.753712595
85652.876998901367 0.755099833
85653.173999786377 0.740612388
85653.470001220703 0.742224693
85653.766998291016 0.755629838
85654.078998565674 0.718690336
85654.375000000000 0.704199731
85654.671001434326 0.681089640
85654.967998504639 0.809487760
85655.279998779297 0.742378354
85655.576000213623 0.728340328
85655.873001098633 0.671883464
85656.168998718262 0.707520604
85656.465000152588 0.716845632
85656.777000427246 0.697815418
85657.074001312256 0.671749890
85657.369998931885 0.749363720
85657.666999816895 0.734415412
85657.979000091553 0.780500650
85658.275001525879 0.763510227
85658.570999145508 0.763763547
85658.868000030518 0.761974752
85659.180000305176 0.708902895
85659.476001739502 0.741151452
85659.772998809814 0.742085040
85660.069000244141 0.779102921
85660.365001678467 0.685852349
85660.676998138428 0.713339925
85660.973999023438 0.720854938
85661.270000457764 0.749252319
85661.567001342773 0.704335570
85661.879001617432 0.737956703
85662.174999237061 0.754326761
85662.471000671387 0.746180952
85662.768001556396 0.789794743
85663.080001831055 0.739197314
85663.375999450684 0.768510818
85663.673000335693 0.730167985
85663.969001770020 0.788545787
85664.264999389648 0.730901003
85664.576999664307 0.750001967
85664.874000549316 0.732316911
85665.169998168945 0.753915966
85665.466999053955 0.779377162
85665.778999328613 0.748520970
85666.075000762939 0.745822489
85666.370998382568 0.764699876
85666.667999267578 0.707264960
85666.979999542236 0.732049286
85667.276000976562 0.738662720
85667.573001861572 0.708705783
85667.868999481201 0.730765641
85668.165000915527 0.759414911
85668.477001190186 0.727639496
85668.773998260498 0.735617399
85669.069999694824 0.720422328
85669.367000579834 0.750438929
85669.679000854492 0.782958448
85669.974998474121 0.777761042
85670.270999908447 0.760520399
85670.568000793457 0.762820601
85670.880001068115 0.753533185
85671.175998687744 0.774240553
85671.472999572754 0.714045644
85671.769001007080 0.721798956
85672.064998626709 0.773871541
85672.376998901367 0.748673141
85672.673999786377 0.727789998
85672.970001220703 0.695994794
85673.266998291016 0.742619038
85673.578998565674 0.740147591
85673.875000000000 0.738583803
85674.171001434326 0.745203972
85674.467998504639 0.674300671
85674.779998779297 0.795960665
85675.076000213623 0.681627870
85675.373001098633 0.760778010
85675.668998718262 0.761488676
85675.980998992920 0.787440836
85676.277000427246 0.757454216
85676.574001312256 0.734742403
85676.869998931885 0.706798315
85677.166999816895 0.692270100
85677.479000091553 0.726639628
85677.775001525879 0.750548184
85678.070999145508 0.699173450
85678.368000030518 0.722173154
85678.680000305176 0.710373819
85678.976001739502 0.763402283
85679.272998809814 0.732266307
85679.569000244141 0.744806230
85679.881000518799 0.778961241
85680.177000001073 0.749869883
85680.474000006914 0.727829456
85680.769999980927 0.743784189
85681.067000031471 0.786134362
85681.378999948502 0.763866842
85681.674999952316 0.710193694
85681.970999956131 0.752092481
85682.267999887466 0.730502367
85682.579999923706 0.757386565
85682.875999927521 0.739663899
85683.173000097275 0.761542022
85683.469000101089 0.719464362
85683.780999898911 0.727460384
85684.077000141144 0.719749451
85684.374000072479 0.752329171
85684.670000076294 0.762830019
85684.967000007629 0.735314131
85685.278999805450 0.766761601
85685.574999809265 0.734234869
85685.870999813080 0.774335086
85686.168000221252 0.750686049
85686.480000019073 0.700168431
85686.776000022888 0.744598627
85687.072999954224 0.680412412
85687.368999958038 0.681577921
85687.681000232697 0.728063941
85687.977000236511 0.711012006
85688.274000167847 0.750669062
85688.569999694824 0.700363755
85688.866999626160 0.754373074
85689.178999900818 0.737776816
85689.475000381470 0.762862861
85689.770999908447 0.766310275
85690.067999839783 0.759278953
85690.380000114441 0.762728214
85690.675999641418 0.744304895
85690.972999572754 0.725424528
85691.269000053406 0.799502790
85691.581000328064 0.705205441
85691.876999855042 0.725513577
85692.173999786377 0.710047662
85692.470000267029 0.765223384
85692.767000198364 0.828835726
85693.079000473022 0.800839365
85693.375000000000 0.879500389
85693.670999526978 0.825063586
85693.968000411987 0.799341381
85694.279999732971 0.753788233
85694.576000213623 0.784819603
85694.873000144958 0.787815094
85695.168999671936 0.711934865
85695.480999946594 0.793580532
85695.777000427246 0.823022962
85696.073999404907 0.775406122
85696.370000839233 0.737589478
85696.681999206543 0.766578972
85696.979000091553 0.760682046
85697.274999618530 0.782148302
85697.570999145508 0.822771847
85697.868000030518 0.708780706
85698.180000305176 0.729336977
85698.475999832153 0.761525035
85698.773000717163 0.780259192
85699.069000244141 0.758623123
85699.381000518799 0.761621594
85699.677000045776 0.764162421
85699.974000930786 0.796815217
85700.270000457764 0.792970240
85700.582000732422 0.798480392
85700.878999710083 0.786422133
85701.174999237061 0.831858158
85701.471000671387 0.775536001
85701.767999649048 0.755717337
85702.079999923706 0.764421880
85702.375999450684 0.791381001
85702.673000335693 0.848465681
85702.968999862671 0.819289982
85703.281000137329 0.786462069
85703.576999664307 0.777594149
85703.874000549316 0.789039373
85704.170000076294 0.800257206
85704.482000350952 0.821978033
85704.778999328613 0.851232111
85705.075000762939 0.801730812
85705.371000289917 0.778707325
85705.667999267578 0.816638887
85705.979999542236 0.810967803
85706.275999069214 0.776982367
85706.572999954224 0.732719183
85706.868999481201 0.795773029
85707.180999755859 0.806769907
85707.476999282837 0.780542850
85707.774000167847 0.754770458
85708.069999694824 0.762339532
85708.381999969482 0.831120312
85708.679000854492 0.813112497
85708.975000381470 0.813376009
85709.270999908447 0.764528871
85709.568000793457 0.805908263
85709.879999160767 0.821707606
85710.176000595093 0.743840992
85710.472999572754 0.748214245
85710.768999099731 0.760584295
85711.080999374390 0.801060617
85711.377000808716 0.728891850
85711.673999786377 0.695562422
85711.969999313354 0.792253673
85712.282001495361 0.749099314
85712.578998565674 0.778841615
85712.875000000000 0.722196996
85713.171001434326 0.762454093
85713.467998504639 0.723860502
85713.779998779297 0.721836925
85714.076000213623 0.729183435
85714.373001098633 0.695612371
85714.668998718262 0.778169274
85714.980998992920 0.713736117
85715.277000427246 0.742117286
85715.574001312256 0.778274655
85715.869998931885 0.769620657
85716.181999206543 0.691913605
85716.479000091553 0.785469055
85716.775001525879 0.772012115
85717.070999145508 0.795601308
85717.368000030518 0.795179546
85717.680000305176 0.789956748
85717.976001739502 0.740588963
85718.272998809814 0.771271884
85718.569000244141 0.810878277
85718.881000518799 0.784610450
85719.176998138428 0.865169168
85719.473999023438 0.779648244
85719.770000457764 0.783343852
85720.082000732422 0.763933837
85720.379001617432 0.756189227
85720.674999237061 0.754164100
85720.971000671387 0.787606299
85721.283000946045 0.752632439
85721.580001831055 0.765710831
85721.875999450684 0.731875241
85722.173000335693 0.735112727
85722.469001770020 0.747963190
85722.780998229980 0.785765290
85723.076999664307 0.767718375
85723.374000549316 0.770500422
85723.669998168945 0.779692352
85723.981998443604 0.756150424
85724.278999328613 0.780223787
85724.575000762939 0.708598435
85724.870998382568 0.716644585
85725.182998657227 0.728814781
85725.479999542236 0.738465726
85725.776000976562 0.727508128
85726.073001861572 0.689756393
85726.368999481201 0.722537160
85726.680999755859 0.743184626
85726.977001190186 0.733599603
85727.273998260498 0.714164853
85727.569999694824 0.740539491
85727.881999969482 0.714691103
85728.179000854492 0.776117504
85728.474998474121 0.720485032
85728.770999908447 0.720747709
85729.083000183105 0.708182096
85729.380001068115 0.687365234
85729.675998687744 0.726120770
85729.972999572754 0.740820050
85730.269001007080 0.732376099
85730.581001281738 0.685204327
85730.877998352051 0.719842255
85731.173999786377 0.732481360
85731.470001220703 0.720368445
85731.782001495361 0.789625406
85732.078998565674 0.732128561
85732.375000000000 0.733538568
85732.672000885010 0.722799063
85732.984001159668 0.704265654
85733.279998779297 0.707508743
85733.576000213623 0.776783347
85733.873001098633 0.795392573
85734.168998718262 0.790615201
85734.480998992920 0.764513731
85734.777999877930 0.769366026
85735.074001312256 0.738443196
85735.369998931885 0.695362329
85735.681999206543 0.738974452
85735.979000091553 0.776854992
85736.275001525879 0.774827838
85736.571998596191 0.766607285
85736.883998870850 0.766187310
85737.180000305176 0.728601217
85737.476001739502 0.742401481
85737.772998809814 0.793371022
85738.069000244141 0.726871192
85738.381000518799 0.786107183
85738.678001403809 0.730156004
85738.973999023438 0.691868961
85739.270000457764 0.705212712
85739.582000732422 0.743804574
85739.863998413086 0.707347035
85740.159999996424 0.762007296
85740.456999987364 0.762733102
85740.768999993801 0.730865777
85741.065000057220 0.712537110
85741.360999941826 0.770192862
85741.657999992371 0.775510967
85741.970000028610 0.773255110
85742.266000032425 0.764338553
85742.562999963760 0.732460260
85742.858999967575 0.682897747
85743.154999971390 0.710946620
85743.467000007629 0.720858276
85743.763999938965 0.715841472
85744.059999942780 0.704163671
85744.356999874115 0.745770633
85744.669000148773 0.726515412
85744.965000152588 0.765600920
85745.261000156403 0.726127923
85745.558000087738 0.690786242
85745.869999885559 0.744581103
85746.165999889374 0.708087921
85746.462999820709 0.733626723
85746.758999824524 0.759168029
85747.054999828339 0.730942488
85747.367000102997 0.712597251
85747.664000034332 0.741129100
85747.960000038147 0.761620045
85748.256999969482 0.770391881
85748.569000244141 0.685160935
85748.864999771118 0.711628556
85749.161000251770 0.672587156
85749.458000183105 0.736756861
85749.770000457764 0.714956462
85750.065999984741 0.684415638
85750.362999916077 0.723535419
85750.659000396729 0.727710605
85750.954999923706 0.750051200
85751.267000198364 0.745722175
85751.564000129700 0.727593243
85751.859999656677 0.773854434
85752.156999588013 0.715938032
85752.468999862671 0.706546545
85752.765000343323 0.789615154
85753.060999870300 0.732380629
85753.357999801636 0.715855896
85753.670000076294 0.689899504
85753.965999603271 0.703507960
85754.262999534607 0.706304908
85754.559000015259 0.740392625
85754.854999542236 0.770112216
85755.166999816895 0.747603834
85755.463999748230 0.747182131
85755.760000228882 0.742387831
85756.056999206543 0.719182193
85756.368999481201 0.680325747
85756.665000915527 0.748489022
85756.961000442505 0.786046088
85757.257999420166 0.738668442
85757.569999694824 0.769325197
85757.865999221802 0.761307597
85758.163000106812 0.773318827
85758.458999633789 0.781417131
85758.754999160767 0.758663297
85759.066999435425 0.734988153
85759.364000320435 0.740092516
85759.659999847412 0.769377053
85759.957000732422 0.722206712
85760.268999099731 0.721785843
85760.565000534058 0.764663160
85760.861000061035 0.760096490
85761.158000946045 0.742399931
85761.469999313354 0.790815890
85761.766000747681 0.751694679
85762.062999725342 0.751734257
85762.358999252319 0.749009073
85762.670999526978 0.740525603
85762.966999053955 0.744942546
85763.263999938965 0.676083267
85763.559999465942 0.728890300
85763.857000350952 0.769258559
85764.169000625610 0.745563269
85764.465000152588 0.758279145
85764.760999679565 0.790818751
85765.058000564575 0.710875809
85765.370000839233 0.765778720
85765.666000366211 0.744149685
85765.962999343872 0.762863338
85766.259000778198 0.800945401
85766.570999145508 0.759257793
85766.867000579834 0.803800166
85767.163999557495 0.766717970
85767.459999084473 0.765605927
85767.756999969482 0.721599281
85768.069000244141 0.711031079
85768.364999771118 0.705303192
85768.660999298096 0.801985264
85768.958000183105 0.748744488
85769.270000457764 0.769086778
85769.565999984741 0.742137194
85769.863000869751 0.755788922
85770.159000396729 0.737141609
85770.471000671387 0.743644059
85770.767000198364 0.741146088
85771.063999176025 0.784106851
85771.360000610352 0.726688147
85771.656999588013 0.712880850
85771.968999862671 0.736693442
85772.264999389648 0.766969085
85772.561000823975 0.740235806
85772.858001708984 0.747893691
85773.169998168945 0.741473019
85773.465999603271 0.729970634
85773.763000488281 0.720314085
85774.058998107910 0.701421082
85774.370998382568 0.729169071
85774.666999816895 0.763152540
85774.964000701904 0.730634630
85775.259998321533 0.776399672
85775.556999206543 0.763047576
85775.868999481201 0.720595181
85776.165000915527 0.827806175
85776.460998535156 0.749778688
85776.757999420166 0.697614610
85777.069999694824 0.725145578
85777.366001129150 0.715020597
85777.662998199463 0.773512721
85777.958999633789 0.732428610
85778.270999908447 0.713524222
85778.567001342773 0.757006168
85778.863998413086 0.721922755
85779.159999847412 0.730975866
85779.457000732422 0.753203750
85779.769001007080 0.753016829
85780.064998626709 0.766002715
85780.361000061035 0.765583158
85780.658000946045 0.747363865
85780.970001220703 0.771450698
85781.265998840332 0.731959760
85781.562999725342 0.738937080
85781.859001159668 0.763256609
85782.171001434326 0.788275003
85782.466999053955 0.773056984
85782.763999938965 0.803164363
85783.060001373291 0.820555031
85783.372001647949 0.853677690
85783.668998718262 0.765138328
85783.965000152588 0.785768330
85784.261001586914 0.752039254
85784.557998657227 0.762029469
85784.869998931885 0.772948503
85785.166000366211 0.841013789
85785.463001251221 0.765863597
85785.758998870850 0.821903884
85786.070999145508 0.819639087
85786.367000579834 0.790989757
85786.664001464844 0.833155572
85786.959999084473 0.818853498
85787.271999359131 0.805015147
85787.569000244141 0.861077607
85787.865001678467 0.796079338
85788.160999298096 0.894974947
85788.458000183105 0.823026061
85788.770000457764 0.871927857
85789.066001892090 0.787697494
85789.362998962402 0.907687247
85789.659000396729 0.921633422
85789.971000671387 0.882783830
85790.266998291016 0.919426441
85790.563999176025 0.927817523
85790.860000610352 0.889653683
85791.172000885010 0.924916267
85791.469001770020 0.841345072
85791.764999389648 0.902552307
85792.061000823975 0.868085086
85792.358001708984 0.939727187
85792.669998168945 0.955540419
85792.965999603271 0.912033379
85793.263000488281 0.977434218
85793.558998107910 0.912603140
85793.870998382568 0.970598400
85794.166999816895 0.912017047
85794.464000701904 0.928527117
85794.759998321533 0.905401587
85795.071998596191 0.916816175
85795.368999481201 0.875141442
85795.665000915527 0.869860411
85795.960998535156 0.947118342
85796.257999420166 0.958999336
85796.569999694824 0.944682062
85796.866001129150 0.929896355
85797.162998199463 0.994421721
85797.458999633789 0.921888828
85797.770999908447 1.01240122
85798.067001342773 1.00898170
85798.363998413086 1.01043332
85798.659999847412 0.953890562
85798.972000122070 0.943046451
85799.269001007080 0.948206604
85799.564998626709 1.08422613
85799.861000061035 0.914210260
85800.158000007272 0.838617444
85800.469999998808 0.927781582
85800.765999972820 0.916465104
85801.062999963760 0.952261567
85801.358999967575 0.966012418
85801.671000003815 0.987892210
85801.967000007629 1.03855586
85802.263999938965 1.02724302
85802.559999942780 1.03519797
85802.871999979019 1.02527976
85803.168999910355 0.984940767
85803.464999914169 1.00682688
85803.760999917984 1.00526178
85804.072999954224 0.963059545
85804.369999885559 0.992612720
85804.665999889374 0.986169279
85804.962999820709 1.02594745
85805.258999824524 1.02182817
85805.571000099182 0.894359887
85805.867000102997 0.934836805
85806.164000034332 0.910963595
85806.460000038147 0.958184481
85806.771999835968 1.01749706
85807.068999767303 0.984562099
85807.364999771118 0.964171827
85807.660999774933 0.961441636
85807.973000049591 0.970799863
85808.270000457764 0.976437509
85808.565999984741 0.958598793
85808.862999916077 0.950521410
85809.159000396729 0.930586815
85809.470999717712 1.02364171
85809.767000198364 0.939073741
85810.064000129700 0.947734475
85810.359999656677 0.937561214
85810.671999931335 0.985526085
85810.968999862671 1.05256391
85811.265000343323 0.977507234
85811.560999870300 1.03106260
85811.873000144958 0.996936798
85812.170000076294 0.899299085
85812.465999603271 1.01590312
85812.762999534607 0.983860791
85813.059000015259 0.952745020
85813.371000289917 0.937450528
85813.666999816895 1.02593076
85813.963999748230 0.979220867
85814.260000228882 0.969274640
85814.571999549866 1.00029171
85814.869000434875 1.07110965
85815.164999961853 1.01182163
85815.461000442505 0.961837292
85815.772999763489 1.03336787
85816.069999694824 0.988267839
85816.365999221802 1.02488256
85816.663000106812 1.02098846
85816.958999633789 1.02268219
85817.270999908447 1.00109303
85817.566999435425 1.06938982
85817.864000320435 1.02474105
85818.159999847412 1.02876484
85818.472000122070 1.07215703
85818.768999099731 1.04660118
85819.065000534058 0.976081550
85819.361000061035 1.02273691
85819.673000335693 1.00463200
85819.969999313354 1.01401556
85820.266000747681 0.972136855
85820.562999725342 1.00925016
85820.858999252319 1.00651741
85821.170999526978 0.974189162
85821.466999053955 0.931132078
85821.763999938965 0.981305480
85822.059999465942 1.04943407
85822.371999740601 1.02945602
85822.669000625610 0.983361006
85822.965000152588 0.913478732
85823.260999679565 0.926127732
85823.572999954224 0.977256298
85823.870000839233 0.978717983
85824.166000366211 0.954060197
85824.462999343872 0.960185170
85824.774999618530 0.995235860
85825.070999145508 0.952847123
85825.367000579834 0.895057142
85825.663999557495 0.930807352
85825.959999084473 0.926900923
85826.271999359131 0.879133940
85826.569000244141 0.911623597
85826.864999771118 0.922416091
85827.160999298096 0.916641474
85827.472999572754 0.928139150
85827.770000457764 0.954805851
85828.065999984741 0.918456018
85828.363000869751 0.881634831
85828.674999237061 0.936085939
85828.971000671387 0.864009559
85829.267000198364 0.868501365
85829.563999176025 0.928563058
85829.860000610352 0.933760285
85830.172000885010 0.982161641
85830.468999862671 0.976854503
85830.764999389648 1.01615357
85831.061000823975 0.953158498
85831.372999191284 0.989661813
85831.670000076294 0.980850101
85831.965999603271 1.05356574
85832.263000488281 0.993593931
85832.575000762939 1.08174396
85832.870998382568 0.962651551
85833.166999816895 0.998232186
85833.464000701904 1.06045771
85833.759998321533 1.00210249
85834.071998596191 1.03956628
85834.368999481201 1.04360831
85834.665000915527 0.971916795
85834.960998535156 1.03509641
85835.272998809814 1.07070243
85835.569999694824 1.06025267
85835.866001129150 1.05962110
85836.162998199463 1.07325315
85836.474998474121 1.05742681
85836.770999908447 0.987807631
85837.067001342773 0.973606884
85837.363998413086 1.01062572
85837.659999847412 1.03782547
85837.972000122070 1.06971109
85838.269001007080 1.01925254
85838.564998626709 0.976507425
85838.861000061035 1.00067091
85839.173000335693 1.02039564
85839.470001220703 0.997532070
85839.765998840332 0.997130573
85840.062999725342 0.956242323
85840.375000000000 1.07567286
85840.671001434326 0.935308158
85840.966999053955 0.892768800
85841.263999938965 0.989743054
85841.560001373291 0.933389366
85841.872001647949 1.05098605
85842.168998718262 1.06744671
85842.465000152588 1.09116817
85842.761001586914 0.994060218
85843.073001861572 0.986168385
85843.369998931885 0.956256866
85843.666000366211 1.00855243
85843.963001251221 1.03672910
85844.275001525879 0.980347991
85844.570999145508 0.992362022
85844.867000579834 0.967360735
85845.164001464844 1.01897252
85845.476001739502 0.997019529
85845.771999359131 1.00599182
85846.069000244141 1.07870853
85846.365001678467 1.05722022
85846.660999298096 0.964242935
85846.972999572754 0.980016768
85847.270000457764 0.982662320
85847.566001892090 1.02609885
85847.862998962402 0.960289776
85848.174999237061 0.988025486
85848.471000671387 1.04436791
85848.766998291016 1.00011981
85849.063999176025 1.02973688
85849.375999450684 1.03543997
85849.672000885010 1.06154525
85849.969001770020 0.974362075
85850.264999389648 0.993898809
85850.561000823975 1.02329123
85850.873001098633 1.03650355
85851.169998168945 1.00020814
85851.465999603271 0.970946908
85851.763000488281 1.00410080
85852.075000762939 1.01731575
85852.370998382568 1.01926351
85852.666999816895 1.01862979
85852.964000701904 1.02057838
85853.276000976562 0.973000467
85853.571998596191 1.03246140
85853.868999481201 1.00576913
85854.165000915527 1.02532649
85854.462001800537 0.982193649
85854.773998260498 0.991423786
85855.069999694824 1.03775620
85855.366001129150 0.918286741
85855.662998199463 1.02239943
85855.974998474121 0.980899155
85856.270999908447 0.982611954
85856.568000793457 0.962007701
85856.863998413086 0.998255551
85857.175998687744 0.981177390
85857.472000122070 1.05784726
85857.769001007080 1.00152421
85858.064998626709 1.01780987
85858.361999511719 0.947374880
85858.673999786377 1.00173926
85858.970001220703 1.03424752
85859.265998840332 0.976962507
85859.562999725342 1.09739733
85859.875000000000 0.933844507
85860.171000003815 1.04676962
85860.467999994755 1.01768649
85860.763999998569 1.01540685
85861.075999975204 1.04346824
85861.371999979019 1.02261007
85861.669000029564 0.927894115
85861.965000033379 0.963949203
85862.262000083923 0.913205802
85862.573999881744 1.01537645
85862.869999885559 0.990038812
85863.165999889374 0.965638876
85863.463000059128 1.02335858
85863.775000095367 1.01519895
85864.071000099182 1.03080404
85864.368000030518 1.04146898
85864.664000034332 1.10015225
85864.975999832153 1.01643455
85865.271999835968 1.06688535
85865.568999767303 1.06719744
85865.864999771118 1.08328414
85866.162000179291 1.05651939
85866.473999977112 0.981481194
85866.769999980927 1.01569867
85867.065999984741 1.02189505
85867.362999916077 1.02738607
85867.675000190735 1.03217494
85867.971000194550 1.06829095
85868.267999649048 1.04693019
85868.564000129700 1.07221484
85868.876000404358 1.01904690
85869.171999931335 1.06200612
85869.468999862671 0.981961489
85869.765000343323 0.974491179
85870.076999664307 1.02853787
85870.373999595642 0.963794112
85870.670000076294 1.00134373
85870.965999603271 1.04290640
85871.262999534607 0.979799926
85871.574999809265 1.01524115
85871.871000289917 1.02969825
85872.168000221252 1.03661191
85872.463999748230 0.985513449
85872.776000022888 1.00186241
85873.071999549866 0.996510744
85873.369000434875 1.04682577
85873.664999961853 1.00774384
85873.977000236511 1.02669466
85874.274000167847 1.05460989
85874.569999694824 0.982251167
85874.866000175476 1.03163993
85875.163000106812 1.01920891
85875.475000381470 1.01503980
85875.770999908447 1.01535046
85876.068000793457 1.05484343
85876.364000320435 1.02399814
85876.676000595093 1.05287838
85876.972000122070 1.07987022
85877.268999099731 1.06554770
85877.565000534058 1.05641758
85877.877000808716 1.05838907
85878.173999786377 1.06082928
85878.469999313354 1.06232488
85878.766000747681 1.14625275
85879.062999725342 1.11397696
85879.375000000000 1.00539804
85879.670999526978 0.998148978
85879.968000411987 1.12131798
85880.263999938965 1.13061643
85880.576000213623 1.06713998
85880.871999740601 1.02539098
85881.169000625610 1.01246905
85881.465000152588 0.983709335
85881.777000427246 1.06462657
85882.073999404907 0.961167037
85882.370000839233 1.02506936
85882.666000366211 0.972186506
85882.962999343872 0.994248927
85883.274999618530 0.964296699
85883.570999145508 1.00575328
85883.868000030518 0.990220129
85884.163999557495 0.974211395
85884.475999832153 1.05163562
85884.771999359131 1.04367197
85885.069000244141 1.01205039
85885.364999771118 0.998877704
85885.677000045776 1.10235465
85885.974000930786 1.07286000
85886.270000457764 1.09565878
85886.565999984741 1.03681302
85886.863000869751 1.12706661
85887.174999237061 1.07318938
85887.471000671387 1.03468597
85887.767999649048 1.01487911
85888.063999176025 1.02276897
85888.375999450684 0.990413189
85888.672000885010 1.03476799
85888.968999862671 0.967357039
85889.264999389648 1.04581976
85889.576999664307 1.05679858
85889.874000549316 1.10235703
85890.170000076294 1.06075025
85890.465999603271 0.990946233
85890.777999877930 1.05831063
85891.075000762939 1.04891443
85891.371000289917 1.02411461
85891.667999267578 1.05594754
85891.964000701904 1.01550317
85892.276000976562 1.08526611
85892.571998596191 1.05524695
85892.868999481201 1.11577499
85893.165000915527 1.08599067
85893.477001190186 1.11524010
85893.773998260498 1.08070934
85894.069999694824 1.05352390
85894.366001129150 1.05147088
85894.678001403809 1.06412578
85894.974998474121 1.07559276
85895.270999908447 1.04246867
85895.568000793457 1.06342435
85895.863998413086 1.02270293
85896.175998687744 1.01258469
85896.472000122070 1.01906955
85896.769001007080 1.06565714
85897.064998626709 1.02516067
85897.376998901367 1.06179273
85897.673999786377 1.06543577
85897.970001220703 0.953958452
85898.265998840332 0.970649421
85898.577999114990 1.01037502
85898.875000000000 0.958934247
85899.171001434326 0.982752800
85899.467998504639 1.06475210
85899.763999938965 0.974832594
85900.076000213623 1.04544866
85900.372001647949 0.987102509
85900.668998718262 1.04608786
85900.965000152588 0.985357106
85901.277000427246 0.936261714
85901.574001312256 0.898321390
85901.869998931885 1.03406560
85902.166000366211 1.02440429
85902.478000640869 1.02235043
85902.775001525879 0.900271893
85903.070999145508 0.952870786
85903.368000030518 1.03043699
85903.664001464844 1.05191314
85903.976001739502 0.994705379
85904.271999359131 0.913708210
85904.569000244141 0.984400809
85904.865001678467 1.02157509
85905.176998138428 0.957449913
85905.473999023438 1.01365530
85905.770000457764 0.914788306
85906.066001892090 0.944595098
85906.377998352051 0.966322541
85906.674999237061 0.988525510
85906.971000671387 1.03904557
85907.268001556396 0.996773541
85907.563999176025 0.954732478
85907.875999450684 0.937677503
85908.172000885010 0.916569650
85908.469001770020 0.917833269
85908.764999389648 0.924571931
85909.076999664307 0.969406426
85909.374000549316 0.972341359
85909.669998168945 1.00170612
85909.965999603271 0.961067319
85910.277999877930 1.01973200
85910.575000762939 0.969085455
85910.870998382568 0.972497880
85911.167999267578 1.09977591
85911.479999542236 1.03626406
85911.776000976562 1.01180875
85912.071998596191 0.988540828
85912.368999481201 0.959550738
85912.665000915527 1.02825820
85912.977001190186 0.952798665
85913.273998260498 0.954544365
85913.569999694824 0.975120306
85913.866001129150 1.00976396
85914.178001403809 0.905432224
85914.474998474121 0.979891837
85914.770999908447 1.02837384
85915.068000793457 0.967174590
85915.380001068115 1.02783024
85915.675998687744 1.04794741
85915.972000122070 0.995321035
85916.269001007080 0.997072101
85916.564998626709 0.989519656
85916.876998901367 0.983401835
85917.173999786377 1.11470878
85917.470001220703 1.06254363
85917.765998840332 1.05761909
85918.077999114990 0.993035376
85918.375000000000 1.01006269
85918.671001434326 1.00632632
85918.967998504639 1.08279693
85919.279998779297 0.906705976
85919.576000213623 1.03713906
85919.872001647949 0.981112897
85920.168999999762 0.914571047
85920.465000003576 0.950467944
85920.777000010014 0.916158676
85921.074000000954 0.851983368
85921.370000004768 0.873074293
85921.666000008583 0.902291000
85921.978000044823 0.843119442
85922.275000095367 0.870666444
85922.571000099182 0.854489803
85922.868000030518 0.858384252
85923.180000066757 0.995879591
85923.476000070572 0.858291328
85923.772000074387 0.955170333
85924.068999767303 0.912459671
85924.364999771118 0.972542346
85924.677000045776 0.987212181
85924.973999977112 1.01024938
85925.269999980927 0.983311474
85925.565999984741 1.01209164
85925.877999782562 0.971760333
85926.175000190735 0.911565006
85926.471000194550 0.951589644
85926.768000125885 0.953344047
85927.079999923706 0.998168588
85927.375999927521 1.01141214
85927.671999931335 1.03255475
85927.968999862671 0.983582079
85928.265000343323 0.998742640
85928.576999664307 1.04789889
85928.873999595642 1.01782572
85929.170000076294 1.02437496
85929.465999603271 1.05486691
