85550.100000000006 1.09376395
85550.300000000003 1.08403170
85550.500000000000 0.964102507
85550.699999999997 0.973215401
85550.899999999994 0.955142200
85551.100000000006 0.862158418
85551.300000000003 1.00647497
85551.500000000000 1.01382899
85551.699999999997 0.986285210
85551.899999999994 0.996333599
85552.100000000006 1.07245004
85552.300000000003 1.12288105
85552.500000000000 1.08538258
85552.699999999997 1.13374805
85552.899999999994 0.985540688
85553.100000000006 1.04619992
85553.300000000003 1.04559970
85553.500000000000 0.807740092
85553.699999999997 1.06650198
85553.899999999994 1.02274466
85554.100000000006 1.03043699
85554.300000000003 1.08583534
85554.399999999994 0.900220335
85554.699999999997 1.01756871
85554.899999999994 0.951903522
85555.100000000006 1.03322721
85555.300000000003 0.948815823
85555.500000000000 0.944989145
85555.600000000006 1.01511753
85555.899999999994 0.986186147
85556.000000000000 0.933978558
85556.199999999997 1.12377763
85556.399999999994 0.886800110
85556.699999999997 1.03805530
85556.800000000003 1.01433861
85557.000000000000 1.04234123
85557.199999999997 0.954673588
85557.399999999994 1.00989163
85557.600000000006 1.08872712
85557.800000000003 0.885149360
85558.000000000000 0.916410625
85558.199999999997 0.981742918
85558.399999999994 0.937972844
85558.600000000006 1.02266312
85558.800000000003 1.06429636
85559.000000000000 0.994295776
85559.199999999997 0.994534194
85559.399999999994 1.03753817
85559.600000000006 1.05692494
85559.800000000003 0.994684696
85560.000000000000 1.02805758
85560.199999999997 0.961623669
85560.399999999994 0.993157387
85560.600000000006 0.951082706
85560.800000000003 1.01975083
85561.000000000000 0.946607232
85561.199999999997 0.990997195
85561.399999999994 0.884914160
85561.600000000006 0.986844063
85561.800000000003 0.990986049
85562.000000000000 0.920602262
85562.199999999997 0.951667190
85562.399999999994 0.976860166
85562.600000000006 1.02928185
85562.800000000003 0.968916297
85563.000000000000 0.915519595
85563.199999999997 1.00358987
85563.399999999994 0.964775562
85563.600000000006 0.855470836
85563.800000000003 0.900213599
85564.000000000000 0.912065983
85564.199999999997 1.04434800
85564.399999999994 1.07805634
85564.600000000006 0.958010375
85564.800000000003 1.06469190
85565.100000000006 1.18746817
85565.300000000003 0.939060330
85565.500000000000 0.891811728
85565.600000000006 0.945361435
85565.899999999994 1.03960252
85566.100000000006 0.951642513
85566.300000000003 1.07007933
85566.500000000000 0.947682977
85566.699999999997 0.972502530
85566.800000000003 0.971484363
85567.100000000006 0.863668919
85567.300000000003 1.13257492
85567.500000000000 0.953195751
85567.699999999997 1.08179045
85567.800000000003 1.05291688
85568.100000000006 1.08244264
85568.300000000003 0.996083081
85568.500000000000 0.960417628
85568.699999999997 1.02628410
85568.899999999994 0.943345129
85569.000000000000 1.05321276
85569.300000000003 0.916482747
85569.500000000000 0.901850104
85569.699999999997 1.12054992
85569.899999999994 1.03887022
85570.100000000006 0.883451939
85570.300000000003 0.897705615
85570.500000000000 1.08056450
85570.699999999997 1.00283778
85570.899999999994 1.02952540
85571.100000000006 0.972830653
85571.300000000003 0.961827040
85571.500000000000 1.05326831
85571.699999999997 0.959673464
85571.899999999994 1.04832375
85572.100000000006 1.07005930
85572.300000000003 1.05200768
85572.500000000000 0.984299242
85572.699999999997 1.09051061
85572.899999999994 1.08837688
85573.100000000006 0.994962215
85573.300000000003 1.02289009
85573.399999999994 1.12616682
85573.699999999997 1.07855165
85573.899999999994 0.945369303
85574.100000000006 0.973022759
85574.300000000003 0.967099667
85574.500000000000 0.995817125
85574.600000000006 1.10559011
85574.899999999994 0.990324795
85575.100000000006 1.00694668
85575.300000000003 1.11531234
85575.500000000000 1.15599430
85575.699999999997 1.08982217
85575.800000000003 1.00431764
85576.100000000006 0.988071322
85576.300000000003 1.04521775
85576.500000000000 0.949585021
85576.699999999997 0.893478096
85576.899999999994 0.988471687
85577.000000000000 1.11521888
85577.300000000003 1.06117332
85577.500000000000 1.08306682
85577.699999999997 0.969956458
85577.899999999994 1.01902175
85578.100000000006 0.986378849
85578.300000000003 0.953413725
85578.500000000000 1.08358872
85578.699999999997 0.984767914
85578.899999999994 0.970814764
85579.100000000006 0.893909514
85579.300000000003 1.00584471
85579.500000000000 1.07414484
85579.699999999997 1.07544565
85579.899999999994 0.943314016
85580.100000000006 0.966641665
85580.300000000003 0.917924404
85580.500000000000 0.980644107
85580.699999999997 1.01575816
85580.899999999994 0.945692718
85581.100000000006 1.05604231
85581.199999999997 1.05745852
85581.500000000000 1.04597008
85581.699999999997 1.10252774
85581.899999999994 1.05352151
85582.100000000006 1.09632480
85582.300000000003 0.984500885
85582.399999999994 1.04447854
85582.600000000006 1.04681110
85582.899999999994 0.963992536
85583.100000000006 0.993670702
85583.300000000003 1.12166870
85583.399999999994 0.989067733
85583.699999999997 0.965294361
85583.800000000003 0.990073085
85584.100000000006 0.996256471
85584.300000000003 1.06179082
85584.500000000000 1.10770297
85584.699999999997 1.02382660
85584.899999999994 0.975082278
85585.100000000006 0.875681400
85585.300000000003 0.997224092
85585.500000000000 0.972035527
85585.699999999997 1.00774121
85585.899999999994 0.911486030
85586.100000000006 1.10496283
85586.300000000003 0.950491488
85586.500000000000 1.02888739
85586.699999999997 0.953576446
85586.800000000003 0.924473941
85587.100000000006 0.922354400
85587.300000000003 0.895184398
85587.500000000000 1.02589273
85587.699999999997 1.06412709
85587.899999999994 1.03816581
85588.000000000000 1.00227690
85588.199999999997 0.918457150
85588.500000000000 0.930556357
85588.699999999997 0.940497756
85588.899999999994 1.02091956
85589.000000000000 1.00332892
85589.199999999997 0.947416425
85589.399999999994 1.06680071
85589.699999999997 1.00121331
85589.899999999994 0.959600747
85590.100000000006 0.940283120
85590.199999999997 1.06879139
85590.500000000000 1.02890098
85590.600000000006 0.958646595
85590.899999999994 0.990314007
85591.100000000006 0.919251919
85591.300000000003 0.934689343
85591.399999999994 0.895676851
85591.699999999997 0.937644482
85591.899999999994 1.03566170
85592.100000000006 1.02222812
85592.300000000003 0.982568622
85592.399999999994 1.00659955
85592.600000000006 1.02666199
85592.899999999994 0.952215254
85593.100000000006 0.997342646
85593.300000000003 1.00965154
85593.500000000000 1.00674415
85593.600000000006 1.02284372
85593.800000000003 1.04371119
85594.100000000006 1.07746994
85594.300000000003 0.933010876
85594.500000000000 1.05593920
85594.600000000006 1.03196824
85594.800000000003 0.979320228
85595.000000000000 0.940921247
85595.300000000003 0.862176895
85595.500000000000 1.04520500
85595.699999999997 1.00226116
85595.899999999994 0.978691161
85596.000000000000 0.940312386
85596.199999999997 0.957568347
85596.500000000000 0.897152007
85596.699999999997 1.05767357
85596.800000000003 0.988124847
85597.100000000006 1.05240631
85597.300000000003 1.01982760
85597.500000000000 0.943266571
85597.699999999997 1.00095832
85597.899999999994 1.02032423
85598.100000000006 0.961122036
85598.300000000003 1.05418801
85598.500000000000 0.901350856
85598.699999999997 1.04901767
85598.899999999994 0.940485418
85599.100000000006 0.924186230
85599.300000000003 0.921150565
85599.500000000000 0.919565380
85599.699999999997 0.928922713
85599.899999999994 0.927627563
85600.100000000006 1.05235517
85600.199999999997 0.989388943
85600.500000000000 0.933862388
85600.699999999997 0.943380475
85600.899999999994 1.10014141
85601.100000000006 1.03980005
85601.300000000003 1.03984165
85601.399999999994 0.983903885
85601.699999999997 0.950150251
85601.899999999994 1.03052330
85602.100000000006 1.05236769
85602.300000000003 1.11061406
85602.500000000000 1.01459837
85602.699999999997 0.984313250
85602.899999999994 0.996311724
85603.100000000006 1.03404379
85603.300000000003 0.904063284
85603.500000000000 1.15496325
85603.699999999997 1.05058801
85603.899999999994 1.02073896
85604.100000000006 0.948914945
85604.300000000003 1.11999893
85604.500000000000 0.941860795
85604.699999999997 1.10395145
85604.899999999994 1.00599360
85605.100000000006 0.903090477
85605.300000000003 1.05194962
85605.500000000000 0.988007724
85605.699999999997 1.02401245
85605.800000000003 1.07244289
85606.000000000000 0.915743351
85606.300000000003 0.967163980
85606.500000000000 1.00806582
85606.699999999997 1.01904726
85606.899999999994 1.04438412
85607.000000000000 0.944874287
85607.199999999997 0.929803431
85607.500000000000 0.916034579
85607.699999999997 0.971773624
85607.899999999994 1.04310751
85608.000000000000 0.979335785
85608.199999999997 0.933460653
85608.399999999994 0.978178263
85608.699999999997 0.929481149
85608.899999999994 1.03893077
85609.100000000006 0.984517992
85609.199999999997 0.988912702
85609.399999999994 0.937996805
85609.600000000006 1.01465917
85609.899999999994 0.958987892
85610.100000000006 1.00273597
85610.199999999997 0.972945035
85610.399999999994 0.962128401
85610.699999999997 1.04253769
85610.800000000003 0.990870416
85611.100000000006 1.03255105
85611.300000000003 1.02371573
85611.399999999994 1.12579644
85611.600000000006 0.986685812
85611.899999999994 0.899670541
85612.100000000006 1.03628337
85612.300000000003 1.08154142
85612.500000000000 0.903468788
85612.600000000006 1.06754744
85612.800000000003 0.963156879
85613.100000000006 1.11459649
85613.300000000003 1.01212430
85613.500000000000 1.17047513
85613.600000000006 1.02015102
85613.800000000003 0.953650296
85614.000000000000 0.922168732
85614.300000000003 0.989343226
85614.500000000000 0.975773454
85614.699999999997 0.949865639
85614.800000000003 0.971832454
85615.000000000000 1.06545615
85615.199999999997 0.962524235
85615.500000000000 0.967941523
85615.699999999997 0.988695860
85615.800000000003 0.977111459
85616.000000000000 1.03921103
85616.199999999997 1.05276489
85616.399999999994 1.02260590
85616.699999999997 0.959136248
85616.899999999994 1.09981501
85617.000000000000 1.07367086
85617.199999999997 0.872291625
85617.500000000000 1.09808278
85617.600000000006 0.987304449
85617.899999999994 0.952151179
85618.100000000006 1.02202475
85618.199999999997 0.952156365
85618.399999999994 1.07677031
85618.699999999997 0.955810070
85618.899999999994 0.955110252
85619.100000000006 0.926517129
85619.199999999997 1.11934996
85619.399999999994 1.01430798
85619.600000000006 0.955793023
85619.899999999994 0.912107468
85620.100000000006 1.15279126
85620.300000000003 0.950130701
85620.399999999994 1.00006509
85620.600000000006 0.992134213
85620.800000000003 0.955361962
85621.100000000006 1.00427282
85621.300000000003 0.923426509
85621.399999999994 0.941989899
85621.600000000006 1.03016305
85621.800000000003 0.928512990
85622.100000000006 0.916811347
85622.300000000003 0.947978854
85622.500000000000 1.03986835
85622.699999999997 0.991536856
85622.899999999994 1.02077067
85623.100000000006 0.927289665
85623.300000000003 0.929407716
85623.500000000000 0.931123197
85623.699999999997 1.03403807
85623.899999999994 0.868601799
85624.100000000006 0.960019052
85624.300000000003 0.915748656
85624.500000000000 0.839518070
85624.699999999997 0.837224901
85624.899999999994 0.878597617
85625.100000000006 0.833958983
85625.300000000003 0.730424702
85625.500000000000 0.789137542
85625.699999999997 0.713877618
85625.899999999994 0.782781124
85626.100000000006 0.683887422
85626.300000000003 0.732455671
85626.500000000000 0.725430131
85626.699999999997 0.699905992
85626.899999999994 0.749293983
85627.000000000000 0.604088724
85627.300000000003 0.716020286
85627.500000000000 0.636918724
85627.699999999997 0.622713983
85627.899999999994 0.608477354
85628.100000000006 0.683814883
85628.300000000003 0.607694447
85628.500000000000 0.502066553
85628.699999999997 0.651311100
85628.899999999994 0.507869661
85629.100000000006 0.661377668
85629.300000000003 0.642553508
85629.500000000000 0.625307262
85629.699999999997 0.521841586
85629.899999999994 0.521370351
85630.100000000006 0.499907970
85630.300000000003 0.502189577
85630.399999999994 0.435190469
85630.699999999997 0.487790227
85630.899999999994 0.363710731
85631.100000000006 0.498212665
85631.300000000003 0.398103148
85631.500000000000 0.439065456
85631.600000000006 0.488447577
85631.899999999994 0.558025479
85632.000000000000 0.441792399
85632.199999999997 0.477972567
85632.399999999994 0.432111174
85632.600000000006 0.526815057
85632.800000000003 0.479972154
85633.000000000000 0.395192981
85633.199999999997 0.396557659
85633.399999999994 0.501285851
85633.699999999997 0.445139915
85633.800000000003 0.456694126
85634.000000000000 0.410562426
85634.199999999997 0.430966884
85634.399999999994 0.467481613
85634.600000000006 0.404274851
85634.800000000003 0.461003512
85635.000000000000 0.504920304
85635.199999999997 0.420503020
85635.399999999994 0.396712631
85635.600000000006 0.415249050
85635.800000000003 0.440045536
85636.000000000000 0.473065287
85636.199999999997 0.376533777
85636.399999999994 0.410840929
85636.600000000006 0.418851554
85636.800000000003 0.467367679
85637.000000000000 0.351238757
85637.199999999997 0.467970878
85637.399999999994 0.485797048
85637.600000000006 0.369027346
85637.800000000003 0.401851922
85638.000000000000 0.444492012
85638.199999999997 0.383065552
85638.399999999994 0.387165487
85638.600000000006 0.446298331
85638.800000000003 0.343760043
85639.000000000000 0.338285923
85639.199999999997 0.444258720
85639.399999999994 0.371620208
85639.600000000006 0.453020126
85639.800000000003 0.480981529
85640.000000000000 0.348150104
85640.199999999997 0.355033576
85640.399999999994 0.394692689
85640.600000000006 0.368928879
85640.800000000003 0.342795491
85641.000000000000 0.387312710
85641.199999999997 0.423382044
85641.399999999994 0.426821291
85641.600000000006 0.390729010
85641.800000000003 0.376196891
85642.100000000006 0.481445521
85642.300000000003 0.328565329
85642.500000000000 0.418755203
85642.699999999997 0.414503962
85642.899999999994 0.308928370
85643.100000000006 0.404650241
85643.300000000003 0.314891279
85643.500000000000 0.449527889
85643.699999999997 0.447207034
85643.899999999994 0.459718972
85644.100000000006 0.380274892
85644.300000000003 0.321472257
85644.500000000000 0.358694851
85644.699999999997 0.289147437
85644.899999999994 0.364752829
85645.100000000006 0.401201785
85645.300000000003 0.426695108
85645.500000000000 0.420948237
85645.699999999997 0.380969971
85645.899999999994 0.341153324
85646.000000000000 0.417270601
85646.300000000003 0.473838240
85646.500000000000 0.370178044
85646.699999999997 0.367745608
85646.899999999994 0.426051289
85647.100000000006 0.391592801
85647.199999999997 0.356091172
85647.500000000000 0.390201986
85647.699999999997 0.309211850
85647.899999999994 0.340396762
85648.100000000006 0.310058355
85648.300000000003 0.325769603
85648.500000000000 0.351163179
85648.699999999997 0.402354807
85648.899999999994 0.385462970
85649.100000000006 0.341374099
85649.300000000003 0.324434906
85649.500000000000 0.449430943
85649.699999999997 0.298583001
85649.899999999994 0.434304148
85650.100000000006 0.309497356
85650.300000000003 0.421011358
85650.500000000000 0.347622842
85650.699999999997 0.413653433
85650.899999999994 0.391520292
85651.100000000006 0.308549374
85651.300000000003 0.397993535
85651.500000000000 0.388597876
85651.600000000006 0.347684354
85651.899999999994 0.379359454
85652.100000000006 0.413849890
85652.300000000003 0.461349159
85652.500000000000 0.383882940
85652.699999999997 0.399541736
85652.800000000003 0.434450805
85653.100000000006 0.335662365
85653.300000000003 0.404852271
85653.500000000000 0.440385193
85653.699999999997 0.287734091
85653.899999999994 0.399372935
85654.000000000000 0.353029311
85654.300000000003 0.388093203
85654.500000000000 0.195443526
85654.699999999997 0.351424962
85654.899999999994 0.415399522
85655.100000000006 0.302248925
85655.300000000003 0.425343752
85655.500000000000 0.354336977
85655.699999999997 0.430592686
85655.899999999994 0.417227358
85656.100000000006 0.412528336
85656.300000000003 0.332713932
85656.500000000000 0.438019007
85656.699999999997 0.348189712
85656.899999999994 0.364311665
85657.100000000006 0.418873698
85657.300000000003 0.345944256
85657.500000000000 0.264736742
85657.699999999997 0.287402064
85657.899999999994 0.447552890
85658.100000000006 0.385959953
85658.300000000003 0.418638736
85658.500000000000 0.416689187
85658.699999999997 0.323991776
85658.899999999994 0.451227069
85659.100000000006 0.419875175
85659.300000000003 0.368590593
85659.399999999994 0.380966574
85659.699999999997 0.370286822
85659.899999999994 0.408026576
85660.100000000006 0.463833392
85660.300000000003 0.411361486
85660.500000000000 0.440933853
85660.699999999997 0.406064421
85660.899999999994 0.374105126
85661.100000000006 0.348061651
85661.300000000003 0.413252532
85661.500000000000 0.333877504
85661.699999999997 0.340303272
85661.899999999994 0.494296014
85662.100000000006 0.459685743
85662.300000000003 0.406705052
85662.500000000000 0.438894123
85662.699999999997 0.388293475
85662.899999999994 0.433934480
85663.100000000006 0.354164153
85663.300000000003 0.362758815
85663.500000000000 0.410504043
85663.699999999997 0.346438408
85663.899999999994 0.292820543
85664.100000000006 0.419410318
85664.300000000003 0.349898547
85664.500000000000 0.356789172
85664.699999999997 0.284644008
85664.899999999994 0.353229880
85665.000000000000 0.352713704
85665.300000000003 0.399793565
85665.500000000000 0.301489085
85665.699999999997 0.387218267
85665.899999999994 0.378198981
85666.100000000006 0.436334193
85666.199999999997 0.517498195
85666.500000000000 0.352058202
85666.699999999997 0.332868040
85666.899999999994 0.285541892
85667.100000000006 0.387381464
85667.300000000003 0.368769974
85667.500000000000 0.308558255
85667.699999999997 0.314435780
85667.899999999994 0.350086927
85668.100000000006 0.368400246
85668.300000000003 0.347428054
85668.500000000000 0.416819066
85668.699999999997 0.376437664
85668.899999999994 0.429358125
85669.100000000006 0.378164500
85669.300000000003 0.336804807
85669.500000000000 0.365640312
85669.600000000006 0.413757056
85669.899999999994 0.292884886
85670.100000000006 0.339890480
85670.300000000003 0.360322297
85670.500000000000 0.405446410
85670.600000000006 0.348235011
85670.800000000003 0.355685383
85671.100000000006 0.378057957
85671.300000000003 0.390038073
85671.500000000000 0.337903887
85671.699999999997 0.354012728
85671.800000000003 0.275568366
85672.000000000000 0.285541117
85672.300000000003 0.339398593
85672.500000000000 0.348197669
85672.699999999997 0.404094905
85672.899999999994 0.362823516
85673.000000000000 0.413661748
85673.199999999997 0.382141232
85673.500000000000 0.425536454
85673.699999999997 0.489878535
85673.899999999994 0.359766990
85674.100000000006 0.410342991
85674.199999999997 0.394647896
85674.500000000000 0.388858795
85674.699999999997 0.289111048
85674.899999999994 0.432312399
85675.000000000000 0.302276433
85675.300000000003 0.369519323
85675.500000000000 0.405812889
85675.699999999997 0.387402505
85675.899999999994 0.376541048
85676.100000000006 0.393303782
85676.199999999997 0.351897955
85676.500000000000 0.365028948
85676.699999999997 0.383397192
85676.899999999994 0.359688640
85677.100000000006 0.414752454
85677.300000000003 0.381360322
85677.500000000000 0.446780711
85677.699999999997 0.436128408
85677.899999999994 0.385875493
85678.100000000006 0.359920353
85678.300000000003 0.364300072
85678.399999999994 0.311418056
85678.699999999997 0.388266087
85678.899999999994 0.338899821
85679.100000000006 0.343889743
85679.300000000003 0.314982325
85679.500000000000 0.377264619
85679.600000000006 0.428099275
85679.899999999994 0.331830859
85680.100000000006 0.446856827
85680.300000000003 0.362779856
85680.500000000000 0.372200578
85680.699999999997 0.395638019
85680.899999999994 0.452021629
85681.100000000006 0.363998860
85681.300000000003 0.374430597
85681.500000000000 0.375357330
85681.699999999997 0.365655541
85681.899999999994 0.419194371
85682.100000000006 0.269382536
85682.300000000003 0.329070121
85682.500000000000 0.355315030
85682.699999999997 0.308336288
85682.899999999994 0.388843238
85683.100000000006 0.310496092
85683.300000000003 0.327123880
85683.500000000000 0.499918610
85683.699999999997 0.316520840
85683.899999999994 0.369572163
85684.100000000006 0.353129625
85684.300000000003 0.456761003
85684.500000000000 0.386654526
85684.699999999997 0.365412742
85684.899999999994 0.429327458
85685.100000000006 0.401921749
85685.300000000003 0.327485412
85685.500000000000 0.417369455
85685.699999999997 0.421441376
85685.899999999994 0.421468288
85686.100000000006 0.438252330
85686.300000000003 0.320483327
85686.500000000000 0.317477942
85686.699999999997 0.348868340
85686.899999999994 0.410929620
85687.100000000006 0.379097670
85687.300000000003 0.359448195
85687.500000000000 0.426755220
85687.699999999997 0.416638881
85687.899999999994 0.384696096
85688.100000000006 0.391303450
85688.300000000003 0.435480565
85688.399999999994 0.353052437
85688.699999999997 0.355774045
85688.899999999994 0.388315111
85689.100000000006 0.367480129
85689.300000000003 0.356675446
85689.500000000000 0.331877649
85689.600000000006 0.373438269
85689.899999999994 0.384054422
85690.100000000006 0.395346582
85690.300000000003 0.373935372
85690.500000000000 0.413565427
85690.699999999997 0.447449923
85690.800000000003 0.367601424
85691.100000000006 0.431745827
85691.300000000003 0.365808785
85691.500000000000 0.426375747
85691.699999999997 0.276138693
85691.800000000003 0.399764806
85692.000000000000 0.408953488
85692.300000000003 0.303869367
85692.500000000000 0.399345934
85692.699999999997 0.330077916
85692.899999999994 0.325453043
85693.100000000006 0.387650788
85693.199999999997 0.350699633
85693.500000000000 0.438562691
85693.699999999997 0.421471059
85693.899999999994 0.447840363
85694.000000000000 0.334093362
85694.300000000003 0.435010850
85694.500000000000 0.362622023
85694.699999999997 0.448106140
85694.899999999994 0.384028733
85695.100000000006 0.348346919
85695.199999999997 0.384454459
85695.500000000000 0.392178953
85695.699999999997 0.412578195
85695.899999999994 0.325871617
85696.100000000006 0.337047786
85696.300000000003 0.432725132
85696.500000000000 0.261232525
85696.699999999997 0.385908872
85696.899999999994 0.421432227
85697.100000000006 0.337635398
85697.300000000003 0.419865429
85697.399999999994 0.338077903
85697.699999999997 0.372138262
85697.899999999994 0.389214784
85698.100000000006 0.482089460
85698.300000000003 0.351610512
85698.500000000000 0.372808427
85698.699999999997 0.331938684
85698.899999999994 0.459354639
85699.100000000006 0.371206015
85699.300000000003 0.421542466
85699.500000000000 0.341655791
85699.699999999997 0.400234282
85699.899999999994 0.415495962
85700.100000000006 0.413133115
85700.300000000003 0.288461298
85700.500000000000 0.398625523
85700.699999999997 0.494162083
85700.899999999994 0.507256687
85701.100000000006 0.359563291
85701.300000000003 0.423138291
85701.500000000000 0.466876268
85701.699999999997 0.438488394
85701.899999999994 0.410582304
85702.100000000006 0.381682843
85702.300000000003 0.404590607
85702.500000000000 0.396375805
85702.699999999997 0.419859946
85702.899999999994 0.393495172
85703.100000000006 0.435384959
85703.300000000003 0.388963252
85703.500000000000 0.392693698
85703.699999999997 0.371637493
85703.899999999994 0.446824759
85704.100000000006 0.486706942
85704.300000000003 0.390476137
85704.500000000000 0.379873842
85704.699999999997 0.405182600
85704.899999999994 0.363239020
85705.100000000006 0.404129595
85705.300000000003 0.333475709
85705.500000000000 0.396215469
85705.699999999997 0.374472708
85705.899999999994 0.367895186
85706.100000000006 0.393249750
85706.300000000003 0.301970392
85706.500000000000 0.399570733
85706.699999999997 0.372812182
85706.899999999994 0.357274771
85707.100000000006 0.472694576
85707.300000000003 0.402626395
85707.500000000000 0.412045628
85707.699999999997 0.393206716
85707.899999999994 0.314807892
85708.100000000006 0.366605639
85708.300000000003 0.356951952
85708.500000000000 0.432644606
85708.699999999997 0.349569589
85708.899999999994 0.403976411
85709.100000000006 0.355393678
85709.300000000003 0.371463388
85709.500000000000 0.442502946
85709.699999999997 0.342141330
85709.800000000003 0.460731328
85710.100000000006 0.371058166
85710.300000000003 0.405940384
85710.500000000000 0.452311695
85710.699999999997 0.432402343
85710.800000000003 0.378988415
85711.100000000006 0.393386543
85711.300000000003 0.404742301
85711.500000000000 0.372704476
85711.699999999997 0.403128564
85711.899999999994 0.430218905
85712.000000000000 0.372771531
85712.300000000003 0.396766424
85712.500000000000 0.392947376
85712.699999999997 0.302990139
85712.899999999994 0.348345637
85713.100000000006 0.388813049
85713.300000000003 0.491140544
85713.500000000000 0.474390775
85713.699999999997 0.426078886
85713.899999999994 0.525677860
85714.100000000006 0.430232316
85714.300000000003 0.372198403
85714.500000000000 0.436195850
85714.699999999997 0.443494976
85714.899999999994 0.403966725
85715.100000000006 0.466711402
85715.300000000003 0.436635613
85715.500000000000 0.359222829
85715.699999999997 0.391560733
85715.899999999994 0.332012117
85716.100000000006 0.454199404
85716.300000000003 0.420890123
85716.399999999994 0.429392964
85716.699999999997 0.447179943
85716.899999999994 0.503909171
85717.100000000006 0.430764943
85717.300000000003 0.468191653
85717.500000000000 0.390004605
85717.699999999997 0.366229683
85717.899999999994 0.391546994
85718.100000000006 0.402032197
85718.300000000003 0.342493623
85718.500000000000 0.289891720
85718.699999999997 0.280486196
85718.899999999994 0.324445128
85719.100000000006 0.401058197
85719.300000000003 0.357346922
85719.500000000000 0.357806146
85719.699999999997 0.488401026
85719.899999999994 0.329065740
85720.100000000006 0.388601959
85720.300000000003 0.423266649
85720.500000000000 0.360342294
85720.699999999997 0.408537835
85720.899999999994 0.330851257
85721.100000000006 0.379398078
85721.300000000003 0.440817833
85721.500000000000 0.432612896
85721.699999999997 0.368012607
85721.899999999994 0.380192429
85722.100000000006 0.400634050
85722.300000000003 0.423156589
85722.500000000000 0.350026101
85722.699999999997 0.290139049
85722.899999999994 0.350095838
85723.100000000006 0.322023869
85723.300000000003 0.361036688
85723.500000000000 0.398639441
85723.699999999997 0.367285907
85723.899999999994 0.314656287
85724.100000000006 0.417721093
85724.300000000003 0.349627286
85724.500000000000 0.417468548
85724.699999999997 0.382322937
85724.899999999994 0.329392850
85725.100000000006 0.379317999
85725.300000000003 0.340668738
85725.500000000000 0.382252127
85725.699999999997 0.436960518
85725.899999999994 0.431159288
85726.100000000006 0.453146666
85726.300000000003 0.535111308
85726.500000000000 0.379902542
85726.699999999997 0.332741857
85726.899999999994 0.331680447
85727.100000000006 0.316533834
85727.300000000003 0.410370588
85727.500000000000 0.314955741
85727.699999999997 0.342592031
85727.899999999994 0.350013196
85728.100000000006 0.370461971
85728.300000000003 0.462018162
85728.500000000000 0.387591332
85728.699999999997 0.435597539
85728.899999999994 0.445609301
85729.100000000006 0.451779902
85729.300000000003 0.447324127
85729.500000000000 0.370422661
85729.699999999997 0.458768517
85729.899999999994 0.323523849
85730.000000000000 0.380586118
85730.199999999997 0.299513161
85730.399999999994 0.307317555
85730.699999999997 0.348898619
85730.899999999994 0.429188043
85731.000000000000 0.366811991
85731.199999999997 0.383879423
85731.399999999994 0.361600518
85731.600000000006 0.370363235
85731.899999999994 0.319618315
85732.000000000000 0.438175827
85732.199999999997 0.379817992
85732.399999999994 0.400915504
85732.600000000006 0.346607834
85732.800000000003 0.368057162
85733.100000000006 0.443530232
85733.199999999997 0.401642680
85733.399999999994 0.422658205
85733.600000000006 0.364498854
85733.800000000003 0.343808085
85734.000000000000 0.402337700
85734.300000000003 0.355648637
85734.399999999994 0.389655560
85734.600000000006 0.389793456
85734.800000000003 0.451901913
85735.000000000000 0.336417735
85735.199999999997 0.381249368
85735.399999999994 0.428191036
85735.600000000006 0.420218587
85735.800000000003 0.361141443
85736.000000000000 0.467182845
85736.300000000003 0.372611493
85736.399999999994 0.409332007
85736.600000000006 0.416523010
85736.800000000003 0.373156667
85737.000000000000 0.374414295
85737.199999999997 0.353952706
85737.500000000000 0.332977325
85737.600000000006 0.313671142
85737.800000000003 0.358110100
85738.000000000000 0.398389608
85738.199999999997 0.381783336
85738.399999999994 0.392124146
85738.699999999997 0.346410751
85738.800000000003 0.364910185
85739.000000000000 0.359483361
85739.199999999997 0.444309920
85739.399999999994 0.400856018
85739.600000000006 0.445127308
85739.800000000003 0.483944535
85740.100000000006 0.410859346
85740.300000000003 0.388851106
85740.500000000000 0.335904181
85740.699999999997 0.295574337
85740.899999999994 0.449478149
85741.100000000006 0.402016848
85741.300000000003 0.409317076
85741.500000000000 0.357093513
85741.699999999997 0.410119355
85741.899999999994 0.391455293
85742.100000000006 0.337236077
85742.300000000003 0.361275166
85742.500000000000 0.441011459
85742.699999999997 0.481066585
85742.899999999994 0.357516944
85743.100000000006 0.367006868
85743.300000000003 0.410226434
85743.500000000000 0.403633803
85743.699999999997 0.356854469
85743.899999999994 0.387156218
85744.100000000006 0.324969381
85744.300000000003 0.376753777
85744.500000000000 0.292942494
85744.699999999997 0.340857595
85744.899999999994 0.368535817
85745.100000000006 0.370160133
85745.300000000003 0.315507680
85745.500000000000 0.432928920
85745.699999999997 0.412128448
85745.899999999994 0.389538646
85746.100000000006 0.394183069
85746.300000000003 0.413674504
85746.500000000000 0.400403023
85746.699999999997 0.307624787
85746.899999999994 0.316617101
85747.100000000006 0.368997037
85747.300000000003 0.356813788
85747.500000000000 0.432282865
85747.699999999997 0.302406073
85747.899999999994 0.311685324
85748.100000000006 0.240731210
85748.300000000003 0.339207292
85748.500000000000 0.378765672
85748.699999999997 0.431265473
85748.899999999994 0.404063016
85749.100000000006 0.367482275
85749.300000000003 0.391251355
85749.500000000000 0.421586454
85749.699999999997 0.244198456
85749.899999999994 0.329144806
85750.100000000006 0.328835785
85750.300000000003 0.365272939
85750.500000000000 0.380380481
85750.699999999997 0.334618688
85750.899999999994 0.319563925
85751.100000000006 0.349177241
85751.300000000003 0.347318292
85751.500000000000 0.410621434
85751.699999999997 0.291618764
85751.899999999994 0.419952780
85752.100000000006 0.402070612
85752.300000000003 0.407191515
85752.500000000000 0.311805964
85752.699999999997 0.418263435
85752.899999999994 0.361264288
85753.100000000006 0.377518594
85753.300000000003 0.407492787
85753.500000000000 0.385220528
85753.699999999997 0.445923835
85753.899999999994 0.444207340
85754.100000000006 0.522444308
85754.300000000003 0.414885104
85754.500000000000 0.441629499
85754.699999999997 0.346803933
85754.899999999994 0.407805145
85755.100000000006 0.339445919
85755.300000000003 0.388515681
85755.500000000000 0.355308235
85755.699999999997 0.369371206
85755.899999999994 0.387058675
85756.100000000006 0.407252669
85756.300000000003 0.380051315
85756.500000000000 0.501818895
85756.600000000006 0.356792003
85756.899999999994 0.384167522
85757.100000000006 0.396344155
85757.300000000003 0.390381634
85757.500000000000 0.438020200
85757.699999999997 0.439066529
85757.899999999994 0.402017057
85758.100000000006 0.322099894
85758.300000000003 0.397852153
85758.500000000000 0.395466477
85758.699999999997 0.417475790
85758.899999999994 0.415345281
85759.100000000006 0.401688308
85759.300000000003 0.353532612
85759.500000000000 0.430026829
85759.699999999997 0.330149293
85759.899999999994 0.426691592
85760.100000000006 0.478836447
85760.300000000003 0.373871028
85760.500000000000 0.419693738
85760.699999999997 0.476768434
85760.899999999994 0.370595306
85761.100000000006 0.403103411
85761.300000000003 0.376663864
85761.500000000000 0.417981416
85761.699999999997 0.294067889
85761.899999999994 0.380698293
85762.100000000006 0.445746988
85762.199999999997 0.345447719
85762.500000000000 0.361638129
85762.699999999997 0.445627958
85762.899999999994 0.389474779
85763.100000000006 0.402730048
85763.300000000003 0.441551059
85763.399999999994 0.365599424
85763.699999999997 0.368957013
85763.899999999994 0.430564672
85764.100000000006 0.369470716
85764.300000000003 0.361629099
85764.500000000000 0.449754536
85764.699999999997 0.493931413
85764.899999999994 0.326074541
85765.100000000006 0.416493654
85765.300000000003 0.387079209
85765.500000000000 0.374483228
85765.699999999997 0.356654286
85765.899999999994 0.419926584
85766.100000000006 0.384132147
85766.300000000003 0.424825788
85766.500000000000 0.365196615
85766.699999999997 0.359303087
85766.899999999994 0.348208785
85767.100000000006 0.351584762
85767.300000000003 0.378842711
85767.500000000000 0.358799011
85767.699999999997 0.414228320
85767.899999999994 0.423537195
85768.100000000006 0.351665199
85768.300000000003 0.437272608
85768.500000000000 0.337790757
85768.699999999997 0.366784185
85768.899999999994 0.519923329
85769.100000000006 0.401416063
85769.300000000003 0.338085622
85769.500000000000 0.414560616
85769.699999999997 0.438972443
85769.899999999994 0.488599688
85770.100000000006 0.393086523
85770.300000000003 0.411771715
85770.500000000000 0.393088341
85770.699999999997 0.421038896
85770.899999999994 0.360731363
85771.100000000006 0.467033356
85771.300000000003 0.415322900
85771.500000000000 0.447465152
85771.699999999997 0.426391095
85771.899999999994 0.388844818
85772.100000000006 0.292250246
85772.300000000003 0.471814513
85772.500000000000 0.326778412
85772.699999999997 0.415413916
85772.899999999994 0.388267517
85773.100000000006 0.316093445
85773.300000000003 0.371001273
85773.500000000000 0.381485969
85773.699999999997 0.362951964
85773.899999999994 0.369992524
85774.100000000006 0.365521610
85774.300000000003 0.426593542
85774.500000000000 0.380494684
85774.600000000006 0.324771076
85774.899999999994 0.387351960
85775.100000000006 0.325138867
85775.300000000003 0.408938944
85775.500000000000 0.446824402
85775.600000000006 0.437654048
85775.800000000003 0.282794505
85776.100000000006 0.366937310
85776.300000000003 0.369560748
85776.500000000000 0.436948478
85776.699999999997 0.323242188
85776.800000000003 0.446675509
85777.000000000000 0.424145073
85777.300000000003 0.392096221
85777.500000000000 0.494430602
85777.699999999997 0.373051465
85777.899999999994 0.381427974
85778.100000000006 0.463165373
85778.300000000003 0.384107292
85778.500000000000 0.443481863
85778.699999999997 0.430405468
85778.899999999994 0.381759256
85779.100000000006 0.396556914
85779.300000000003 0.405250579
85779.500000000000 0.491167992
85779.699999999997 0.456738532
85779.899999999994 0.450626940
85780.000000000000 0.406499028
85780.300000000003 0.440985769
85780.500000000000 0.455286413
85780.699999999997 0.463420123
85780.899999999994 0.432213604
85781.100000000006 0.414663017
85781.199999999997 0.362892479
85781.500000000000 0.564000309
85781.699999999997 0.503606081
85781.899999999994 0.488046974
85782.100000000006 0.463933051
85782.300000000003 0.459893703
85782.399999999994 0.537427127
85782.699999999997 0.505375028
85782.899999999994 0.521742165
85783.100000000006 0.488995641
85783.300000000003 0.481802016
85783.500000000000 0.529566050
85783.600000000006 0.583609939
85783.899999999994 0.587878346
85784.100000000006 0.530810416
85784.300000000003 0.639161766
85784.500000000000 0.529324949
85784.699999999997 0.534714520
85784.899999999994 0.583012700
85785.100000000006 0.575961828
85785.300000000003 0.625913799
85785.500000000000 0.599304438
85785.699999999997 0.615920186
85785.899999999994 0.606113970
85786.100000000006 0.646330893
85786.300000000003 0.662419260
85786.500000000000 0.699400783
85786.699999999997 0.763102770
85786.899999999994 0.663002491
85787.100000000006 0.690252125
85787.300000000003 0.638072133
85787.500000000000 0.705592096
85787.699999999997 0.732011378
85787.899999999994 0.774798453
85788.100000000006 0.721569896
85788.300000000003 0.798349917
85788.500000000000 0.849380910
85788.699999999997 0.798828781
85788.899999999994 0.734729469
85789.100000000006 0.795024812
85789.300000000003 0.888433337
85789.500000000000 0.928185880
85789.699999999997 0.979160666
85789.899999999994 0.895848513
85790.100000000006 0.926397026
85790.300000000003 0.935453236
85790.500000000000 0.978941917
85790.699999999997 0.951733828
85790.899999999994 0.865087330
85791.100000000006 0.988101840
85791.300000000003 0.890538335
85791.500000000000 0.952105939
85791.699999999997 0.871100783
85791.899999999994 0.951607466
85792.100000000006 0.999943554
85792.300000000003 1.04748201
85792.500000000000 1.09307683
85792.699999999997 0.993932843
85792.899999999994 0.859699428
85793.100000000006 1.03980911
85793.300000000003 0.959005654
85793.500000000000 0.850689352
85793.699999999997 0.970012665
85793.899999999994 1.09372354
85794.100000000006 0.936779261
85794.300000000003 0.922677815
85794.500000000000 1.00392675
85794.699999999997 0.940702438
85794.899999999994 1.02337992
85795.100000000006 1.01672471
85795.300000000003 1.11454523
85795.500000000000 1.02023304
85795.699999999997 1.05248046
85795.899999999994 1.02972341
85796.100000000006 0.922530949
85796.300000000003 0.915035069
85796.500000000000 1.01123917
85796.699999999997 0.977761745
85796.899999999994 0.954356015
85797.100000000006 1.07063055
85797.300000000003 1.08013856
85797.500000000000 1.01786864
85797.699999999997 0.993700325
85797.899999999994 0.991008222
85798.100000000006 1.06045544
85798.300000000003 0.967315376
85798.500000000000 1.02723229
85798.699999999997 0.972955585
85798.899999999994 1.09545994
85799.100000000006 0.983875990
85799.300000000003 1.03057039
85799.500000000000 0.977395296
85799.699999999997 0.962377727
85799.899999999994 0.981618762
85800.100000000006 1.01542723
85800.300000000003 1.04925013
85800.500000000000 1.01121998
85800.699999999997 1.05087805
85800.899999999994 1.02401316
85801.100000000006 1.10121512
85801.300000000003 0.962939680
85801.500000000000 1.00477409
85801.699999999997 1.03250217
85801.899999999994 0.889799893
85802.100000000006 0.896937430
85802.300000000003 1.04064465
85802.500000000000 1.01058817
85802.699999999997 0.999946773
85802.899999999994 0.975838721
85803.100000000006 0.958886325
85803.300000000003 0.961999118
85803.500000000000 0.863265038
85803.699999999997 1.04113400
85803.899999999994 0.986646473
85804.100000000006 0.905691385
85804.300000000003 0.961647749
85804.500000000000 1.03953969
85804.699999999997 1.04687893
85804.899999999994 1.03509438
85805.100000000006 1.09051895
85805.300000000003 1.01190817
85805.500000000000 1.07456338
85805.699999999997 1.05583298
85805.899999999994 0.971457899
85806.100000000006 0.955337048
85806.300000000003 0.941283107
85806.500000000000 1.03018987
85806.699999999997 1.00547040
85806.899999999994 0.983278930
85807.100000000006 1.08295476
85807.300000000003 1.02578318
85807.500000000000 0.981566012
85807.699999999997 0.989682555
85807.899999999994 0.995113134
85808.100000000006 0.928286076
85808.300000000003 0.945254445
85808.500000000000 0.976984441
85808.699999999997 1.02760673
85808.899999999994 1.05707729
85809.100000000006 1.00574803
85809.300000000003 0.954913557
85809.500000000000 1.05475593
85809.699999999997 1.04863298
85809.899999999994 0.798926950
85810.100000000006 1.02270842
85810.300000000003 0.976660848
85810.500000000000 1.02600253
85810.699999999997 1.02753830
85810.899999999994 1.01501429
85811.100000000006 1.07938063
85811.300000000003 0.960022688
85811.500000000000 1.01504672
85811.699999999997 0.977997005
85811.899999999994 1.00757051
85812.100000000006 1.05974674
85812.300000000003 0.936811626
85812.500000000000 0.970243931
85812.699999999997 0.969969630
85812.899999999994 0.989803672
85813.100000000006 1.05039275
85813.300000000003 1.00032449
85813.500000000000 1.00446486
85813.699999999997 0.975506902
85813.899999999994 0.930874825
85814.100000000006 1.00732434
85814.300000000003 1.07451189
85814.500000000000 1.01752532
85814.699999999997 1.02463436
85814.800000000003 0.982461631
85815.100000000006 1.03010178
85815.300000000003 1.04637241
85815.500000000000 1.04155505
85815.699999999997 1.00998223
85815.899999999994 0.959531248
85816.000000000000 0.949152708
85816.300000000003 1.02373230
85816.500000000000 1.01289821
85816.699999999997 0.983202755
85816.899999999994 0.988992929
85817.100000000006 1.03082228
85817.300000000003 1.05316997
85817.500000000000 0.977388799
85817.699999999997 1.09298861
85817.899999999994 0.975728273
85818.100000000006 0.827898204
85818.300000000003 0.872630596
85818.500000000000 0.941219807
85818.699999999997 0.948295414
85818.899999999994 0.959053338
85819.100000000006 0.874874234
85819.300000000003 0.995900869
85819.500000000000 0.983610451
85819.699999999997 1.05672789
85819.899999999994 1.06170499
85820.100000000006 1.02117872
85820.300000000003 1.09335434
85820.500000000000 0.894836485
85820.699999999997 1.01341641
85820.899999999994 1.08957088
85821.100000000006 0.967049718
85821.300000000003 1.08355761
85821.399999999994 1.00743759
85821.699999999997 0.972827494
85821.899999999994 0.990833104
85822.100000000006 0.959964573
85822.300000000003 0.921687186
85822.500000000000 1.04666996
85822.699999999997 1.05334342
85822.899999999994 0.936859906
85823.100000000006 1.09186912
85823.300000000003 0.974739313
85823.500000000000 0.936276019
85823.699999999997 0.940349162
85823.899999999994 1.00508952
85824.100000000006 1.04509413
85824.300000000003 0.989055097
85824.500000000000 0.940458596
85824.699999999997 0.945244968
85824.899999999994 0.924967289
85825.100000000006 0.908291340
85825.300000000003 0.967074096
85825.500000000000 0.941784739
85825.699999999997 1.01617229
85825.899999999994 1.01938605
85826.100000000006 0.991051793
85826.300000000003 1.01241064
85826.500000000000 0.996290386
85826.699999999997 0.938442826
85826.899999999994 1.00387573
85827.100000000006 0.957132041
85827.300000000003 0.951655746
85827.500000000000 0.921899974
85827.699999999997 0.872623742
85827.899999999994 1.01481974
85828.100000000006 1.02102971
85828.300000000003 1.01301527
85828.500000000000 1.01622808
85828.699999999997 0.956759274
85828.899999999994 1.00992048
85829.100000000006 0.973524809
85829.300000000003 1.00589657
85829.500000000000 1.12328291
85829.699999999997 1.18632925
85829.899999999994 1.04698908
85830.100000000006 1.02932036
85830.300000000003 0.948014915
85830.500000000000 0.974247575
85830.699999999997 1.08855939
85830.899999999994 0.934303224
85831.100000000006 0.961802602
85831.300000000003 1.10364234
85831.500000000000 0.956259727
85831.699999999997 0.952925742
85831.899999999994 1.04076743
85832.100000000006 0.930169642
85832.300000000003 0.978936672
85832.500000000000 0.949021876
85832.699999999997 0.934419215
85832.899999999994 0.934255898
85833.100000000006 0.993526340
85833.300000000003 0.924103141
85833.500000000000 1.09690845
85833.699999999997 0.974062502
85833.899999999994 0.973581374
85834.100000000006 0.966555297
85834.300000000003 0.998909056
85834.500000000000 0.902238846
85834.699999999997 1.04248929
85834.899999999994 1.12681353
85835.100000000006 0.971978068
85835.300000000003 1.01643372
85835.500000000000 0.984262049
85835.699999999997 0.874866009
85835.899999999994 0.980510652
85836.100000000006 1.00482476
85836.300000000003 0.923018873
85836.500000000000 0.955840826
85836.699999999997 0.939184666
85836.899999999994 0.988306522
85837.100000000006 1.00205112
85837.300000000003 0.941846430
85837.500000000000 1.01448917
85837.699999999997 1.04396212
85837.899999999994 1.07276845
85838.100000000006 0.969529808
85838.300000000003 0.924934804
85838.500000000000 0.863504410
85838.699999999997 1.01818562
85838.899999999994 0.912597418
85839.100000000006 1.00955546
85839.300000000003 1.01507604
85839.500000000000 0.946080029
85839.699999999997 0.936334610
85839.899999999994 1.00004148
85840.100000000006 0.920962512
85840.300000000003 1.03740156
85840.500000000000 0.932417750
85840.699999999997 0.975437701
85840.899999999994 1.01180494
85841.100000000006 1.04494011
85841.300000000003 0.933235943
85841.500000000000 1.02274084
85841.699999999997 0.987155080
85841.899999999994 1.08678806
85842.100000000006 0.975742161
85842.300000000003 1.11072516
85842.500000000000 0.994142532
85842.699999999997 0.958102226
85842.899999999994 0.895988941
85843.100000000006 0.940200984
85843.300000000003 1.01183009
85843.500000000000 1.11315393
85843.699999999997 1.01664388
85843.899999999994 1.01565504
85844.100000000006 1.01254511
85844.300000000003 0.990092218
85844.500000000000 0.959979236
85844.699999999997 1.08090162
85844.899999999994 0.948238432
85845.100000000006 0.935728729
85845.300000000003 0.984740138
85845.500000000000 1.05286813
85845.699999999997 0.899833143
85845.899999999994 1.01471043
85846.100000000006 1.06631100
85846.300000000003 1.11327219
85846.500000000000 1.04067278
85846.699999999997 1.14425325
85846.899999999994 0.994734347
85847.100000000006 1.06444776
85847.300000000003 0.910949945
85847.500000000000 0.872415125
85847.699999999997 0.892743230
85847.899999999994 0.912785590
85848.100000000006 1.00097311
85848.300000000003 1.01515794
85848.500000000000 0.980786145
85848.699999999997 0.950798392
85848.899999999994 1.00350678
85849.100000000006 0.897993565
85849.300000000003 1.00526381
85849.500000000000 1.07761514
85849.699999999997 0.953409135
85849.899999999994 0.983268857
85850.100000000006 0.944079459
85850.300000000003 1.09045434
85850.500000000000 0.948828340
85850.699999999997 1.06791127
85850.899999999994 1.05018711
85851.100000000006 1.11570692
85851.300000000003 1.04583621
85851.500000000000 1.02525115
85851.699999999997 1.05549824
85851.899999999994 1.04329586
85852.100000000006 0.995463371
85852.300000000003 0.965740561
85852.500000000000 1.09607339
85852.699999999997 1.03699934
85852.899999999994 1.00027239
85853.100000000006 1.02153325
85853.300000000003 1.14086270
85853.500000000000 1.07056653
85853.699999999997 1.04557443
85853.899999999994 0.951993406
85854.100000000006 0.919004917
85854.300000000003 1.03240955
85854.500000000000 1.12691545
85854.699999999997 0.955777407
85854.899999999994 0.954537570
85855.100000000006 1.13178420
85855.300000000003 1.00517583
85855.500000000000 0.905906379
85855.699999999997 0.904193521
85855.899999999994 1.14335942
85856.100000000006 0.958465040
85856.300000000003 0.912981451
85856.500000000000 0.962861419
85856.699999999997 1.06233907
85856.899999999994 1.07693434
85857.100000000006 0.978883088
85857.300000000003 1.09622884
85857.500000000000 1.02402258
85857.699999999997 1.03533006
85857.899999999994 1.00071049
85858.100000000006 1.07396817
85858.300000000003 1.05259240
85858.500000000000 0.996862233
85858.699999999997 1.06766546
85858.899999999994 1.09907043
85859.100000000006 1.04533410
85859.300000000003 0.986370027
85859.500000000000 0.961459935
85859.699999999997 0.928761303
85859.899999999994 0.968318820
85860.100000000006 0.976764441
85860.300000000003 1.03515184
85860.500000000000 1.02313554
85860.699999999997 1.06456709
85860.899999999994 1.02793670
85861.100000000006 0.993314564
85861.300000000003 0.893607795
85861.500000000000 0.939461589
85861.699999999997 1.06358659
85861.899999999994 0.956666291
85862.100000000006 1.04732871
85862.300000000003 0.980298162
85862.500000000000 0.953722596
85862.699999999997 0.899507165
85862.899999999994 0.943536639
85863.100000000006 1.00838065
85863.300000000003 1.12199295
85863.500000000000 0.982825756
85863.699999999997 0.949968278
85863.899999999994 1.03994787
85864.100000000006 0.945279479
85864.300000000003 0.983678401
85864.500000000000 0.893674493
85864.699999999997 0.976193249
85864.899999999994 1.04196978
85865.100000000006 1.03776014
85865.300000000003 0.883198202
85865.500000000000 1.03777301
85865.699999999997 0.922644317
85865.899999999994 0.998313725
85866.100000000006 1.08679974
85866.300000000003 1.04965556
85866.500000000000 1.03584731
85866.699999999997 0.949512899
85866.899999999994 1.06527126
85867.100000000006 1.09320331
85867.300000000003 1.10238004
85867.500000000000 0.985096335
85867.699999999997 1.00399911
85867.899999999994 0.878467917
85868.100000000006 0.995173872
85868.300000000003 1.01701069
85868.500000000000 1.21040142
85868.699999999997 0.969247639
85868.899999999994 0.936284602
85869.100000000006 0.922041476
85869.300000000003 0.959864914
85869.500000000000 0.856406629
85869.699999999997 0.876286209
85869.899999999994 0.979047418
85870.100000000006 1.06521797
85870.300000000003 0.999261439
85870.500000000000 0.955936551
85870.699999999997 0.977326035
85870.899999999994 1.00602019
85871.100000000006 1.01898146
85871.300000000003 1.04063594
85871.500000000000 1.01522350
85871.699999999997 0.982491374
85871.899999999994 0.932074547
85872.100000000006 1.00981581
85872.300000000003 0.919375777
85872.500000000000 0.953192890
85872.699999999997 1.03370440
85872.899999999994 0.956206203
85873.100000000006 0.961672246
85873.300000000003 0.991320431
85873.500000000000 1.02248144
85873.699999999997 1.03729928
85873.899999999994 0.983817577
85874.100000000006 0.984234810
85874.300000000003 0.956939578
85874.500000000000 1.04380500
85874.699999999997 1.06005561
85874.899999999994 1.03774428
85875.100000000006 0.900605083
85875.300000000003 0.941696763
85875.500000000000 0.897816241
85875.699999999997 1.04158354
85875.899999999994 0.908352852
85876.100000000006 0.989399076
85876.300000000003 1.04420209
85876.500000000000 0.941950262
85876.699999999997 1.10176587
85876.899999999994 1.05158198
85877.100000000006 0.948596537
85877.300000000003 0.948241711
85877.500000000000 0.978678524
85877.699999999997 0.999386251
85877.899999999994 1.02100730
85878.100000000006 1.06551826
85878.300000000003 0.949494600
85878.500000000000 0.958346128
85878.699999999997 1.01169884
85878.899999999994 1.09908235
85879.100000000006 0.962561607
85879.300000000003 0.933139861
85879.500000000000 1.09121299
85879.699999999997 1.08733964
85879.899999999994 1.11097038
85880.100000000006 0.986634016
85880.300000000003 0.983661890
85880.500000000000 0.995315552
85880.699999999997 1.07549310
85880.899999999994 1.09116244
85881.100000000006 1.04120982
85881.300000000003 0.945354283
85881.500000000000 0.915673137
85881.699999999997 0.995810926
85881.899999999994 0.929099560
85882.100000000006 1.02612472
85882.300000000003 1.00657606
85882.500000000000 0.933945060
85882.699999999997 1.05645585
85882.899999999994 1.00653100
85883.100000000006 1.01244521
85883.300000000003 1.04504776
85883.500000000000 1.01604891
85883.699999999997 0.896654963
85883.899999999994 0.916907072
85884.100000000006 1.05911946
85884.300000000003 0.985999465
85884.500000000000 0.992574632
85884.699999999997 1.02498269
85884.899999999994 0.988916934
85885.100000000006 1.02480447
85885.300000000003 1.07552743
85885.500000000000 0.951229334
85885.699999999997 1.06417978
85885.899999999994 0.954992175
85886.100000000006 0.875639081
85886.300000000003 0.906358361
85886.500000000000 0.992415845
85886.699999999997 0.873241186
85886.899999999994 0.933847010
85887.100000000006 1.03671515
85887.300000000003 0.951923668
85887.500000000000 1.04700732
85887.699999999997 0.965132952
85887.899999999994 1.14622927
85888.100000000006 1.11866164
85888.300000000003 1.04012954
85888.500000000000 0.997026265
85888.699999999997 0.981996655
85888.899999999994 1.00187123
85889.100000000006 1.02248466
85889.300000000003 1.00400782
85889.500000000000 1.02628887
85889.699999999997 1.06009173
85889.899999999994 0.972274005
85890.100000000006 1.01972401
85890.300000000003 1.21810913
85890.500000000000 1.15890992
85890.699999999997 0.985064507
85890.899999999994 0.948318839
85891.100000000006 1.02648592
85891.300000000003 0.940919816
85891.500000000000 0.958663881
85891.699999999997 1.01225793
85891.899999999994 1.06507790
85892.100000000006 1.04635477
85892.300000000003 0.945723355
85892.500000000000 0.967084348
85892.699999999997 1.01390469
85892.899999999994 1.02679706
85893.100000000006 0.981516540
85893.300000000003 1.14176333
85893.500000000000 0.969759285
85893.699999999997 0.903919697
85893.899999999994 0.978566587
85894.100000000006 0.885669589
85894.300000000003 0.967927575
85894.500000000000 0.998501301
85894.699999999997 1.10549796
85894.899999999994 1.00360894
85895.100000000006 1.01868439
85895.300000000003 0.980700135
85895.500000000000 1.02078617
85895.699999999997 0.937313676
85895.899999999994 0.981582642
85896.100000000006 1.02183843
85896.300000000003 1.07950342
85896.500000000000 1.00421667
85896.699999999997 1.05585539
85896.899999999994 0.951682389
85897.100000000006 1.03655040
85897.300000000003 1.04624212
85897.500000000000 0.925313652
85897.699999999997 1.01907623
85897.899999999994 0.927891016
85898.100000000006 1.03699589
85898.300000000003 0.944651425
85898.500000000000 0.999691486
85898.699999999997 1.07065642
85898.899999999994 1.04603744
85899.100000000006 1.00549257
85899.300000000003 0.889420509
85899.500000000000 1.03380156
85899.699999999997 0.942779005
85899.899999999994 1.02532053
85900.100000000006 0.911398113
85900.300000000003 1.06442511
85900.500000000000 0.968648136
85900.699999999997 0.968685389
85900.899999999994 1.05723548
85901.100000000006 1.03850257
85901.300000000003 0.939388454
85901.500000000000 1.00924408
85901.699999999997 0.975252390
85901.899999999994 0.979768634
85902.100000000006 0.955790818
85902.300000000003 1.03008616
85902.500000000000 1.03460050
85902.699999999997 0.952304363
85902.899999999994 0.949686050
85903.100000000006 0.984232128
85903.300000000003 1.03911006
85903.500000000000 0.965260684
85903.699999999997 1.06513822
85903.899999999994 0.999446869
85904.100000000006 0.951278090
85904.300000000003 1.04299366
85904.500000000000 0.990474164
85904.699999999997 1.04959929
85904.899999999994 1.01964271
85905.100000000006 1.09494519
85905.300000000003 0.996117830
85905.500000000000 1.06246269
85905.699999999997 1.06288970
85905.899999999994 1.08056450
85906.100000000006 0.995099902
85906.300000000003 1.07185161
85906.500000000000 0.893138587
85906.699999999997 1.01444888
85906.899999999994 0.992087245
85907.100000000006 0.965878904
85907.300000000003 1.00329471
85907.500000000000 0.915366709
85907.699999999997 0.953237176
85907.899999999994 0.968475938
85908.100000000006 1.04117382
85908.300000000003 1.05359852
85908.500000000000 0.940415025
85908.699999999997 0.926398695
85908.899999999994 1.11847246
85909.100000000006 1.05882323
85909.300000000003 1.04186869
85909.500000000000 0.932421803
85909.699999999997 1.05969501
85909.899999999994 1.00609815
85910.100000000006 0.991894245
85910.300000000003 1.04304636
85910.500000000000 1.04391289
85910.699999999997 0.990714669
85910.899999999994 0.964425325
85911.100000000006 1.00893259
85911.300000000003 0.954907656
85911.500000000000 0.988958836
85911.699999999997 0.920308650
85911.899999999994 0.970776558
85912.100000000006 0.869296134
85912.300000000003 0.977880538
85912.500000000000 1.03272140
85912.699999999997 0.982613862
85912.899999999994 1.07216573
85913.100000000006 0.919897735
85913.300000000003 1.04199290
85913.500000000000 1.06760561
85913.699999999997 1.00306737
85913.899999999994 1.00446784
85914.100000000006 0.928700209
85914.300000000003 1.00044322
85914.500000000000 1.04467750
85914.699999999997 1.03601956
85914.899999999994 0.892419100
85915.100000000006 0.893963516
85915.300000000003 0.959908545
85915.500000000000 0.938170135
85915.699999999997 0.969425261
85915.899999999994 1.01686776
85916.100000000006 1.04880917
85916.300000000003 1.00274134
85916.399999999994 0.934179664
85916.600000000006 1.05050957
85916.899999999994 0.890276074
85917.100000000006 1.00104678
85917.300000000003 0.942251027
85917.399999999994 1.10262096
85917.600000000006 0.986894071
85917.800000000003 1.04161608
85918.100000000006 1.00217891
85918.300000000003 1.01568472
85918.500000000000 1.09513032
85918.600000000006 0.986569643
85918.800000000003 0.957579911
85919.000000000000 1.06701803
85919.300000000003 0.943840921
85919.500000000000 1.02156842
85919.699999999997 1.04676735
85919.899999999994 0.995297432
85920.000000000000 0.961606860
85920.199999999997 0.949821830
85920.500000000000 0.960348666
85920.699999999997 0.998322248
85920.800000000003 1.05024445
85921.100000000006 0.901092410
85921.300000000003 1.04354084
85921.500000000000 0.943035424
85921.699999999997 0.949294686
85921.899999999994 0.960914075
85922.000000000000 0.957107604
85922.300000000003 1.06402147
85922.500000000000 0.968387961
85922.699999999997 0.965586960
85922.899999999994 1.06586003
85923.000000000000 1.06559432
85923.199999999997 0.977539361
85923.500000000000 0.981227994
85923.699999999997 0.919867635
85923.899999999994 0.974121749
85924.100000000006 1.01077616
85924.199999999997 0.990000546
85924.399999999994 1.01728320
85924.699999999997 1.02158046
85924.899999999994 1.06932199
85925.100000000006 0.972594917
85925.300000000003 0.945417345
85925.500000000000 1.08785903
85925.699999999997 1.01673734
85925.899999999994 0.959185839
85926.100000000006 0.990645170
85926.300000000003 0.952960074
85926.500000000000 1.11889303
85926.699999999997 1.05340362
85926.899999999994 0.996751904
85927.100000000006 1.03483105
85927.300000000003 1.03329825
85927.500000000000 1.03059101
85927.699999999997 1.01347542
85927.899999999994 1.06384349
85928.100000000006 1.02376974
85928.300000000003 0.939599633
85928.500000000000 1.08331203
85928.699999999997 0.990939677
85928.899999999994 0.999367297
85929.100000000006 1.00765347
85929.300000000003 0.998089373
85929.500000000000 1.05004346
85929.699999999997 1.08527303
85929.899999999994 1.03669155
85930.100000000006 1.10324717
85930.300000000003 1.14160323
85930.500000000000 1.04169118
85930.699999999997 1.11312521
85930.899999999994 1.04463768
85931.100000000006 0.988379538
85931.300000000003 0.959611952
85931.500000000000 1.06265891
85931.699999999997 1.04151344
85931.899999999994 0.925674677
85932.100000000006 1.00894582
85932.300000000003 1.00256276
85932.500000000000 0.969229519
85932.699999999997 0.988076031
85932.899999999994 0.987014949
85933.100000000006 0.883137882
85933.300000000003 1.00886691
85933.500000000000 1.00251615
85933.699999999997 1.02257943
85933.899999999994 1.07238758
85934.100000000006 1.05694449
85934.300000000003 0.978352487
85934.500000000000 1.06736696
85934.699999999997 1.07819450
85934.899999999994 1.00134516
85935.100000000006 1.06857359
85935.300000000003 0.961926460
85935.399999999994 0.976758957
85935.699999999997 0.999603271
85935.899999999994 1.04443872
85936.100000000006 1.09693658
85936.300000000003 1.00713480
85936.399999999994 1.01620817
85936.600000000006 1.02941167
85936.899999999994 1.00562441
85937.100000000006 0.886322260
85937.300000000003 1.00627029
85937.500000000000 0.998358965
85937.600000000006 1.03583181
85937.800000000003 1.01146793
85938.100000000006 1.11887336
85938.300000000003 0.942823946
85938.500000000000 1.00273395
85938.699999999997 1.05432177
85938.800000000003 1.00068903
85939.100000000006 0.958303750
85939.300000000003 1.00985706
85939.500000000000 1.07644820
85939.699999999997 1.04419434
85939.899999999994 1.00346875
85940.100000000006 1.07818365
85940.300000000003 1.03058088
85940.500000000000 0.958062410
85940.699999999997 1.01723373
85940.899999999994 1.00140047
85941.100000000006 0.993696332
85941.300000000003 1.05531549
85941.500000000000 1.05964565
85941.699999999997 1.01885200
85941.899999999994 1.00066090
85942.100000000006 0.987112582
85942.300000000003 0.891874671
85942.500000000000 1.00945008
85942.699999999997 0.955536544
85942.899999999994 0.975402057
85943.100000000006 1.00334549
85943.300000000003 0.954562128
85943.500000000000 0.966503620
85943.699999999997 0.878301501
85943.899999999994 1.01283741
85944.100000000006 1.13122547
85944.300000000003 1.00363815
85944.500000000000 0.933412194
85944.699999999997 1.05644786
85944.899999999994 1.00220633
85945.100000000006 0.900273681
85945.300000000003 0.887781143
85945.500000000000 0.938196063
85945.699999999997 0.974190056
85945.899999999994 1.06166649
85946.100000000006 1.03387880
85946.300000000003 0.998532891
85946.500000000000 0.981978714
85946.699999999997 1.05779314
85946.899999999994 0.996711195
85947.100000000006 0.873224974
85947.300000000003 1.01564288
85947.500000000000 1.01039696
85947.699999999997 1.04611266
85947.899999999994 0.870654702
85948.100000000006 0.958667874
85948.300000000003 0.957234263
85948.500000000000 0.986873209
85948.699999999997 0.997898698
85948.899999999994 0.986002982
85949.100000000006 1.00027525
85949.300000000003 1.01993299
85949.500000000000 1.08069611
85949.699999999997 0.917523205
85949.899999999994 1.03526616
85950.100000000006 0.929410934
85950.300000000003 0.921984196
85950.500000000000 0.940423131
85950.699999999997 0.972347379
85950.899999999994 1.10613263
85951.100000000006 0.881527185
85951.300000000003 0.957729816
85951.500000000000 0.934493124
85951.699999999997 0.922510445
85951.899999999994 1.04148233
85952.100000000006 1.05821216
85952.300000000003 0.929341316
85952.500000000000 1.00268877
85952.699999999997 0.970747411
85952.899999999994 1.06637192
85953.100000000006 0.956068814
85953.300000000003 0.929764509
85953.500000000000 1.11049461
85953.699999999997 1.04408932
85953.899999999994 0.948965073
85954.000000000000 0.885233998
85954.199999999997 0.969562769
85954.399999999994 1.01490045
85954.600000000006 1.08380735
85954.800000000003 1.00387311
85955.000000000000 0.971926987
85955.199999999997 0.928892016
85955.399999999994 1.09805918
85955.600000000006 1.07782698
85955.800000000003 1.01855576
85956.000000000000 1.04120314
85956.199999999997 1.03279662
85956.399999999994 0.992138088
85956.600000000006 1.07551301
85956.800000000003 1.08285713
85957.000000000000 1.02780700
85957.199999999997 0.918289840
85957.399999999994 1.01919973
85957.600000000006 1.07709765
85957.800000000003 1.00627446
85958.000000000000 0.983791292
85958.199999999997 1.02543843
85958.399999999994 0.988440514
85958.600000000006 1.04043722
85958.800000000003 1.03194034
85959.000000000000 0.939071476
85959.199999999997 0.968522608
85959.399999999994 0.988431573
85959.600000000006 1.06519043
85959.800000000003 1.02759123
85960.100000000006 1.04531407
85960.300000000003 1.03934383
85960.500000000000 1.03142560
85960.699999999997 0.972510993
85960.899999999994 1.07166696
85961.100000000006 1.01894188
85961.300000000003 1.01436031
85961.500000000000 0.985405624
85961.699999999997 1.01073003
85961.899999999994 0.998077095
85962.100000000006 1.07592833
85962.300000000003 0.952142775
85962.500000000000 0.994776249
85962.699999999997 0.963552535
85962.899999999994 1.10832977
85963.100000000006 1.07303810
85963.300000000003 0.952979386
85963.500000000000 0.999251783
85963.699999999997 1.00579560
85963.899999999994 0.920567274
85964.100000000006 1.01163816
85964.300000000003 1.01628053
85964.500000000000 0.952275336
85964.699999999997 0.983523607
85964.899999999994 1.01663899
85965.100000000006 1.02272904
85965.300000000003 1.04419124
85965.500000000000 0.978621900
85965.699999999997 1.00900793
85965.899999999994 0.950856686
85966.100000000006 1.08220172
85966.300000000003 1.05381095
85966.500000000000 0.962868750
85966.699999999997 1.08963883
85966.899999999994 1.04251826
85967.100000000006 0.965863049
85967.300000000003 1.07289386
85967.500000000000 1.02920353
85967.699999999997 1.01895845
85967.899999999994 1.01741695
85968.100000000006 1.03127253
85968.300000000003 0.989176691
85968.500000000000 0.932932675
85968.699999999997 1.15692604
85968.899999999994 1.01160979
85969.100000000006 1.03013313
85969.300000000003 0.972229242
85969.500000000000 1.10590172
85969.699999999997 0.993305683
85969.899999999994 1.13903129
85970.100000000006 1.04715610
85970.300000000003 0.947831988
85970.500000000000 1.02861869
85970.699999999997 0.918174446
85970.899999999994 0.958325863
85971.100000000006 0.972985864
85971.300000000003 1.04562354
85971.500000000000 1.06854236
85971.699999999997 1.05066228
85971.899999999994 1.03942716
85972.100000000006 1.01025367
85972.300000000003 1.08276999
85972.500000000000 0.956408024
85972.699999999997 1.01375329
85972.899999999994 0.888490260
85973.100000000006 1.03559339
85973.300000000003 1.05908144
85973.500000000000 1.00518072
85973.699999999997 0.997667551
85973.899999999994 0.986981809
85974.100000000006 0.985317945
85974.300000000003 1.03051627
85974.500000000000 1.11258757
85974.699999999997 1.00645483
85974.899999999994 1.09985900
85975.100000000006 0.963065803
85975.300000000003 0.913475037
85975.500000000000 0.912295818
85975.699999999997 1.03284144
85975.899999999994 0.954750955
85976.100000000006 0.963972747
85976.300000000003 0.915369153
85976.500000000000 0.951411843
85976.699999999997 1.01635504
85976.899999999994 0.934468210
85977.100000000006 1.07861733
85977.300000000003 1.03914320
85977.500000000000 0.920762479
85977.699999999997 0.974270761
85977.899999999994 0.994541347
85978.100000000006 1.06212687
85978.300000000003 1.07619154
85978.500000000000 0.886096716
85978.699999999997 1.02879667
85978.899999999994 0.972564042
85979.100000000006 0.917531550
85979.300000000003 1.03615940
85979.500000000000 1.03022134
85979.699999999997 0.999870002
85979.899999999994 0.915022910
85980.100000000006 0.959684789
85980.300000000003 0.978704989
85980.500000000000 0.982838333
85980.699999999997 0.932185471
85980.899999999994 1.06726778
85981.100000000006 0.868099689
85981.300000000003 0.972662270
85981.500000000000 0.974371552
85981.699999999997 0.999989450
85981.899999999994 1.05594516
85982.100000000006 0.952593267
85982.300000000003 0.945883572
85982.500000000000 0.985712051
85982.699999999997 1.03861666
85982.899999999994 0.938928366
85983.100000000006 1.02645147
85983.300000000003 1.05033720
85983.500000000000 0.961715996
85983.699999999997 1.03890228
85983.899999999994 0.956530094
85984.100000000006 1.02509284
85984.300000000003 0.965988457
85984.500000000000 1.01630080
85984.699999999997 0.963628948
85984.899999999994 0.998379588
85985.100000000006 0.932467222
85985.300000000003 1.07917750
85985.500000000000 0.949734747
85985.699999999997 0.972635508
85985.899999999994 1.00000596
85986.100000000006 0.863964677
85986.300000000003 0.966938317
85986.500000000000 0.923705816
85986.699999999997 0.948295653
85986.899999999994 0.837528348
85987.100000000006 1.02457201
85987.300000000003 0.973271906
85987.500000000000 1.08660579
85987.699999999997 1.02433395
85987.899999999994 0.857911825
85988.100000000006 0.923842072
85988.300000000003 1.08412325
85988.500000000000 0.976871490
85988.699999999997 1.02567530
85988.899999999994 1.00419724
85989.100000000006 0.940607488
85989.300000000003 1.00923765
85989.500000000000 1.09651363
85989.699999999997 1.02831900
85989.899999999994 0.930091679
85990.100000000006 0.928727567
85990.300000000003 0.960625470
85990.500000000000 0.960873783
85990.699999999997 1.02702129
85990.899999999994 1.05810618
85991.100000000006 0.988159657
85991.300000000003 0.936893404
85991.500000000000 1.03780866
85991.699999999997 1.05632579
85991.899999999994 1.08931243
85992.100000000006 0.985363781
85992.300000000003 1.00209725
85992.500000000000 0.999552488
85992.699999999997 0.989688158
85992.899999999994 0.983778834
85993.100000000006 1.05225682
85993.300000000003 0.909067035
85993.500000000000 1.02412295
85993.699999999997 1.06651282
85993.899999999994 1.01875401
85994.100000000006 0.992456436
85994.300000000003 0.930656493
85994.500000000000 0.978594065
85994.699999999997 1.04679084
85994.899999999994 0.963508725
85995.100000000006 1.04529679
85995.300000000003 0.928381860
85995.500000000000 1.04792607
85995.600000000006 1.00235248
85995.899999999994 0.999777138
85996.100000000006 1.02355182
85996.300000000003 0.962111712
85996.500000000000 1.03771269
85996.699999999997 0.973068118
85996.899999999994 0.879865944
85997.100000000006 0.981001198
85997.300000000003 0.999022543
85997.500000000000 0.935162365
85997.699999999997 0.911191463
85997.899999999994 0.899323642
85998.100000000006 0.936496317
85998.300000000003 0.855711639
85998.500000000000 0.929509640
85998.699999999997 1.03882790
85998.899999999994 0.999211013
85999.100000000006 0.973384380
85999.300000000003 0.983607829
85999.500000000000 1.01110291
85999.699999999997 1.03806949
85999.899999999994 1.05770755
