85035.53144038     0.54408818
85035.66537648     0.93542943
85035.79239249     0.99831428
85035.91940850     0.78548657
85036.04726940     1.28506559
85036.17601544     1.27717551
85036.30387634     1.36391103
85049.72178787     0.69869191
85049.86867905     0.53782749
85049.98273998     0.86832808
85050.11060089     1.09612039
85050.50025880     0.93896448
85050.66529512     0.93091465
85050.75167567     1.00438150
85050.88299662     1.07840139
85051.00482255     0.90615780
85051.13356858     0.86604844
85051.26142949     0.68761289
85051.38844550     1.03485006
85051.51892155     1.02883484
85051.64420754     0.91438119
85051.77291334     1.03660874
85051.90081447     0.79613821
85052.02867538     0.85737099
85052.15480626     0.93676702
85052.28355229     0.85255227
85052.41141319     0.80200764
85052.53931433     1.10099813
85052.66717523     0.93401193
85052.79592127     1.07750650
85052.92378217     1.04808940
85053.05079818     1.02788688
85053.17865908     0.97659281
85053.32728028     0.84507815
85053.42923105     1.06976257
85053.58042717     1.04744022
85062.92026788     1.26478089
85063.02825361     0.99720278
85063.15092444     1.22747583
85063.28055561     0.92185473
85063.40149641     1.28091967
85063.53454739     0.93561038
85063.66417855     1.21101944
85063.78769428     1.21067838
85063.91732544     1.14544105
85064.04691637     0.78009078
85064.18773234     1.03685699
85064.30179328     1.16910892
85064.42880929     1.10823394
85064.55667019     1.06032435
85064.68453109     1.30711092
85064.81416225     1.23024455
85064.94029313     1.05386158
85065.06903917     0.89020063
85065.19774497     1.16796235
85065.32391608     1.28065172
85065.45177698     0.68925785
85065.57963789     0.52693326
85065.70838392     0.29286083
85065.83539993     0.90595220
85065.99524617     0.83119055
85066.09458178     1.09992077
85066.22075289     0.62441024
85066.34599864     0.85745956
85066.47043973     0.76496621
85066.60349071     1.03827348
85078.26663405     1.03735691
85078.36423963     1.00820051
85078.49471569     1.08194773
85078.61481160     1.28143209
85078.75047773     1.25722829
85078.87576371     1.04180422
85078.99927944     1.15878165
85079.15482074     1.13536458
85079.25850153     1.28810036
85079.38551754     0.97446880
85079.51422334     1.23149988
85079.65246439     0.95996156
85079.77083027     1.06230075
85079.90822643     0.77702275
85080.02743721     0.87130497
85080.15618324     0.61481022
85080.28146923     0.93694344
85080.40933013     1.00697101
85080.53634614     1.31663727
85080.66593707     1.17958796
85080.79295307     1.15015192
85080.93895912     1.37054417
85081.04956001     0.64962000
85081.17657602     0.87730262
85081.33123219     1.01925220
85081.44267797     0.97869488
85081.55931383     1.03303677
85096.51256204     1.31213510
85096.67932838     0.91444620
85097.02923596     0.92783070
85097.15886712     0.96248964
85097.28499800     0.92423910
85097.41285890     0.92016869
85097.54160494     1.34064193
85097.66862094     0.65843533
85097.79648185     0.97487159
85097.92349786     1.10995241
85098.05135876     1.12056375
85098.17921966     0.73081721
85098.30796570     1.31123554
85098.43844175     0.51789231
85098.56284261     1.07655197
85098.69158864     0.78438460
85098.81771952     1.04408422
85098.94819558     1.15917744
85099.07432646     1.17788434
85099.20222759     0.84158442
85099.33181852     1.17961901
85099.45967942     1.00514634
85099.58669543     0.58135692
85099.74046648     0.53033314
85099.84157234     0.94759708
85099.96858835     0.43166237
85112.01012433     0.92853188
85112.11642027     0.98777834
85112.24255115     0.87995569
85112.36956716     1.17360270
85112.49742806     1.39155040
85112.62532920     1.09257902
85112.75492013     0.79018725
85112.88278103     0.77557481
85113.00891191     0.81101073
85113.14542294     0.91807618
85113.26467395     0.70158144
85113.39253485     1.18847467
85113.52043599     1.02009146
85113.64829689     0.47818418
85113.77615780     1.04923881
85113.90490383     0.83391596
85114.03276473     0.76927028
85114.15978074     1.30293837
85114.54340369     1.33494388
85114.69978988     1.44885251
85114.80174065     1.05524522
85114.92702663     1.30899203
85115.07822275     0.53627449
85115.18274844     0.41161512
85115.31060934     0.26321013
85115.43851048     0.82396691
85115.58021158     1.36511381
85130.42977899     0.75848146
85130.52392453     1.07691493
85130.65182567     0.14832213
85130.85138202     1.24907570
85130.98185807     1.00277063
85131.10625893     1.23083417
85131.41991645     0.55025264
85131.54689223     0.62566522
85131.67479336     0.37720569
85131.80265427     0.29056089
85131.92967027     0.72729083
85132.07048625     0.37043689
85132.18539208     1.17038998
85132.31329322     0.80635263
85132.45064914     1.20821045
85132.56990016     1.13576936
85132.69687593     0.87097053
85132.82477707     0.75136148
85132.95352310     0.68579067
85133.08049887     1.21619006
85133.20666999     1.33843985
85133.33626091     0.24496478
85133.49522203     0.57478185
85133.59371275     0.97274469
85133.72161388     1.02258685
85133.84774476     1.15276485
85147.77714014     0.84206459
85147.91453630     0.96705556
85148.03893715     1.03395255
85148.18152338     0.72913242
85148.29469919     0.64844460
85148.41737002     0.85602991
85148.54957610     0.55384793
85148.67743701     0.62967507
85148.82432818     0.40774043
85148.93319905     0.64905127
85149.06017482     0.58120841
85149.18980598     0.60985370
85149.31766689     0.70868804
85149.44468290     0.46430900
85149.57169890     0.30949221
85149.70301986     0.53826240
85149.82742071     0.39980361
85149.95616674     0.57109657
85150.08318275     0.70208298
85150.21277368     0.75245812
85150.33890456     0.70702720
85150.47022551     0.85017032
85150.59551150     0.95864343
85150.72425753     0.60469506
85150.85127354     0.79108797
85150.98001957     0.74438565
85151.10699534     0.74020703
85151.23489648     0.50906370
85151.36275738     0.76354361
85151.49150342     0.76777346
85161.10782623     0.34353951
85161.20543182     0.70770992
85161.34801805     0.58979810
85161.46119386     0.40636495
85161.58993989     0.38521156
85161.71780080     0.32154357
85161.84566170     0.47127516
85161.97267771     0.34444987
85162.10053861     0.31855707
85162.22928464     0.64357038
85162.35630065     0.63283532
85162.48589158     0.43774828
85162.61290759     0.54457362
85162.74076849     0.33310528
85162.86778450     0.49976356
85162.99737543     0.29343116
85163.12350631     0.38997373
85163.25398237     0.56940281
85163.37926835     0.60111336
85163.50885928     0.58956770
85163.63499016     0.38607968
85163.78534138     0.31599262
85163.89594227     0.63359752
85164.01688308     0.22347847
85164.17672932     0.31575952
85164.27522004     0.53329990
85164.40396607     0.93464580
85178.97274643     0.33740922
85179.10925746     0.58697419
85179.22762334     1.41129871
85179.35978919     0.96246798
85179.51275557     1.12112753
85179.61382121     0.98301478
85179.74429727     0.66456553
85179.87042814     1.37480628
85179.99828905     0.78921691
85180.12792021     0.82325229
85180.25751114     0.49223553
85180.38279712     0.66330813
85180.50977290     0.81705974
85180.63940406     0.30776724
85180.76726496     0.37277000
85180.89601099     0.50987849
85181.02644682     0.54035538
85181.16295785     0.67123401
85181.27617389     0.59667578
85181.40833974     0.33922599
85181.53362572     0.30677573
85181.66064173     0.60970762
85181.78850263     0.34402225
85181.91724867     0.48370416
85182.04599470     0.65588921
85182.17301071     0.33559324
85182.30171651     0.50191381
85182.42788762     0.34268932
85194.84439641     1.47907672
85194.95761245     1.48838425
85195.08458823     1.51478424
85195.21160424     0.59867716
85195.34035027     0.80823643
85195.46736628     1.36061428
85195.59522718     1.49919745
85195.72397321     1.30780440
85195.85183412     1.33414919
85195.97969502     1.15167924
85196.10671103     1.41699434
85196.23457193     1.13402954
85196.36247307     1.18445441
85196.51193917     1.29173901
85196.61992490     1.00397855
85196.74521089     1.07907942
85196.87480181     1.19532829
85197.01823294     1.35417464
85197.13140875     1.35889134
85197.25930989     0.99369208
85197.38544077     1.22171243
85197.52971679     0.98132259
85197.64289260     1.49197616
85197.76990861     1.40790429
85197.92975485     1.30950904
85198.02478552     1.41895189
85210.54847538     1.46890052
85210.68587154     1.42110285
85210.80854237     1.62872031
85210.93728840     1.58966368
85211.06430441     1.47075851
85211.19216532     1.75608493
85211.32091135     1.45118439
85211.44877225     1.30747096
85211.57663316     1.64642187
85211.70883924     1.07922982
85211.83151007     1.59491417
85211.95941120     1.70850609
85212.08727211     1.12477363
85212.22551316     0.68124674
85212.34387904     0.94107284
85212.47173995     1.09782910
85212.59960085     1.09078433
85212.72923201     1.56084674
85212.85620779     1.61035159
85212.98756897     1.48786127
85213.10939491     1.65013087
85213.27439100     1.35219843
85213.36773187     1.38686255
85213.49816769     1.46384375
85213.60530853     1.07997509
85213.75046968     0.90554252
85213.87748569     1.53705114
85214.00446147     1.27384529
85214.13320750     1.32019737
85225.53282380     0.69327119
85225.63565969     0.64730191
85225.76698065     1.04315733
85225.89484155     0.82724798
85226.02185756     0.98003835
85226.14971846     1.27740954
85226.27761960     0.69671704
85226.40548050     1.06181451
85226.53422654     0.67340855
85226.66293234     0.83164486
85226.78994834     0.72093096
85226.91869438     0.79589238
85227.04482526     0.36512589
85227.18998641     0.59763788
85227.30058730     0.97033296
85227.43275315     0.40671135
85227.55630910     1.12715759
85227.70320028     0.80988974
85227.81380117     0.32312702
85227.94166207     0.34887295
85228.06779295     0.45863385
85228.19569409     0.34961505
85228.32439989     0.58592310
85228.45230103     0.39557886
85228.61299217     0.43246970
85228.70544791     1.13285138
85228.83419394     1.27638802
85243.96024346     1.12611587
85244.04746890     1.09019387
85244.17537004     1.33509774
85244.30323094     1.18565886
85244.43197697     1.01184302
85244.56072301     1.21450094
85244.72398907     1.21283991
85244.80091482     1.28818611
85244.94519085     1.42453145
85245.07047683     1.24676633
85245.32619864     0.42421163
85245.45321465     0.51514808
85245.58280557     0.60276096
85245.70982158     1.01715941
85245.83941251     0.64377005
85245.96558362     0.97674234
85246.10466957     0.91707098
85246.22130543     0.99990566
85246.34916633     0.95066030
85246.47618234     1.02167687
85246.60577327     1.64985933
85246.73278928     1.14812482
85246.86069041     1.27510669
85247.02830166     1.01169472
85247.11641222     0.96147448
85259.38434005     0.98113031
85259.52085108     0.76983460
85259.64440703     0.96359730
85259.77226794     1.16433411
85259.90016907     0.61238559
85260.03060490     1.08689008
85260.15850604     1.14830402
85260.28463691     1.13858375
85260.41165292     1.09434383
85260.53951383     0.82656782
85260.66737473     0.83799032
85260.79527587     0.81018447
85260.92398167     1.04880830
85261.05272770     1.04678488
85261.18058860     1.27749611
85261.30848974     1.27261880
85261.43462062     1.03620957
85261.56336665     0.83544514
85261.69038266     0.96796730
85261.81735843     1.02776852
85261.94698960     1.15264781
85262.07658052     0.87437302
85262.48784363     0.94204579
85262.59063929     0.91877299
85262.71419525     0.97379351
85262.84036636     1.14991363
85262.97080219     0.85025569
85263.09781820     1.20254207
85263.22483420     0.97228819
85263.35269511     1.20479763
85274.75750148     0.50174759
85274.85772222     0.52315978
85274.98646826     0.56914421
85275.11432916     0.48358066
85275.24134517     1.19566604
85275.36920607     0.77305113
85275.49795210     0.88700649
85275.62581301     0.76088704
85275.75371414     0.75693027
85275.88157505     0.41744312
85276.00859106     0.83302676
85276.13645196     1.18406456
85276.26431286     1.19931301
85276.39217377     1.28472289
85276.52264982     1.22607728
85276.64966583     1.41778904
85276.77579671     1.19535494
85276.90369785     1.34186689
85277.03155875     1.34255897
85277.16203481     0.97541183
85277.28728056     0.66258689
85277.41518170     1.29526109
85277.54215747     0.70842406
85277.67263353     0.94635825
85277.82555968     1.07474051
85277.92666554     0.87306479
85278.05452645     0.88786029
85290.09694755     0.33444899
85290.20324349     0.91850972
85290.32764435     0.83955534
85290.45466036     0.99562521
85290.58340639     0.77523933
85290.96787423     0.45054147
85291.09489024     0.89422395
85291.22275114     0.96282416
85291.34976715     1.14666201
85291.47762805     1.50630382
85291.60983413     1.05738303
85291.75065011     1.12521747
85291.86298102     1.16850830
85291.98826700     0.56854778
85292.11785793     1.46931895
85292.24744886     1.39652913
85292.37273484     1.39916333
85292.50059575     0.79003781
85292.62849689     0.86539898
85292.75635779     1.46681500
85292.88421869     1.09019532
85293.01296473     1.54048491
85293.17019582     1.42918499
85293.27476174     1.50412605
85293.39743257     1.55876615
85293.52360368     0.95509979
85293.65057945     0.81181552
85293.77932549     0.85208783
85293.90634149     1.10295358
85294.03420240     0.93701520
85305.45542389     1.16315676
85305.54095954     1.38606385
85305.66882044     1.03010224
85305.79672158     1.33150897
85305.92458248     1.39630625
85306.06282353     1.58165494
85306.17945939     1.80918490
85306.30732030     1.42950751
85306.43518120     1.32343247
85306.56392723     0.97639203
85306.69094324     1.39470768
85306.81795925     1.55883147
85306.94670528     1.51578845
85307.08148628     1.40635309
85307.20242709     1.49648900
85307.33547807     1.49266477
85307.45730400     1.39006623
85307.59727508     1.42612052
85307.71391094     1.05347620
85307.84181207     1.14813600
85307.96967298     1.33562140
85308.11137408     1.22623077
85308.22627991     1.28921349
85308.35675597     1.62466557
85308.50879699     1.62086352
85308.60817283     1.28350257
85321.00569159     0.51194812
85321.14135772     1.11266437
85321.28044367     1.41406029
85321.39277458     0.79155443
85321.52063549     1.01137109
85321.64849639     0.98072632
85321.77639753     0.98481668
85321.90425843     0.88357530
85322.03300446     1.06060244
85322.16086537     1.12469925
85322.28788137     0.85138626
85322.41574228     1.22754540
85322.54360318     1.36121127
85322.68791944     0.98577487
85322.79848009     1.45170571
85322.92895615     1.56377836
85323.05597216     1.44081640
85323.18298817     1.17124122
85323.31169397     0.86742200
85323.43870997     1.40219909
85323.56661111     1.32150223
85323.69447201     1.22383025
85323.85516316     1.23858927
85323.94934893     1.07343005
85324.07893986     1.06392431
85324.20680076     1.02139855
85324.33297187     0.97082998
85324.46340770     1.10530187
85324.58869368     1.15253672
85324.73385483     0.94183992
85336.13950610     0.96232948
85336.22246683     1.14333051
85336.35032773     1.24328987
85336.47818863     1.08886200
85336.60693467     1.05699804
85336.73483580     1.20408075
85336.86181158     1.11010724
85336.99055761     0.88145609
85337.11757362     1.16442120
85337.24543452     1.46339803
85337.37329543     1.17788806
85337.50031143     1.12271919
85337.62990236     0.85610332
85337.77421862     1.23705579
85337.88481951     1.00287508
85338.01268041     1.01756757
85338.14054132     1.17489379
85338.28743249     1.36101302
85338.39803338     1.21502875
85338.52589428     1.23766889
85338.65118027     1.04059244
85338.78077120     0.98147969
85338.90778720     1.13811255
85339.03480321     0.92591936
85339.18945938     0.81911129
85339.29141015     1.05765850
85351.68719888     0.55561027
85351.82459503     1.28019640
85351.94726586     1.09572758
85352.07601190     0.75514234
85352.20387280     0.86612371
85352.33173370     0.79842055
85352.46047974     1.27473756
85352.58749574     1.09170995
85352.71881670     0.63581772
85352.84237266     0.63945453
85352.97196358     1.23672131
85353.09897959     1.38184610
85353.22684050     0.76555403
85353.35385650     1.09348338
85353.48171741     0.99512309
85353.61130834     0.75648035
85353.73747945     0.84624213
85353.86534035     1.05611710
85353.99235636     1.05145780
85354.12021726     1.35657049
85354.24896330     1.06866327
85354.37682420     0.89745677
85354.52890545     0.79287518
85354.63258624     1.72899119
85354.75960225     1.30449506
85354.88746315     0.76646419
85355.01793921     1.18669211
85355.14318496     1.49259051
85355.27193099     0.66079898
85355.39979190     1.23576665
85366.80632830     1.15538143
85366.90481901     1.53239479
85367.03356504     1.36249571
85367.16142595     1.53953890
85367.28932709     1.60765075
85367.41630286     1.30069937
85367.54766405     1.70037559
85367.67290980     1.44053451
85367.80081093     1.14410238
85367.92867184     1.29602340
85368.05568784     1.37920539
85368.18354875     1.45231021
85368.31140965     1.21211142
85368.43931079     1.02923826
85368.56628656     1.40569357
85368.69591773     1.75618611
85368.82289350     1.49306848
85368.95163953     1.45611636
85369.08038557     1.45645728
85369.20824647     1.25977977
85369.33353245     0.58011320
85369.46139336     1.31460417
85369.87873167     1.33315161
85369.97633725     1.31560924
85370.10335326     1.13057461
85370.22863925     1.06188362
85382.14319944     0.34159338
85382.25034028     0.52556746
85382.37474114     0.63352848
85382.50264227     0.74300621
85382.62961805     0.44430740
85382.75751919     0.42996259
85382.88538009     1.05122716
85383.01239610     0.59963695
85383.14283192     0.54728100
85383.27157795     0.78189909
85383.39770883     0.77530477
85383.52472484     1.02051163
85383.65262598     0.79340082
85383.79517198     0.90686281
85383.91096294     1.23789276
85384.03966874     0.99124818
85384.16322470     0.97774347
85384.30923074     1.16408451
85384.42329168     0.92867808
85384.54942256     0.75037724
85384.67559367     0.87001001
85384.80260968     0.96591724
85384.93047059     0.83446774
85385.05921662     0.84389575
85385.21125764     1.21705669
85385.31493843     0.73872641
85385.44279933     1.00238823
85385.57070047     0.76281840
85385.69940627     0.99105312
85385.83076745     0.81565530
85397.48699069     1.00157568
85397.58894145     1.19727844
85397.71591723     1.16007357
85397.84381837     1.41073855
85397.97167927     0.98481123
85398.09954017     1.22850949
85398.22828621     1.46309516
85398.35530221     0.98124200
85398.48231822     1.23056536
85398.61017913     1.19433000
85398.75791520     1.12268540
85398.85037094     1.20719582
85398.99380207     1.29258703
85399.12254810     1.45136837
85399.24952388     1.32946673
85399.37742501     1.29294666
85399.51739609     1.20915336
85399.63230193     1.34303532
85399.76273775     0.92576819
85399.89063889     1.04790850
85400.01761466     0.86784491
85400.14463067     0.55861779
85400.27164668     0.96278937
85400.40123761     0.93056603
85412.84285188     1.15294532
85412.92838752     1.51918832
85413.05624843     1.40197925
85413.18499446     1.50580588
85413.31285536     1.33460880
85413.43987137     0.96754458
85413.56773227     0.92911335
85413.69563341     1.03842401
85413.82349432     0.93228296
85413.95135522     1.19212842
85414.07921612     0.85279496
85414.20623213     1.19004960
85414.33497816     0.70277966
85414.46283907     0.94234179
85414.59243000     1.12888201
85414.71771598     0.98057135
85414.84561712     0.83462256
85414.97432292     0.89597494
85415.10222405     1.12786899
85415.23265988     1.10142462
85415.35883099     0.95695122
85415.48753679     1.08749956
85415.61282277     1.14833476
85415.74241370     1.07282587
85415.91521502     1.36492919
85431.29960150     1.28235270
85431.32293671     1.21215401
85431.46721274     0.99552026
85431.59338385     1.48234725
85431.72124475     1.24700729
85431.84826076     1.06271253
85431.97700679     1.13528866
85432.10571259     0.87298085
85432.23361373     1.02271844
85432.36147463     0.78031130
85432.48849064     1.25596734
85432.61635154     0.99917901
85432.74421245     1.47208442
85432.87038356     1.07926830
85433.00170451     0.71017972
85433.12783539     1.07784060
85433.25742632     1.06874804
85433.38359743     0.89497342
85433.51145834     1.18679371
85433.63847435     1.08483802
85433.77498537     0.88553260
85433.89246613     1.02619804
85434.03070718     0.91863615
85434.15253311     1.36975784
85434.29684937     1.30800684
85443.73429567     0.72622346
85443.87342185     0.87369383
85443.99697781     1.02641064
85444.12137866     1.38071527
85444.25096959     1.43857480
85444.37798560     1.49315342
85444.50673163     1.40538735
85444.63374764     1.28569486
85444.76333857     1.00839201
85444.88946944     1.20843664
85445.01648545     1.39617278
85445.14434636     1.08137924
85445.27220726     1.00958173
85445.40095329     0.86190624
85445.52969933     1.38211241
85445.65671533     1.07431284
85445.78976631     1.22963008
85445.91159225     1.23306506
85446.04033828     0.67661148
85446.16731405     0.91748251
85446.29694521     1.21460636
85446.42392099     0.03767998
85446.65288776     0.95219658
85446.93540484     1.30760873
85447.06242085     1.14272217
85447.19116688     1.04863076
85447.31818289     0.98797798
85462.05972433     1.18557135
85462.14787513     1.17904274
85462.27662116     0.67232156
85462.40359694     0.49311288
85462.53149807     0.38651751
85462.65935898     0.67064936
85462.78721988     1.06019548
85462.91596591     0.69924312
85463.04382682     0.87521587
85463.17084283     0.96023516
85463.30216378     0.77144599
85463.42571974     1.09381724
85463.55446577     1.11732177
85463.68321180     1.10778428
85463.81799281     1.22500711
85463.94239366     1.20010838
85464.06594962     1.01302371
85464.19554055     1.18052594
85464.32517171     0.92363719
85464.45041746     1.00871582
85464.57916349     0.94685382
85464.70444947     1.25896954
85464.83577043     0.56329090
85464.96190131     0.87796808
85480.43528348     0.41337164
85480.54588437     0.98731631
85480.67547530     1.09707391
85480.79818636     0.30004388
85480.92777729     1.19192237
85481.07466847     0.45788952
85481.18265420     0.92584910
85481.31140023     0.84024578
85481.44183606     0.47321845
85481.56627715     0.41766704
85481.71228319     0.32088491
85481.82199895     0.38107458
85481.96458519     0.74222214
85482.09333122     0.37767261
85482.21857697     0.38839728
85482.34993815     0.52244241
85482.48037398     0.16111864
85482.59443492     0.45243048
85482.73267597     0.57603107
85482.84327686     0.31054026
85482.97890276     0.45129618
85483.11887383     0.24139795
85483.24331492     0.42999584
85483.36341083     1.07402130
85498.43759984     1.43967569
85498.57584089     1.31918205
85498.70631695     1.26971967
85498.84540290     1.30036005
85498.96895885     1.19652477
85499.09597486     1.36272512
85499.22472090     1.23250434
85499.35861677     1.24215891
85499.47959781     1.27933460
85499.60745871     1.27866995
85499.76557493     1.15755130
85499.86491054     1.62766738
85500.27186871     1.50339001
85500.37124455     1.42974665
85500.50168037     1.57796829
85500.62958151     1.33061471
85500.77731758     1.39028168
85500.88876337     1.03800999
85501.00974441     0.83445291
85501.14018023     1.14122008
85501.26981139     0.38602048
85501.40716732     1.07776117
85501.52380317     1.01400662
85501.65166408     1.10698004
85501.78475529     0.80211651
85514.17796910     1.31495570
85514.30840492     1.16765520
85514.43542093     1.22036897
85514.56328183     1.52676450
85514.69548792     1.36618211
85514.81988877     1.33256197
85514.94432986     0.84957156
85515.07565081     0.41635448
85515.19832164     1.11731299
85515.33398777     1.34769104
85515.46273381     1.06832534
85515.58628976     1.01655829
85515.71499556     1.39681979
85515.84893167     1.32219949
85515.97421765     1.25691965
85516.08739346     1.44477103
85516.22647941     1.24271364
85516.35349542     1.47532732
85516.48135632     1.06488243
85516.60925746     1.46857910
85516.73627347     1.69534428
85516.86670929     1.27511785
85517.01879054     1.18363232
85517.12247133     0.82174576
85532.61484355     1.34996021
85532.73147941     1.34298885
85532.83431530     1.37848954
85532.97340125     1.47009697
85533.10126215     1.04568716
85533.22827816     1.58083176
85533.35617930     1.37445510
85533.49269032     1.23201437
85533.61447603     1.33887590
85533.74064714     1.73168815
85533.85812789     1.27307179
85533.99552405     1.25663759
85534.12338495     1.29327865
85534.25124586     1.04994841
85534.36965197     1.12280357
85534.50616300     1.38081859
85534.63832885     0.42577506
85534.76791978     0.80841823
85534.90185589     0.96466866
85535.03144681     1.54947301
85535.13774276     1.20080653
85535.27682871     1.46427557
85535.39173454     1.28096228
85535.52997559     1.51628627
85551.02926791     0.89204883
85551.12345368     1.15080018
85551.25477463     1.04219853
85551.38267577     0.51413681
85551.50965154     0.97173019
85551.62198246     1.11980507
85551.76541358     0.92951945
85551.89327449     1.04439803
85552.02113539     0.94894513
85552.14988142     1.03414648
85552.27774233     0.51692920
85552.40648836     1.02403551
85552.53696442     1.05744245
85552.66398042     1.16641684
85552.77454108     0.99696993
85552.91797221     0.98800817
85553.04498821     1.34994577
85553.17630917     1.19184368
85553.28345001     1.09439662
85553.42945606     1.17126742
85553.55562717     1.13809400
85553.68779302     1.25891573
85553.80100906     0.89631119
85553.93925011     0.76479975
85569.42470223     1.11341224
85569.53614801     1.04331348
85569.66316402     1.17880408
85569.79191005     1.16982906
85569.91977096     1.10470951
85570.04763186     0.86675153
85570.17553300     1.03405664
85570.30250877     0.94790031
85570.43040991     0.99489948
85570.56346089     1.04432448
85570.68786174     1.21900760
85570.81660777     1.08987890
85570.94273865     0.68765837
85571.07063979     1.20842868
85571.19761556     0.63134259
85571.32551670     0.87545845
85571.45337760     1.28629304
85571.58123851     1.12040697
85571.71171457     1.21281886
85571.84046060     1.01651930
85571.96486145     1.22869645
85572.09360749     1.41832902
85572.22235352     1.23228376
85572.35021442     1.34648373
85572.49968052     1.41390004
85587.85296679     0.56511092
85587.94542253     0.91059404
85588.07328343     1.39795505
85588.20202947     0.88009116
85588.32470030     1.06965347
85588.45690638     1.04077600
85588.58561218     0.96195582
85588.71089816     1.09136651
85588.84052932     1.25890379
85588.96839023     0.93340459
85589.09625113     1.21181477
85589.22499716     0.89291141
85589.35201317     0.83541396
85589.49628919     0.74593644
85589.61035013     1.14276713
85589.73821104     0.91252306
85589.86349702     1.30337613
85590.00777304     1.31187030
85590.11921883     1.21805908
85590.25058001     1.36511065
85590.37498087     0.64938440
85590.51841199     0.34228939
85590.63243270     0.34801998
85590.76117873     0.65581275
85606.26220107     1.55663141
85606.35465682     1.16521605
85606.48251772     1.29704964
85606.61041886     0.96039662
85606.73827976     1.34270615
85606.86529577     1.16934895
85606.99488670     1.28680607
85607.12190270     1.04279131
85607.24976361     1.24610008
85607.37331957     1.18635813
85607.50548542     0.92030251
85607.61870146     1.46290247
85607.74656236     0.84663228
85607.88826346     0.62899083
85608.27273130     0.64137847
85608.40059221     1.04932330
85608.52933824     0.90958381
85608.65719914     0.97807260
85608.78337026     0.60573796
85608.91123116     0.61764859
85609.04170722     0.38977430
85609.16872323     0.30101216
85609.31818932     0.39132997
85609.42444503     0.52250169
85624.67578053     0.49649621
85624.76477623     0.47420047
85624.89352226     0.43418336
85625.02049804     0.40871140
85625.27537495     0.21756855
85625.40327609     0.42065582
85625.53198189     0.41823567
85625.65988302     0.29996269
85625.78689903     0.32687484
85625.91560483     0.42541851
85626.04350597     0.40714567
85626.17048174     0.53749905
85626.29838288     0.55570101
85626.42881870     0.49168318
85626.55325979     0.57782560
85626.68285072     0.45313316
85626.80986673     0.52324234
85626.93857253     0.38958649
85627.06558853     0.50254310
85627.19348967     0.33356333
85627.32135057     0.47323568
85627.44921148     0.55704136
85627.57795751     0.57048790
85643.07551980     0.46948880
85643.17316562     0.49247132
85643.30187142     0.52732473
85643.42977256     0.55993617
85643.55674833     0.55020129
85643.68464947     0.48176441
85643.81251037     0.37332049
85643.94037127     0.46306674
85644.06827241     0.50717774
85644.19697821     0.48913777
85644.32487935     0.42257492
85644.45185512     0.37078586
85644.57975626     0.38622464
85644.72487718     0.49109025
85644.83636320     0.49955411
85644.96595412     0.51570677
85645.09124011     0.55111092
85645.21998614     0.39694996
85645.60272396     0.47766199
85645.73320001     0.49589237
85645.85844576     0.29930705
85645.98546177     0.48876208
85646.14100307     0.52485736
85646.24122381     0.66969250
85646.36996984     0.48489443
85661.48217916     0.48628825
85661.58239990     0.47305670
85661.71026081     0.37794881
85661.83989197     0.39735220
85661.96948290     0.34551625
85662.09476888     0.34725484
85662.22262979     0.16979981
85662.35137582     0.29427455
85662.47923672     0.24218192
85662.60536760     0.30101565
85662.73322850     0.40673524
85662.86197454     0.47432889
85662.98899055     0.32980098
85663.12119663     0.44662103
85663.24386746     0.29802689
85663.37434351     0.63809934
85663.50047439     0.35872940
85663.62833530     0.44100634
85664.01284337     0.36798835
85664.14154917     0.34525776
85664.26772028     0.48598691
85664.39646631     0.45631696
85664.54593241     0.36874040
85664.65134323     0.45262829
85679.90263849     0.42936744
85679.99336421     0.49344058
85680.12038022     0.37124984
85680.24824113     0.39962781
85680.37525713     0.60237853
85680.50311804     0.24487259
85680.63186407     0.54157590
85680.75972497     0.50495817
85680.88762611     0.55582101
85681.01548702     0.36760410
85681.14250302     0.46239291
85681.27036393     0.30314424
85681.39822483     0.33775113
85681.52697086     0.50791185
85681.65483177     0.45664250
85681.78184777     0.47862681
85681.90970868     0.55447052
85682.03760982     0.48659251
85682.16547072     0.42394545
85682.29333162     0.34544311
85682.42034763     0.40072149
85682.54820853     0.55101692
85682.67868459     0.49081992
85682.80654550     0.53491698
85698.29115272     0.68323936
85698.40263873     0.40813335
85698.53049964     0.68591381
85698.65663052     0.66327936
85698.85880202     0.56933991
85698.98581803     0.58754942
85699.29859042     0.58564318
85699.42645133     0.57227181
85699.55346733     0.55918574
85699.68048334     0.27494945
85699.80834424     0.30845540
85699.93793517     0.27987922
85700.06668121     0.29936122
85700.19281209     0.29762127
85700.32071322     0.52954178
85700.46325922     0.35409597
85700.57732016     0.44434052
85700.70518106     0.46474224
85700.83131194     0.28722490
85700.95921308     0.48557860
85701.08791888     0.41615457
85701.21582001     0.54027513
85701.37393624     0.36001860
85701.47761703     0.30770717
85716.70646220     0.40470622
85716.81187302     0.41426172
85716.94061905     0.50195239
85717.06763506     0.59125929
85717.19549596     0.59842059
85717.32335687     0.47252905
85717.45121777     0.51361685
85717.57996380     0.35793707
85717.70697981     0.36665379
85717.83572584     0.42457120
85717.96270162     0.47661149
85718.09060276     0.43548520
85718.21761876     0.45237442
85718.34632456     0.46110249
85718.47334057     0.40988545
85718.60554665     0.53407409
85718.72994751     0.45328293
85718.86299849     0.42757779
85718.98570955     0.44124143
85719.11268532     0.48205844
85719.24058646     0.54563020
85719.36844736     0.45164510
85719.49892342     0.51508612
85719.77452040     0.14083036
85735.12350172     0.26110869
85735.22199243     0.18718857
85735.34985334     0.18150595
85735.47686934     0.11100868
85735.60561538     0.17882121
85735.73259115     0.37640281
85735.86049229     0.33423283
85735.98835319     0.27809119
85736.13262922     0.17245134
85736.24580503     0.16485371
85736.37370616     0.16046465
85736.49983704     0.14799094
85736.62769794     0.30757822
85736.75644398     0.12261192
85736.88257486     0.29269760
85737.01047599     0.28804822
85737.13918179     0.54610829
85737.26619780     0.19479316
85737.39063889     0.15401143
85737.52453476     0.40717116
85737.65070587     0.30529884
85737.77856678     0.25310872
85737.90731281     0.27899381
85738.03517371     0.54469616
85753.53189111     0.50338710
85753.63038182     0.52663093
85753.75824273     0.60692584
85753.88698876     0.53710292
85754.01484966     0.50776930
85754.14186567     0.44591063
85754.26972657     0.44468528
85754.39758748     0.41159591
85754.52633351     0.41071926
85754.65334952     0.30184714
85754.78121042     0.41409699
85754.90822643     0.42784910
85755.03697246     0.33413362
85755.16483337     0.22212191
85755.29442430     0.42230023
85755.42144030     0.37507655
85755.54845631     0.46990012
85755.67631721     0.38444554
85755.80590814     0.46746539
85755.93380928     0.46105028
85756.05994016     0.50225063
85756.18953109     0.41482998
85756.31912202     0.54006994
85756.44440800     0.43330045
85771.93593532     0.60156319
85772.04046100     0.60662659
85772.16836214     0.46002171
85772.29537815     0.62910756
85772.42323905     0.74950241
85772.55198509     0.49301603
85772.67984599     0.44717797
85772.80770689     0.62121985
85772.93556780     0.35255557
85773.06258380     0.60858400
85773.19044471     0.47464722
85773.31834584     0.60308239
85773.44620675     0.57414395
85773.57925773     0.45292234
85773.70369881     0.24716551
85773.83155972     0.52504837
85773.95596057     0.45994674
85774.10369664     0.45810292
85774.21083748     0.44061391
85774.34042841     0.72744007
85774.46917444     0.52958420
85774.59619045     0.24580792
85774.72666651     0.56031583
85774.85368252     0.21696092
85790.35470486     1.23599784
85790.44973552     0.86258186
85790.57502151     0.80379678
85790.70545733     0.90491013
85790.83247334     0.43281528
85790.96033424     0.58963082
85791.08823538     1.10151457
85791.21694118     1.27107973
85791.34484231     1.02984450
85791.47270322     0.45914280
85791.59971923     0.92070929
85791.72758013     1.26812057
85791.85632616     1.11653001
85791.98937714     1.27708977
85792.36781001     0.99127669
85792.49482602     0.87840331
85792.62357205     0.76174215
85792.74797291     1.20276729
85792.87844896     0.90684268
85793.00630987     0.96329944
85793.13417077     1.20031752
85793.26118678     0.93730933
85793.42360795     0.84207412
85793.52036864     1.02916590
85808.76478404     1.15083950
85808.85896981     1.27919938
85808.98771584     0.65666542
85809.11819190     0.85667180
85809.24259275     0.97684718
85809.37045366     1.21228790
85809.49746966     1.37395860
85809.62621570     1.32460575
85809.75323170     1.34226631
85809.88193750     1.30683777
85810.00983864     1.54169277
85810.13769954     1.49978219
85810.26556045     1.33103492
85810.40899158     1.25890210
85810.77619940     0.83827512
85810.90494543     1.20348100
85811.03192121     1.45166385
85811.15982234     1.42104710
85811.28852814     1.02449795
85811.41554415     1.62820646
85811.82942241     0.59688139
85811.93048805     0.91061730
85812.05665916     1.13658690
85812.18279004     1.32796314
85827.16886848     1.08322234
85827.27081925     1.08578613
85827.39695013     1.21831536
85827.52396613     1.09590472
85827.65182704     1.20660787
85827.77972817     1.14840946
85827.90758908     0.66920666
85828.03544998     1.03429316
85828.16331089     0.98103106
85828.29032689     0.77426964
85828.41822803     1.10271560
85828.54781896     1.28450761
85828.67483497     1.08968693
85828.80269587     1.09364479
85828.93228680     0.89211857
85829.05930281     1.10080185
85829.18543369     0.97179475
85829.31329459     1.00160348
85829.44292575     1.21387583
85829.56990153     0.61947355
85829.70383763     0.69710462
85829.82566357     0.89340615
85829.95440960     0.76571034
85830.08227050     1.08441864
85845.57637274     1.17229273
85845.67747861     1.50083681
85845.80533952     1.52110882
85845.93320042     1.18595344
85846.06021643     1.46430047
85846.18980736     1.27792991
85846.31682336     1.08257952
85846.44468427     1.20215550
85846.57258540     1.16018754
85846.70044631     1.14420443
85846.82919234     1.26781141
85846.95793837     0.27656952
85847.08318412     0.66055109
85847.21193016     0.76237041
85847.59639800     1.01513749
85847.72775918     1.13084359
85847.85389006     0.95654294
85847.98090607     0.99331078
85848.10792208     0.97660150
85848.24527800     1.05562907
85848.36364388     1.40039949
85848.49150479     0.96127223
85848.64443094     1.14226661
85848.74380678     0.94704528
85848.87339771     1.28190773
85864.00463730     1.18281726
85864.08759803     0.94558545
85864.21545893     1.05791783
85864.34247494     1.45159471
85864.47033584     1.17450780
85864.59819674     1.16499675
85864.72694278     0.59226349
85864.85395879     0.45760097
85864.98181969     0.96193118
85865.10968059     1.03093954
85865.23842663     0.93306980
85865.36286771     0.89706114
85865.49330354     1.25344249
85865.62116444     1.24196011
85865.74818045     1.24484078
85865.87865651     1.16033674
85866.00478739     1.14544668
85866.13268852     0.39283742
85866.26312435     0.38338795
85866.38929546     0.93900034
85866.51542634     0.90185978
85866.64847732     0.53844006
85866.77549332     0.52782752
85866.89989418     1.08358696
85882.39399642     1.47641696
85882.49683231     1.22835109
85882.62469321     1.42155081
85882.75170922     1.19247084
85882.88045526     1.45214531
85883.00747126     1.25688859
85883.13533217     0.95889008
85883.26319307     1.03749565
85883.39193910     1.30301244
85883.51980001     0.92162063
85883.64681602     1.09558189
85883.77467692     1.09608744
85883.90257806     0.94377662
85884.04769897     1.00409255
85884.15829986     1.42783183
85884.28531587     1.38119428
85884.41317677     1.41915111
85884.54276770     1.01638513
85884.67151374     1.30309166
85884.79764462     1.36213507
85884.92554575     1.11507577
85885.05340666     1.04912091
85885.18561274     1.22034775
85885.31174362     1.35566248
85900.81534088     0.40510715
85900.90522170     0.84384486
85901.03396773     0.28623433
85901.16182864     0.48672469
85901.28968954     0.43253008
85901.41670555     0.39769349
85901.54545158     0.34439320
85901.67246759     0.34926299
85901.80032849     0.59867666
85901.92818940     0.61633223
85902.06731558     0.35499125
85902.18395144     0.46222442
85902.31265724     0.41119697
85902.44055837     0.78739916
85902.56926417     0.49133363
85902.69628018     0.23126809
85902.82329619     0.52794627
85902.95115709     0.34369512
85903.07817310     0.30441227
85903.20864916     1.44493727
85903.33478004     1.27277951
85903.46264094     0.63484002
85903.59054208     0.60107108
85903.71840298     0.54220508
85919.21685040     0.34973431
85919.31534111     0.32713049
85919.44320202     0.71650352
85919.57021803     0.64603713
85919.69896406     0.36757712
85919.82682496     0.82881682
85919.95468587     0.64420236
85920.08254677     0.40550342
85920.21044791     0.29017598
85920.33742368     0.42569648
85920.46616971     0.36087637
85920.59491575     0.41213969
85920.72193176     0.47499949
85920.84979266     0.34814867
85920.97680867     0.49427720
85921.10466957     0.51910341
85921.23253047     0.50438702
85921.36043161     0.48348215
85921.50124758     0.31079882
85921.61269337     0.58227216
85921.74316943     0.31727775
85921.87191546     0.50287699
85921.99458629     0.80293385
85922.12763727     0.45909042
85937.61397451     1.51317897
85937.71335036     0.98555181
85937.83517629     1.23074897
85937.98291236     1.65985470
85938.11338842     0.99640338
85938.24555427     1.27517187
85938.36653531     1.09721430
85938.49182129     0.92604444
85938.61968219     0.66374645
85938.74669820     1.25125443
85938.87713403     0.51027147
85939.00503516     0.58796863
85939.13032115     0.82817320
85939.24434185     0.64185517
85939.38777298     0.60793250
85939.51651901     0.95810323
85939.64264989     1.21790768
85939.77051079     1.27416042
85940.14290869     1.22470521
85940.28372467     0.73286917
85940.40816575     0.94039646
85940.53775668     1.21023849
85940.68722278     1.39753155
85940.79263359     1.01705627
85940.91964960     1.24444084
85956.04223907     0.88613256
85956.13380969     1.15534841
85956.26255572     0.73053138
85956.38957173     0.84678411
85956.51743263     0.73554280
85956.64529353     0.85461128
85956.77319467     1.17242975
85956.90021068     1.21821631
85957.02980161     1.37372577
85957.15681762     1.09650646
85957.28467852     1.36148710
85957.41253942     1.04856398
85957.54040033     1.26304702
85957.68037140     1.21841352
85957.79527724     1.07455217
85957.92317837     1.07433455
85958.05188417     0.91905601
85958.17978531     1.16651332
85958.30764621     0.99515379
85958.43466222     1.03906028
85958.56252313     0.87936158
85958.69038403     0.97323653
85958.82086009     1.02351435
85958.94699097     0.99720041
85974.44459349     1.52514605
85974.54392910     1.11530004
85974.67179000     1.48364192
85974.79969114     1.41848944
85974.92755204     1.37427592
85975.05456805     1.51261857
85975.18242896     1.40067220
85975.31028986     1.47524895
85975.43819100     1.14085270
85975.56689680     1.51464428
85975.69564283     1.01682230
85975.82438886     1.46699821
85975.94967484     1.15245517
85976.07753575     1.26030932
85976.20020658     0.87992648
85976.33329779     1.14185212
85976.46027356     1.39256486
85976.58817470     1.03861685
85976.71257555     1.04325991
85976.84478164     1.25493891
85976.97264254     1.11407005
85977.09965855     1.09018143
85977.51349658     1.17218163
85977.61371732     1.25023979
85992.85382777     1.32506528
85992.95489341     1.03264917
85993.08017939     1.19928938
85993.20892543     1.52517068
85993.33678633     1.26498424
85993.46380234     1.37279774
85993.59166324     1.10913506
85993.71956438     1.18069229
85993.84827018     1.04451259
85993.97098124     1.26345999
85994.10230219     0.98905721
85994.23189312     1.24226317
85994.35717911     1.21552620
85994.50234026     1.18441686
85994.61551607     1.24435069
85994.74337697     1.14249621
85994.87039298     0.82764197
85994.99825388     1.11327556
85995.12788504     1.18952209
85995.25317103     1.21984199
85995.38187683     1.39452138
85995.50977796     1.00865921
85995.63417882     1.03279377
85995.76638490     1.04603574
85995.92619091     1.33184924
86011.26652211     1.09785287
86011.36155277     1.52875402
86011.48945391     1.19117516
86011.61815971     0.91166000
86011.74517572     1.27476509
86011.87392175     1.19174922
86012.00093776     1.05630199
86012.12879866     1.18290648
86012.25665957     1.24234502
86012.38456070     1.12108523
86012.51242161     0.90163003
86012.64028251     1.10620678
86012.76814342     1.05517282
86012.89688945     0.80194214
86013.02390546     0.91804670
86013.15176636     1.17197852
86013.27966750     0.92020318
86013.40837330     0.51374158
86013.53538930     0.64343466
86013.66325021     0.80121110
86013.79026622     1.10176764
86013.91985714     1.07799188
86014.04775828     0.85778865
86014.17561918     0.93511377
86029.67233658     0.45666787
86029.77082729     1.06007101
86029.89784330     0.47336979
86030.01186401     0.93850520
86030.15614003     0.76660047
86030.28231114     0.71135423
86030.41017205     0.98296291
86030.53976297     0.48366249
86030.66420406     0.36149751
86030.79552501     0.80490256
86030.92254102     0.85350805
86031.04951680     0.75922469
86031.16100281     0.86611183
86031.30785376     1.10031232
86031.43313974     1.12689689
86031.56792074     0.99947582
86031.68717176     0.88295293
86031.81591779     1.00715693
86031.94462359     1.02962005
86032.07425475     1.11405195
86032.20123053     1.07815251
86032.32997656     0.93884623
86032.45526254     0.91245507
86032.58312345     1.11671420
86048.08414578     0.26698848
86048.18094671     0.71998297
86048.30792248     0.29263951
86048.43666852     0.61519744
86048.56368452     0.75645760
86048.68724048     0.90748829
86048.81940633     0.89063791
86048.94903749     0.41702101
86049.07343835     0.64247533
86049.20475930     0.82762341
86049.33177531     0.76370141
86049.46225137     0.61851278
86049.58665222     0.91034603
86049.71451312     0.98052015
86049.83460903     1.02702961
86049.97285008     0.87782316
86050.09902120     1.14452352
86050.22688210     1.01263305
86050.33832788     1.10444825
86050.48348904     1.03123684
86050.60961992     0.94409396
86050.73752105     0.76767788
86050.85415691     0.94606551
86050.99324286     0.92243590
86066.49945527     0.47067882
86066.59018099     0.78294581
86066.71719700     0.82993932
86066.84590280     0.54529728
86066.97380394     1.11041687
86067.10166484     0.88501631
86067.22522080     0.64464393
86067.35742688     0.68244224
86067.48440266     1.11755405
86067.61230379     1.10593747
86067.74273962     1.03366322
86067.87237078     1.10024432
86067.99677163     1.01223893
86068.12378764     0.71312416
86068.25249344     1.04508326
86068.37950945     1.16733592
86068.50998551     1.14464613
86068.64046156     0.62466794
86068.76401752     1.11542655
86068.89187843     1.32763332
86069.01889443     1.13852891
86069.14675534     1.12175417
86069.27461624     0.77420665
86069.40247715     0.95915855
86084.90092456     1.07778922
86084.99941528     1.04851932
86085.12727618     1.12105859
86085.25517732     0.92666685
86085.38219333     0.83198381
86085.51178426     0.83937635
86085.63880026     0.84128056
86085.76666117     0.87638938
86085.89452207     1.01808600
86086.02238297     1.06947017
86086.15028411     1.01860625
86086.27725989     0.91074153
86086.40516102     1.24534010
86086.53390706     1.00817408
86086.65569276     0.94746329
86086.78962886     1.02275552
86086.91748977     1.12340257
86087.04450577     1.14336078
86087.17498183     0.92068423
86087.30026782     1.23621250
86087.42897362     1.40842074
86087.55687475     1.37012155
86087.68473566     1.20404995
86087.81259656     1.29091226
86087.96552271     1.07665852
86103.31534892     0.54247889
86103.40868980     0.76094104
86103.53655070     0.61173658
86103.66529673     0.94089044
86103.79227251     0.77628526
86103.92017365     1.07080334
86104.04714942     1.08699684
86104.17589545     1.24704747
86104.30375636     1.17465847
86104.42731231     0.92663597
86104.55867350     1.01848994
86104.68737930     1.17181095
86104.81355041     1.19697053
86104.94398624     1.04971596
86105.07015735     0.60279244
86105.19886315     0.68863285
86105.32676429     0.92749843
86105.45462519     1.22825302
86105.83736300     1.12067940
86105.96526414     1.27506003
86106.09569997     1.43952565
86106.22271597     0.97915368
86106.37133718     1.18043243
86106.47759289     1.01670251
86121.71854824     1.46324772
86121.81792408     1.16108676
86121.94667011     1.13712854
86122.07364589     1.33030918
86122.20154703     1.30734310
86122.32940793     0.42861690
86122.45899886     0.77507019
86122.58516997     1.51142320
86122.71387577     1.14807055
86122.84089178     1.15425040
86122.97048271     1.16843185
86123.10095876     0.88598887
86123.22624475     1.11328480
86123.35237563     0.77253836
86123.48023653     1.07837179
86123.60898256     1.23729940
86123.73688370     1.36692462
86123.86385947     0.61445150
86123.99349064     1.08032759
86124.12046641     1.05067515
86124.24748242     0.97123829
86124.37534332     1.14007170
86124.48682934     0.88891543
86124.63195026     1.16436886
86140.13128281     0.81444123
86140.22715837     0.61680329
86140.35590440     0.52425803
86140.48376530     0.57117210
86140.61166644     0.45118751
86140.73003232     0.42842345
86140.87169319     0.49807698
86140.99440426     0.61757769
86141.12399518     0.45572289
86141.23371094     0.69155204
86141.37975723     0.79951905
86141.50761813     0.95440842
86141.63463414     0.97199088
86141.76595509     1.27096338
86141.89381599     1.04920761
86142.01737195     1.24996698
86142.14784801     0.86298741
86142.27224886     1.45314911
86142.40356982     0.59666850
86142.52801090     1.11111683
86142.65671670     0.80385881
86142.78546274     0.81288739
86142.91593879     1.02983046
86143.04122478     0.66057905
86158.54570717     1.05459482
86158.63643289     0.67330628
86158.76429379     0.78006846
86158.89215469     0.67048968
86159.02090073     0.94031384
86159.14876163     1.20670305
86159.27662253     1.17610789
86159.40452367     0.87647861
86159.53153968     1.30111413
86159.65940058     1.30820311
86159.78726149     1.13835206
86159.91685241     1.20970777
86160.04386842     0.84331400
86160.18641442     1.01026714
86160.30136049     0.94197629
86160.43268144     1.12205856
86160.55450737     1.04463038
86160.68582833     1.23348167
86160.80161929     0.70879336
86160.93982011     1.27849795
86161.06599122     0.52502693
86161.19385213     0.30586091
86161.31221801     0.65443049
86161.45134419     0.76168163
86176.96097642     1.10008573
86177.04824209     1.20212806
86177.17441320     0.74834097
86177.30227411     1.33404246
86177.42929012     1.02210047
86177.55888104     1.00928998
86177.94161886     0.87280400
86178.07036489     1.30015076
86178.18527073     1.18659830
