85534.028999999995 1.08846080
85534.240000000005 1.14234507
85534.429000000004 1.16649723
85534.630000000005 1.04859924
85534.830000000002 0.989416480
85535.028999999995 0.975396574
85535.229000000007 0.995103419
85535.429000000004 0.901091635
85535.630000000005 0.855274558
85535.831000000006 0.978661299
85536.028999999995 1.07215524
85536.229000000007 1.10726178
85536.429000000004 1.00688744
85536.630999999994 0.882631779
85536.828999999998 1.10899889
85537.028999999995 1.04763317
85537.229000000007 1.24109471
85537.440000000002 1.06041312
85537.630000000005 1.05729139
85537.828999999998 0.988730431
85538.029999999999 0.969518840
85538.229999999996 0.952845275
85538.429999999993 0.869395256
85538.630999999994 0.912731588
85538.830000000002 0.946574986
85539.029999999999 0.933814108
85539.229999999996 0.999797761
85539.429999999993 0.895402610
85539.630999999994 0.996641517
85539.830000000002 0.873310447
85540.029999999999 0.810539007
85540.229999999996 0.985610843
85540.441000000006 1.15458572
85540.630999999994 1.11835158
85540.830000000002 0.996152997
85541.029999999999 1.05796123
85541.229999999996 0.985676825
85541.429999999993 1.05786657
85541.630999999994 0.984081507
85541.830000000002 1.14679337
85542.029999999999 0.985507905
85542.229999999996 0.873742521
85542.429999999993 0.965838730
85542.631999999998 1.11539924
85542.830000000002 1.09279025
85543.029999999999 1.07081890
85543.229999999996 1.02516496
85543.442999999999 0.911468089
85543.630999999994 0.894007981
85543.830000000002 0.934676349
85544.029999999999 1.08459854
85544.229999999996 0.895734727
85544.429999999993 1.05553985
85544.631999999998 0.948174953
85544.831000000006 1.05815768
85545.031000000003 1.00567794
85545.229999999996 1.10193610
85545.430999999997 0.998606443
85545.631999999998 1.03276348
85545.830000000002 1.06594205
85546.029999999999 1.16951048
85546.231000000000 1.09447253
85546.430999999997 1.17025495
85546.644000000000 1.09069574
85546.831000000006 1.10304296
85547.031000000003 1.02442813
85547.231000000000 1.10919321
85547.430999999997 1.17860985
85547.633000000002 1.21521795
85547.831000000006 1.11340964
85548.031000000003 1.05291700
85548.231000000000 1.19590127
85548.430999999997 1.09273148
85548.631999999998 1.03360534
85548.831000000006 1.10149038
85549.031000000003 1.08268166
85549.231000000000 1.20699418
85549.430999999997 1.01648235
85549.642999999996 1.06472838
85549.831000000006 0.973139346
85550.031000000003 1.14990962
85550.232999999993 0.907997549
85550.430999999997 0.908893406
85550.633000000002 1.13565195
85550.831000000006 1.03351653
85551.031000000003 1.09828627
85551.231000000000 0.998825848
85551.430999999997 1.00821340
85551.634000000005 1.10259426
85551.831000000006 1.02670133
85552.031000000003 1.10942209
85552.232000000004 1.07041216
85552.430999999997 1.10558784
85552.634999999995 1.15842199
85552.842999999993 1.16391659
85553.031000000003 1.25787854
85553.232000000004 1.10747802
85553.430999999997 1.12130630
85553.634999999995 1.05359137
85553.831000000006 0.975962102
85554.032000000007 1.18873787
85554.232999999993 1.10406458
85554.432000000001 0.991990328
85554.634999999995 1.03806996
85554.831000000006 1.05989790
85555.032000000007 1.09054112
85555.232999999993 1.07414114
85555.432000000001 1.18604171
85555.635999999999 1.20498252
85555.831999999995 0.973731279
85556.042000000001 1.12490821
85556.232000000004 0.951757967
85556.433000000005 1.14940786
85556.634999999995 1.04748976
85556.831999999995 1.21860325
85557.032000000007 1.11000896
85557.232999999993 1.11240792
85557.432000000001 0.954405546
85557.634000000005 1.11912048
85557.832999999999 1.11846495
85558.032000000007 1.10674787
85558.232000000004 1.20232022
85558.432000000001 1.14619315
85558.634999999995 1.02241457
85558.831999999995 1.03480744
85559.032000000007 1.04416382
85559.243000000002 1.12283921
85559.432000000001 1.09838212
85559.635999999999 1.02425694
85559.831999999995 1.05371618
85560.032000000007 0.958956063
85560.232000000004 0.982205033
85560.432000000001 0.977612078
85560.635999999999 1.00332034
85560.831999999995 1.03444314
85561.032999999996 0.976679921
85561.232999999993 0.878741860
85561.434999999998 0.938774765
85561.634999999995 1.04239154
85561.831999999995 1.08037817
85562.032999999996 0.923375666
85562.244000000006 1.05364382
85562.433000000005 1.06817341
85562.634999999995 1.06287289
85562.832999999999 1.02939177
85563.032999999996 1.11730766
85563.232999999993 1.05877399
85563.433000000005 1.06324935
85563.634999999995 1.13523746
85563.832999999999 1.04797733
85564.032999999996 1.09499145
85564.232999999993 1.11210227
85564.433000000005 1.20242143
85564.637000000002 1.20065939
85564.832999999999 1.04686785
85565.032999999996 1.19340611
85565.245999999999 1.08828235
85565.433000000005 1.08154702
85565.637000000002 1.10693681
85565.832999999999 1.09493876
85566.032999999996 1.09097052
85566.232999999993 1.08049965
85566.433000000005 1.16514611
85566.635999999999 1.10963845
85566.832999999999 1.00131667
85567.032999999996 0.911514699
85567.232999999993 1.01208174
85567.433000000005 1.00157499
85567.637000000002 1.07654679
85567.832999999999 1.10893059
85568.034000000000 1.02679193
85568.232999999993 1.06262100
85568.445000000007 1.05779588
85568.641000000003 0.904248893
85568.832999999999 1.07040453
85569.032999999996 1.02417147
85569.233999999997 1.04368258
85569.433000000005 0.895011425
85569.635999999999 1.03558218
85569.832999999999 0.867341936
85570.034000000000 0.880692899
85570.233999999997 1.00853550
85570.433000000005 1.00933015
85570.634999999995 0.956527472
85570.834000000003 1.00176990
85571.034000000000 1.15458047
85571.233999999997 1.10167539
85571.444000000003 1.07168210
85571.634999999995 0.957774043
85571.834000000003 1.02053201
85572.034000000000 0.982089102
85572.233999999997 1.08130169
85572.436000000002 0.883466005
85572.637000000002 0.943142176
85572.834000000003 0.977040708
85573.034000000000 0.989374936
85573.233999999997 1.10307240
85573.434999999998 1.01645637
85573.639999999999 0.999400914
85573.834000000003 0.927127063
85574.034000000000 1.00899363
85574.233999999997 0.966636181
85574.433999999994 1.08586133
85574.652000000002 0.773285389
85574.834000000003 0.877503216
85575.034000000000 0.943766832
85575.233999999997 0.856254458
85575.433999999994 0.844134271
85575.638999999996 0.862954676
85575.834000000003 1.01363933
85576.034000000000 0.906519651
85576.233999999997 1.06787694
85576.433999999994 1.04501700
85576.637000000002 0.997273266
85576.834000000003 0.934306979
85577.034000000000 1.00156236
85577.235000000001 1.09930408
85577.433999999994 0.966380000
85577.639999999999 0.932523310
85577.846000000005 1.06733155
85578.035000000003 1.00197852
85578.233999999997 0.996802270
85578.434999999998 0.933515310
85578.638999999996 0.991355658
85578.835000000006 1.03356528
85579.034000000000 0.859812856
85579.233999999997 0.997628629
85579.434999999998 1.05543077
85579.638999999996 0.968316674
85579.835000000006 1.06815481
85580.035999999993 1.00338960
85580.235000000001 1.11130750
85580.434999999998 0.991953075
85580.638999999996 0.987675965
85580.846000000005 0.977138996
85581.035000000003 1.01636529
85581.235000000001 0.996273220
85581.434999999998 1.01941109
85581.639999999999 0.957460463
85581.835000000006 0.991485357
85582.035000000003 0.999752223
85582.235000000001 1.03850543
85582.434999999998 0.941208124
85582.638999999996 0.980760157
85582.835000000006 0.886530459
85583.035000000003 0.993553936
85583.235000000001 0.980654836
85583.434999999998 0.903839231
85583.641000000003 0.968424439
85583.835000000006 1.01168382
85584.046000000002 0.991573274
85584.235000000001 0.935481787
85584.436000000002 0.938555419
85584.638000000006 1.03792310
85584.835000000006 1.07006502
85585.035000000003 0.957163990
85585.235000000001 0.912885010
85585.434999999998 1.02519977
85585.638000000006 0.932301223
85585.835000000006 0.949483216
85586.035000000003 0.977486491
85586.235000000001 0.904240608
85586.436000000002 0.864066362
85586.637000000002 0.992475212
85586.835999999996 0.836982965
85587.035999999993 1.02039731
85587.248999999996 0.882105052
85587.436000000002 1.10402238
85587.637000000002 0.980727136
85587.835999999996 0.973719537
85588.035999999993 0.976857305
85588.235000000001 0.960477769
85588.436000000002 0.995263100
85588.637000000002 0.952170908
85588.835999999996 0.987066686
85589.035999999993 0.880816281
85589.236000000004 1.04291356
85589.436000000002 1.04873240
85589.637000000002 1.04616237
85589.835999999996 0.896051705
85590.035999999993 0.911404788
85590.236000000004 0.978432894
85590.447000000000 0.994491696
85590.637000000002 0.999079347
85590.835999999996 0.982479274
85591.035999999993 0.926272810
85591.236000000004 0.927807271
85591.436000000002 0.903694689
85591.637000000002 0.865280688
85591.835999999996 1.01682651
85592.035999999993 1.00221038
85592.236000000004 0.860068858
85592.436000000002 0.921797037
85592.638999999996 0.953104019
85592.835999999996 0.838800967
85593.035999999993 0.922286808
85593.236000000004 1.02101123
85593.447000000000 0.967360318
85593.637000000002 0.988711298
85593.835999999996 0.898567557
85594.035999999993 0.983132780
85594.236000000004 0.981132686
85594.438999999998 0.936975420
85594.637000000002 0.969748914
85594.837000000000 0.901685297
85595.036999999997 1.04949844
85595.236999999994 0.979787469
85595.437000000005 0.901771188
85595.638000000006 0.801803648
85595.837000000000 1.00482428
85596.035999999993 1.02816916
85596.236999999994 0.944212198
85596.437000000005 1.03148723
85596.648000000001 0.973141372
85596.837000000000 1.11475027
85597.036999999997 1.01647878
85597.236999999994 1.03893113
85597.437000000005 1.14107859
85597.637000000002 1.09620404
85597.837000000000 0.989576221
85598.036999999997 1.00079060
85598.236999999994 1.09952700
85598.437000000005 0.937409163
85598.638000000006 1.05648220
85598.837000000000 1.03395855
85599.036999999997 1.16293764
85599.236999999994 0.849159300
85599.437000000005 0.974795341
85599.648000000001 0.955420375
85599.837000000000 0.922828674
85600.036999999997 0.989812732
85600.236999999994 1.02343452
85600.437000000005 0.915530264
85600.638000000006 0.969734609
85600.837000000000 0.889503777
85601.036999999997 0.901199102
85601.236999999994 1.03469884
85601.437000000005 1.00020218
85601.638000000006 1.05717480
85601.837000000000 1.07298219
85602.039000000004 1.01722968
85602.239000000001 1.01948094
85602.437000000005 1.06243122
85602.638000000006 1.09812915
85602.849000000002 1.06537282
85603.036999999997 0.957818151
85603.236999999994 1.02698302
85603.437000000005 1.04461038
85603.638000000006 0.950293124
85603.838000000003 0.865942895
85604.038000000000 1.02157021
85604.236999999994 0.880603909
85604.437999999995 0.898945928
85604.639999999999 0.897179067
85604.838000000003 0.888382673
85605.038000000000 1.03334236
85605.237999999998 1.08092666
85605.437000000005 1.09773612
85605.641000000003 0.960493863
85605.838000000003 0.981333852
85606.048999999999 1.09116554
85606.237999999998 0.907243013
85606.441000000006 1.10896933
85606.638000000006 0.975399137
85606.838000000003 0.953023553
85607.038000000000 1.03754163
85607.237999999998 0.909363508
85607.437999999995 0.877327144
85607.638999999996 0.876374185
85607.838000000003 1.00868964
85608.038000000000 0.907365561
85608.237999999998 0.981893122
85608.437999999995 1.07291126
85608.638999999996 0.830039382
85608.838000000003 0.946090519
85609.038000000000 0.798680544
85609.251999999993 0.936244190
85609.437999999995 0.823433459
85609.638999999996 0.961170971
85609.838000000003 1.14350498
85610.038000000000 1.04555678
85610.237999999998 1.03200924
85610.437999999995 1.03114784
85610.638999999996 1.08402061
85610.839000000007 0.998914301
85611.038000000000 0.823094666
85611.239000000001 0.969787180
85611.437999999995 1.06088662
85611.638999999996 0.951338649
85611.839000000007 0.874633968
85612.038000000000 0.927614212
85612.250000000000 0.924960077
85612.438999999998 0.929398179
85612.639999999999 1.05552351
85612.839000000007 0.992228031
85613.039000000004 0.886269748
85613.239000000001 0.904271543
85613.438999999998 0.814652622
85613.639999999999 0.832724154
85613.839000000007 0.912995517
85614.039000000004 0.869184017
85614.239000000001 0.876755297
85614.438999999998 1.02425325
85614.638999999996 1.03619647
85614.839000000007 0.914693952
85615.039000000004 0.933483183
85615.250000000000 0.821035087
85615.438999999998 0.875950813
85615.639999999999 0.913111866
85615.839000000007 0.959990263
85616.039000000004 0.865468979
85616.239000000001 0.819992661
85616.441000000006 0.890902400
85616.639999999999 0.891273379
85616.839000000007 0.906456530
85617.039000000004 0.948695838
85617.239000000001 0.908064067
85617.438999999998 0.953946650
85617.641000000003 1.08591318
85617.839000000007 0.909855187
85618.039000000004 0.993935227
85618.239000000001 0.950565517
85618.449999999997 1.05082929
85618.639999999999 1.08334303
85618.839999999997 0.826097369
85619.039000000004 0.980057597
85619.239000000001 0.999614179
85619.438999999998 0.895118654
85619.639999999999 0.909679592
85619.839999999997 0.914586484
85620.039999999994 0.976818681
85620.239000000001 0.858162165
85620.440000000002 0.955407977
85620.639999999999 0.882371366
85620.839999999997 0.891393840
85621.039999999994 0.945626020
85621.240000000005 0.909200132
85621.451000000001 0.816138864
85621.642000000007 1.01016080
85621.839999999997 0.994843066
85622.039999999994 0.936862528
85622.240000000005 0.909433365
85622.440000000002 0.895781219
85622.642999999996 0.862005293
85622.839999999997 0.901280165
85623.039999999994 0.987355411
85623.240000000005 1.02590418
85623.440000000002 0.866697848
85623.641000000003 0.924653649
85623.839999999997 0.942790329
85624.042000000001 1.00879455
85624.240000000005 0.969538391
85624.440000000002 0.962333918
85624.650999999998 0.922664583
85624.839999999997 0.946538508
85625.039999999994 0.994989336
85625.240000000005 1.00311697
85625.440000000002 0.955631077
85625.641000000003 0.895518482
85625.839999999997 0.864453614
85626.039999999994 0.908412814
85626.240000000005 0.986180842
85626.440000000002 1.00422943
85626.642000000007 0.971673667
85626.839999999997 1.05622375
85627.040999999997 1.01782751
85627.240999999995 0.936470151
85627.440000000002 0.976832449
85627.641000000003 0.835529387
85627.850999999995 0.963449538
85628.039999999994 0.934717059
85628.240000000005 0.906828523
85628.441000000006 0.928524613
85628.641000000003 0.922967017
85628.841000000000 0.939581811
85629.040999999997 0.984995186
85629.240999999995 1.04810107
85629.440000000002 0.935255587
85629.641000000003 0.935318053
85629.841000000000 0.895187974
85630.040999999997 0.979321659
85630.240999999995 0.930715322
85630.441999999995 1.08862734
85630.641000000003 0.947168469
85630.851999999999 0.952752948
85631.043000000005 0.928111076
85631.240999999995 0.844427586
85631.441000000006 0.886248589
85631.644000000000 0.965489268
85631.841000000000 1.01055884
85632.040999999997 0.856080651
85632.240999999995 0.861047208
85632.441000000006 1.04256582
85632.642000000007 0.835114717
85632.841000000000 0.977245510
85633.040999999997 0.975374937
85633.240999999995 1.06851220
85633.441000000006 1.00263798
85633.644000000000 0.911929429
85633.841000000000 0.971661270
85634.051999999996 0.945280373
85634.240999999995 0.995653510
85634.441000000006 0.882044137
85634.642000000007 0.855785668
85634.841000000000 0.922772586
85635.042000000001 0.880304813
85635.240999999995 0.963842869
85635.441000000006 0.829130411
85635.642000000007 0.905452490
85635.842000000004 0.823462903
85636.042000000001 0.786181390
85636.241999999998 0.900980711
85636.441000000006 0.794532239
85636.644000000000 0.911241829
85636.842000000004 0.934829116
85637.042000000001 0.849431396
85637.252999999997 0.934416950
85637.441999999995 0.859090686
85637.644000000000 0.866948903
85637.842000000004 0.867408395
85638.042000000001 0.943543732
85638.241999999998 0.857699811
85638.444000000003 0.806625783
85638.642000000007 0.872032762
85638.842000000004 0.774365187
85639.042000000001 0.790150702
85639.241999999998 0.775270164
85639.441999999995 0.737829566
85639.642000000007 0.694138944
85639.842000000004 0.735560298
85640.042000000001 0.791888058
85640.241999999998 0.794362962
85640.452999999994 0.647164106
85640.642000000007 0.690224290
85640.842000000004 0.638293684
85641.042000000001 0.575750053
85641.241999999998 0.595142663
85641.441999999995 0.671298146
85641.642999999996 0.505179226
85641.842000000004 0.507402360
85642.042000000001 0.496174991
85642.241999999998 0.651443720
85642.441999999995 0.508504450
85642.642999999996 0.597721756
85642.842000000004 0.541564822
85643.042000000001 0.439709485
85643.243000000002 0.581025958
85643.441999999995 0.492461294
85643.657000000007 0.539607227
85643.842000000004 0.551603019
85644.042000000001 0.525169671
85644.243000000002 0.455950797
85644.442999999999 0.486006856
85644.642999999996 0.511746883
85644.842999999993 0.527944267
85645.043000000005 0.481447607
85645.243000000002 0.519045889
85645.442999999999 0.483257920
85645.645000000004 0.447353274
85645.842999999993 0.517856419
85646.043000000005 0.426656663
85646.244999999995 0.529773474
85646.442999999999 0.507460237
85646.642999999996 0.438817531
85646.854999999996 0.454627603
85647.043000000005 0.459122330
85647.243000000002 0.471000046
85647.442999999999 0.362241924
85647.645999999993 0.354719609
85647.842999999993 0.460984319
85648.043000000005 0.399188071
85648.243000000002 0.299287379
85648.442999999999 0.375081152
85648.644000000000 0.388127685
85648.842999999993 0.472139448
85649.043000000005 0.457021505
85649.243000000002 0.393803537
85649.442999999999 0.457913578
85649.644000000000 0.425133318
85649.842999999993 0.400879771
85650.054999999993 0.404609948
85650.243000000002 0.428130716
85650.442999999999 0.393532574
85650.644000000000 0.405429035
85650.842999999993 0.343730539
85651.043000000005 0.404155731
85651.243000000002 0.421490878
85651.442999999999 0.348404676
85651.644000000000 0.517068803
85651.842999999993 0.353164822
85652.043000000005 0.355203927
85652.244000000006 0.317599893
85652.442999999999 0.390133709
85652.644000000000 0.373535246
85652.842999999993 0.378810167
85653.043000000005 0.387143224
85653.259999999995 0.389552414
85653.442999999999 0.359633654
85653.644000000000 0.362103224
85653.843999999997 0.403684199
85654.043999999994 0.434771419
85654.244000000006 0.360525340
85654.444000000003 0.392606288
85654.645000000004 0.339353353
85654.843999999997 0.422428459
85655.043999999994 0.378053099
85655.244999999995 0.303057134
85655.444000000003 0.411270022
85655.645000000004 0.400377572
85655.843999999997 0.368375450
85656.043999999994 0.464547157
85656.255999999994 0.364217222
85656.444000000003 0.427618295
85656.645000000004 0.365028352
85656.843999999997 0.336254776
85657.043999999994 0.296459049
85657.245999999999 0.353333712
85657.444000000003 0.358336985
85657.645999999993 0.401912749
85657.843999999997 0.382073402
85658.043999999994 0.338259786
85658.245999999999 0.474581450
85658.444000000003 0.329851836
85658.645000000004 0.333562374
85658.843999999997 0.344157487
85659.043999999994 0.308894485
85659.258000000002 0.262448698
85659.444000000003 0.387181193
85659.645000000004 0.247805044
85659.843999999997 0.319156289
85660.043999999994 0.251981556
85660.247000000003 0.343667090
85660.445000000007 0.377538264
85660.645000000004 0.362706572
85660.846000000005 0.387351602
85661.043999999994 0.359315157
85661.248000000007 0.334463716
85661.445000000007 0.464765817
85661.645000000004 0.306171417
85661.843999999997 0.323949456
85662.043999999994 0.374046832
85662.259000000005 0.329245418
85662.445000000007 0.283216864
85662.645999999993 0.261340410
85662.845000000001 0.298877418
85663.044999999998 0.274929345
85663.247000000003 0.346776754
85663.445000000007 0.351703972
85663.645999999993 0.383191198
85663.845000000001 0.326944500
85664.044999999998 0.372920036
85664.247000000003 0.334251493
85664.445000000007 0.338868350
85664.648000000001 0.392819047
85664.845000000001 0.326689869
85665.044999999998 0.331811726
85665.245999999999 0.357854575
85665.456000000006 0.227172300
85665.646999999997 0.308227897
85665.845000000001 0.395520985
85666.044999999998 0.435995907
85666.245999999999 0.352979243
85666.445000000007 0.319455594
85666.646999999997 0.295757711
85666.845000000001 0.292505443
85667.044999999998 0.381325781
85667.247000000003 0.392205775
85667.445000000007 0.314400703
85667.645999999993 0.215516597
85667.845000000001 0.320749104
85668.044999999998 0.367929190
85668.247000000003 0.385827750
85668.457999999999 0.378390968
85668.648000000001 0.278129339
85668.846000000005 0.309373766
85669.046000000002 0.430387139
85669.247000000003 0.364059865
85669.445999999996 0.351548523
85669.645999999993 0.446758360
85669.846000000005 0.384161443
85670.044999999998 0.359256119
85670.247000000003 0.359536529
85670.445999999996 0.378298670
85670.646999999997 0.397488743
85670.846000000005 0.338705778
85671.046000000002 0.330795586
85671.247000000003 0.344052881
85671.460000000006 0.395767123
85671.665999999997 0.349757671
85671.846000000005 0.388232291
85672.046000000002 0.425013661
85672.247000000003 0.385271341
85672.445999999996 0.386064053
85672.646999999997 0.331642151
85672.846999999994 0.367275894
85673.046000000002 0.292129576
85673.248000000007 0.366975933
85673.447000000000 0.401708066
85673.649999999994 0.452844590
85673.846000000005 0.341828853
85674.046000000002 0.325235426
85674.248000000007 0.358669996
85674.447000000000 0.363220125
85674.657999999996 0.327077210
85674.846000000005 0.398077071
85675.046000000002 0.271581739
85675.250000000000 0.378914297
85675.447000000000 0.417663664
85675.646999999997 0.407541871
85675.846999999994 0.376070857
85676.046000000002 0.359983683
85676.248999999996 0.363191843
85676.447000000000 0.424531013
85676.649999999994 0.334047496
85676.846999999994 0.407075822
85677.046000000002 0.243225425
85677.248999999996 0.284091175
85677.447000000000 0.433338612
85677.657999999996 0.345396638
85677.846999999994 0.350575268
85678.047000000006 0.340423226
85678.248999999996 0.376301944
85678.447000000000 0.436403871
85678.648000000001 0.397586256
85678.847999999998 0.421016574
85679.046000000002 0.342131287
85679.248000000007 0.421157122
85679.448000000004 0.395487159
85679.648000000001 0.385594100
85679.847999999998 0.374484867
85680.047000000006 0.379158229
85680.250000000000 0.317912996
85680.447000000000 0.372773409
85680.648000000001 0.334060460
85680.861000000004 0.354303718
85681.047000000006 0.302457184
85681.248000000007 0.389258683
85681.447000000000 0.327320695
85681.648000000001 0.371461838
85681.850000000006 0.352837533
85682.047000000006 0.319506764
85682.248000000007 0.396154672
85682.447000000000 0.371436745
85682.649000000005 0.346312016
85682.850000000006 0.346787393
85683.047000000006 0.333975792
85683.248000000007 0.335519463
85683.448000000004 0.318997830
85683.650999999998 0.359171242
85683.849000000002 0.350529134
85684.058000000005 0.366552085
85684.248000000007 0.315897703
85684.448000000004 0.344893217
85684.650999999998 0.300348967
85684.849000000002 0.323169887
85685.047000000006 0.366680920
85685.248000000007 0.311544627
85685.448000000004 0.308076233
85685.648000000001 0.350493312
85685.849000000002 0.287139714
85686.047999999995 0.352829188
85686.248000000007 0.360230029
85686.448000000004 0.365330398
85686.649000000005 0.460399747
85686.849000000002 0.354571700
85687.058999999994 0.333802551
85687.248000000007 0.291844577
85687.448000000004 0.295890272
85687.648000000001 0.256610483
85687.847999999998 0.349021405
85688.047999999995 0.371167928
85688.248000000007 0.342350692
85688.448000000004 0.284666330
85688.649000000005 0.299212307
85688.849000000002 0.326213717
85689.047999999995 0.264013976
85689.248000000007 0.334866613
85689.448000000004 0.323263615
85689.649000000005 0.329632938
85689.849000000002 0.339056730
85690.062000000005 0.353014946
85690.248000000007 0.363491714
85690.448000000004 0.327523828
85690.649000000005 0.403568149
85690.849000000002 0.457536489
85691.047999999995 0.399343431
85691.248000000007 0.431288272
85691.448000000004 0.395254046
85691.649000000005 0.423300266
85691.849000000002 0.297395229
85692.047999999995 0.344636291
85692.248000000007 0.411623806
85692.448999999993 0.403200448
85692.649999999994 0.296428144
85692.850000000006 0.387263358
85693.047999999995 0.347512305
85693.259999999995 0.368842751
85693.448999999993 0.369255722
85693.649000000005 0.361866772
85693.849000000002 0.432397574
85694.048999999999 0.373358071
85694.248999999996 0.456900686
85694.448999999993 0.454614937
85694.650999999998 0.440288931
85694.850000000006 0.412330389
85695.047999999995 0.406239033
85695.248999999996 0.332766771
85695.448999999993 0.426637173
85695.649999999994 0.440266728
85695.849000000002 0.428382158
85696.048999999999 0.412664860
85696.248999999996 0.381468087
85696.460000000006 0.383657545
85696.649999999994 0.399566770
85696.849000000002 0.377719581
85697.048999999999 0.333627820
85697.251000000004 0.410846144
85697.448999999993 0.476734370
85697.649999999994 0.434460670
85697.849000000002 0.454251349
85698.048999999999 0.303212851
85698.248999999996 0.427451611
85698.448999999993 0.350673735
85698.649999999994 0.368519813
85698.850000000006 0.376899928
85699.048999999999 0.349778205
85699.248999999996 0.359533042
85699.460000000006 0.382351667
85699.653000000006 0.370639205
85699.850000000006 0.397941381
85700.048999999999 0.357122540
85700.248999999996 0.346578836
85700.448999999993 0.474538416
85700.649999999994 0.398546427
85700.850000000006 0.385908514
85701.048999999999 0.252381116
85701.248999999996 0.310207963
85701.448999999993 0.346905261
85701.649999999994 0.294533134
85701.850000000006 0.383815348
85702.048999999999 0.362686247
85702.248999999996 0.350536436
85702.449999999997 0.353619844
85702.660999999993 0.305463016
85702.850000000006 0.528187096
85703.050000000003 0.439995110
85703.248999999996 0.324220777
85703.449999999997 0.416161150
85703.650999999998 0.332850814
85703.850000000006 0.354489475
85704.050000000003 0.379240125
85704.250000000000 0.348676205
85704.449999999997 0.320699096
85704.649999999994 0.398082882
85704.851999999999 0.349262863
85705.050000000003 0.328402460
85705.250000000000 0.347930402
85705.449999999997 0.322050393
85705.661999999997 0.350655556
85705.850999999995 0.412960649
85706.050000000003 0.320500284
85706.250000000000 0.471772403
85706.449999999997 0.344270855
85706.650999999998 0.309194863
85706.850999999995 0.268354833
85707.050000000003 0.292462409
85707.250000000000 0.332767606
85707.449999999997 0.319991022
85707.653000000006 0.359504461
85707.850999999995 0.390432119
85708.050000000003 0.288349181
85708.250000000000 0.363538891
85708.449999999997 0.268356383
85708.650999999998 0.420907199
85708.862999999998 0.393124431
85709.050000000003 0.341123104
85709.250000000000 0.408708870
85709.451000000001 0.327231437
85709.650999999998 0.306952119
85709.851999999999 0.328869790
85710.050000000003 0.322420359
85710.250000000000 0.370923787
85710.451000000001 0.312986344
85710.650999999998 0.373540133
85710.850999999995 0.300900489
85711.051000000007 0.394785047
85711.251000000004 0.375368625
85711.451000000001 0.302014232
85711.653000000006 0.281873465
85711.864000000001 0.335234553
85712.051000000007 0.335589945
85712.251000000004 0.476719886
85712.451000000001 0.319034100
85712.652000000002 0.266213179
85712.851999999999 0.342741102
85713.051000000007 0.357753217
85713.251000000004 0.402137548
85713.451000000001 0.393528521
85713.652000000002 0.278629959
85713.851999999999 0.369261146
85714.051000000007 0.383205146
85714.251000000004 0.365816623
85714.451000000001 0.370583475
85714.652000000002 0.379078001
85714.851999999999 0.387305975
85715.062000000005 0.350994974
85715.251000000004 0.279373437
85715.451000000001 0.384206742
85715.652000000002 0.331920803
85715.851999999999 0.361849040
85716.051000000007 0.363175362
85716.251000000004 0.409999430
85716.452000000005 0.278880835
85716.653000000006 0.381858557
85716.853000000003 0.246004179
85717.051000000007 0.374169379
85717.251000000004 0.282873303
85717.452000000005 0.405039042
85717.653000000006 0.284213513
85717.851999999999 0.485755503
85718.051000000007 0.421923012
85718.262000000002 0.324323058
85718.452000000005 0.336681992
85718.652000000002 0.312444508
85718.853000000003 0.349689096
85719.051000000007 0.290263116
85719.251000000004 0.286807418
85719.452999999994 0.328880578
85719.652000000002 0.315714419
85719.853000000003 0.436167747
85720.051999999996 0.333087265
85720.251999999993 0.321840823
85720.452000000005 0.357550174
85720.652000000002 0.266549230
85720.853000000003 0.365303129
85721.051999999996 0.333800972
85721.263000000006 0.337733328
85721.452000000005 0.312661052
85721.652000000002 0.294688493
85721.853000000003 0.354267567
85722.051999999996 0.314782321
85722.251999999993 0.345264196
85722.452000000005 0.203673109
85722.652000000002 0.283072859
85722.853000000003 0.348366708
85723.051999999996 0.391084105
85723.251999999993 0.382702351
85723.452000000005 0.355856895
85723.652000000002 0.314399868
85723.853000000003 0.317794979
85724.051999999996 0.294480413
85724.263000000006 0.336425364
85724.452000000005 0.364489466
85724.653000000006 0.410311878
85724.853000000003 0.383726537
85725.051999999996 0.415920198
85725.251999999993 0.317619145
85725.452000000005 0.320385963
85725.652000000002 0.323251784
85725.854000000007 0.279242069
85726.053000000000 0.346353114
85726.251999999993 0.274251044
85726.452999999994 0.427237630
85726.653000000006 0.392590374
85726.853000000003 0.314058989
85727.054999999993 0.312261701
85727.251999999993 0.319501698
85727.463000000003 0.382122844
85727.653999999995 0.362740427
85727.854000000007 0.321650565
85728.053000000000 0.258854568
85728.251999999993 0.261553884
85728.452999999994 0.430730850
85728.653000000006 0.276139259
85728.853000000003 0.368491441
85729.053000000000 0.361777067
85729.252999999997 0.314297706
85729.452999999994 0.361861974
85729.653000000006 0.275958985
85729.854000000007 0.335227787
85730.053000000000 0.438080609
85730.252999999997 0.284466892
85730.464999999997 0.387280256
85730.653000000006 0.301104277
85730.853000000003 0.342277437
85731.053000000000 0.412215292
85731.252999999997 0.309147269
85731.452999999994 0.255231678
85731.653999999995 0.388137817
85731.853000000003 0.392078549
85732.053000000000 0.310595751
85732.252999999997 0.330195576
85732.452999999994 0.330507129
85732.653000000006 0.418829143
85732.854000000007 0.321482599
85733.053000000000 0.340708673
85733.252999999997 0.335870862
85733.452999999994 0.312474906
85733.664999999994 0.385479867
85733.853000000003 0.341507852
85734.054999999993 0.333129227
85734.252999999997 0.322127074
85734.452999999994 0.386798352
85734.653999999995 0.371615887
85734.854000000007 0.350895047
85735.054000000004 0.341473013
85735.254000000001 0.254483372
85735.453999999998 0.384901792
85735.653999999995 0.416670710
85735.853000000003 0.323454797
85736.053000000000 0.289433300
85736.254000000001 0.384051263
85736.453999999998 0.347398639
85736.653999999995 0.412373781
85736.865000000005 0.297669470
85737.054000000004 0.375319690
85737.252999999997 0.354252398
85737.453999999998 0.329485327
85737.653999999995 0.332163513
85737.854000000007 0.274701327
85738.054000000004 0.372850716
85738.254000000001 0.346414983
85738.453999999998 0.301507235
85738.653999999995 0.335956395
85738.854000000007 0.342073649
85739.054000000004 0.388193369
85739.254000000001 0.375178874
85739.453999999998 0.332565784
85739.654999999999 0.369814575
85739.865000000005 0.344002903
85740.054000000004 0.348082483
85740.254000000001 0.312273324
85740.453999999998 0.338991970
85740.653999999995 0.396371901
85740.854000000007 0.402358204
85741.054000000004 0.376877666
85741.254000000001 0.395879388
85741.453999999998 0.319241911
85741.656000000003 0.381143630
85741.854000000007 0.403800249
85742.054000000004 0.343587101
85742.254000000001 0.361761004
85742.453999999998 0.358621180
85742.653999999995 0.411608279
85742.854999999996 0.329838783
85743.065000000002 0.296036750
85743.254000000001 0.323806256
85743.453999999998 0.339460433
85743.654999999999 0.352712214
85743.854999999996 0.289696068
85744.054999999993 0.384854913
85744.254000000001 0.352447659
85744.455000000002 0.294708729
85744.653999999995 0.384729028
85744.854999999996 0.385175675
85745.054000000004 0.286519825
85745.255000000005 0.319892287
85745.455000000002 0.369695932
85745.654999999999 0.320617795
85745.854999999996 0.428180337
85746.054999999993 0.358503968
85746.264999999999 0.341866046
85746.455000000002 0.322630763
85746.654999999999 0.429460019
85746.854999999996 0.392244339
85747.054999999993 0.234004647
85747.255000000005 0.465246350
85747.455000000002 0.398003429
85747.654999999999 0.366332620
85747.854999999996 0.369184136
85748.054999999993 0.302685529
85748.255000000005 0.345108271
85748.455000000002 0.303522855
85748.654999999999 0.326368153
85748.856000000000 0.360599279
85749.054999999993 0.394789249
85749.256999999998 0.341903359
85749.466000000000 0.335417479
85749.654999999999 0.421034694
85749.857000000004 0.376090467
85750.054999999993 0.330806762
85750.255000000005 0.332849115
85750.455000000002 0.302246302
85750.654999999999 0.377104789
85750.857000000004 0.387932479
85751.054999999993 0.365638465
85751.255000000005 0.363071144
85751.455000000002 0.391300440
85751.656000000003 0.356774092
85751.857000000004 0.345917165
85752.055999999997 0.428794146
85752.255000000005 0.351802289
85752.466000000000 0.359467715
85752.656000000003 0.297790498
85752.857999999993 0.344657630
85753.055999999997 0.344941795
85753.255999999994 0.367914647
85753.456000000006 0.369852304
85753.656000000003 0.386123568
85753.858999999997 0.312186897
85754.055999999997 0.327123791
85754.256999999998 0.244147971
85754.456000000006 0.386362672
85754.656000000003 0.404712349
85754.858999999997 0.401463151
85755.055999999997 0.426930875
85755.255999999994 0.350565404
85755.456000000006 0.391966134
85755.667000000001 0.438027561
85755.857999999993 0.398974657
85756.058999999994 0.318638295
85756.255999999994 0.336596310
85756.456000000006 0.370029151
85756.656000000003 0.375120044
85756.860000000001 0.376557529
85757.055999999997 0.343025744
85757.255999999994 0.326055914
85757.457999999999 0.330638617
85757.656000000003 0.345318764
85757.860000000001 0.369537145
85758.055999999997 0.346856683
85758.255999999994 0.520586133
85758.456000000006 0.340307146
85758.667000000001 0.398538381
85758.857999999993 0.322414726
85759.055999999997 0.387765765
85759.255999999994 0.415427744
85759.456000000006 0.328390181
85759.656000000003 0.392186821
85759.857999999993 0.309908360
85760.055999999997 0.433976173
85760.255999999994 0.432245195
85760.456000000006 0.380730212
85760.656000000003 0.467600584
85760.858999999997 0.341093630
85761.057000000001 0.400531530
85761.256999999998 0.429112107
85761.456999999995 0.430272132
85761.657000000007 0.396937579
85761.869000000006 0.308761597
85762.057000000001 0.368222445
85762.258000000002 0.306445420
85762.457999999999 0.315542221
85762.657999999996 0.384581000
85762.860000000001 0.326595932
85763.058000000005 0.338300914
85763.258000000002 0.360874951
85763.457999999999 0.277403533
85763.657999999996 0.410229594
85763.860000000001 0.319308102
85764.058000000005 0.359682858
85764.258000000002 0.358740240
85764.456999999995 0.388754815
85764.657000000007 0.455164492
85764.857999999993 0.245126039
85765.067999999999 0.376285702
85765.256999999998 0.295170099
85765.456999999995 0.432820737
85765.657000000007 0.412391454
85765.860000000001 0.419570297
85766.058000000005 0.320642143
85766.256999999998 0.370861590
85766.456999999995 0.189999506
85766.657000000007 0.367945254
85766.860000000001 0.391835183
85767.057000000001 0.309569865
85767.256999999998 0.289905339
85767.456999999995 0.269362867
85767.657000000007 0.381688207
85767.858999999997 0.415988386
85768.057000000001 0.326413870
85768.270000000004 0.397403419
85768.457999999999 0.417546690
85768.657000000007 0.365152121
85768.860000000001 0.308766752
85769.057000000001 0.326211900
85769.256999999998 0.420954108
85769.457999999999 0.409815580
85769.657999999996 0.395331174
85769.860000000001 0.373303086
85770.058000000005 0.434497178
85770.258000000002 0.401707679
85770.457999999999 0.357057244
85770.657999999996 0.460127801
85770.860000000001 0.383709490
85771.058000000005 0.413281679
85771.270999999993 0.388200194
85771.457999999999 0.370479286
85771.657999999996 0.391378164
85771.858999999997 0.415937603
85772.058000000005 0.394552320
85772.258000000002 0.397750676
85772.457999999999 0.409586698
85772.657999999996 0.423253179
85772.861000000004 0.356506169
85773.058000000005 0.402390420
85773.258000000002 0.385353178
85773.457999999999 0.389044881
85773.657999999996 0.414121658
85773.858999999997 0.377595603
85774.058000000005 0.435674399
85774.258000000002 0.374440342
85774.471000000005 0.434936345
85774.657999999996 0.383024871
85774.860000000001 0.289406419
85775.058000000005 0.388728708
85775.258000000002 0.368541658
85775.457999999999 0.423217684
85775.659000000000 0.377238095
85775.860000000001 0.295070738
85776.058999999994 0.407096386
85776.258000000002 0.422889084
85776.459000000003 0.371875376
85776.657999999996 0.351302981
85776.860000000001 0.423000664
85777.058000000005 0.438521385
85777.259000000005 0.360619962
85777.470000000001 0.384622782
85777.659000000000 0.419062078
85777.858999999997 0.433999747
85778.058000000005 0.370458543
85778.259999999995 0.447312474
85778.459000000003 0.420199513
85778.659000000000 0.368311882
85778.860000000001 0.387717366
85779.058999999994 0.368792206
85779.259000000005 0.395578802
85779.459000000003 0.402420998
85779.659000000000 0.378679544
85779.858999999997 0.363145530
85780.058999999994 0.416403592
85780.259000000005 0.489585012
85780.470000000001 0.360216111
85780.659000000000 0.336048812
85780.858999999997 0.502147496
85781.058999999994 0.382695228
85781.259000000005 0.401839912
85781.459000000003 0.470274568
85781.659000000000 0.380021304
85781.858999999997 0.470428646
85782.058999999994 0.415069640
85782.259000000005 0.406003743
85782.459000000003 0.416786134
85782.659000000000 0.416219264
85782.858999999997 0.417219460
85783.058999999994 0.366739154
85783.259000000005 0.383962631
85783.459000000003 0.365496814
85783.669999999998 0.416014999
85783.858999999997 0.427448303
85784.058999999994 0.388368428
85784.259000000005 0.451689988
85784.460000000006 0.432894289
85784.660000000003 0.431476176
85784.860000000001 0.466017127
85785.059999999998 0.405392051
85785.259999999995 0.367060602
85785.460000000006 0.430610389
85785.660000000003 0.505291045
85785.861000000004 0.412712097
85786.059999999998 0.554277003
85786.259000000005 0.448290288
85786.460000000006 0.432906598
85786.660000000003 0.474744856
85786.870999999999 0.523208141
85787.059999999998 0.531404734
85787.259999999995 0.469537616
85787.460000000006 0.469730377
85787.660000000003 0.394737899
85787.860000000001 0.475761205
85788.059999999998 0.503965259
85788.259999999995 0.516586125
85788.460000000006 0.490968585
85788.660000000003 0.567515612
85788.860000000001 0.544099748
85789.059999999998 0.512098253
85789.259999999995 0.471994907
85789.460000000006 0.529615164
85789.660000000003 0.491657853
85789.860000000001 0.627066910
85790.070999999996 0.487205923
85790.259999999995 0.540811300
85790.460000000006 0.557132721
85790.660000000003 0.574172199
85790.861000000004 0.533172905
85791.059999999998 0.665977538
85791.259999999995 0.606934309
85791.460000000006 0.583577573
85791.660000000003 0.536123455
85791.860000000001 0.645688474
85792.059999999998 0.570975900
85792.259999999995 0.586373270
85792.460999999996 0.740896881
85792.660000000003 0.655212939
85792.860000000001 0.624379694
85793.073000000004 0.668482006
85793.260999999999 0.754470885
85793.460999999996 0.795719147
85793.660999999993 0.698513389
85793.861000000004 0.693455935
85794.061000000002 0.688414931
85794.260999999999 0.611871779
85794.460999999996 0.697975636
85794.660999999993 0.791492641
85794.861000000004 0.724404871
85795.061000000002 0.776245117
85795.260999999999 0.858180344
85795.460999999996 0.793906510
85795.660999999993 0.787242174
85795.861000000004 0.948184311
85796.061000000002 0.758408606
85796.271999999997 0.889267862
85796.460999999996 0.910015404
85796.660999999993 0.910363734
85796.861999999994 0.952117980
85797.061000000002 0.942856848
85797.260999999999 0.867148936
85797.460999999996 0.906030357
85797.660999999993 0.846883178
85797.861000000004 0.859726667
85798.061000000002 0.918061852
85798.260999999999 0.844553351
85798.460999999996 0.943938792
85798.660999999993 1.06583130
85798.861000000004 1.02201223
85799.061000000002 0.910602391
85799.260999999999 0.959770381
85799.471999999994 0.921545386
85799.660999999993 0.826421559
85799.861999999994 0.788006186
85800.062999999995 0.896801233
85800.262000000002 0.976939738
85800.460999999996 0.998880804
85800.660999999993 1.05801237
85800.861000000004 0.990043044
85801.061000000002 1.03661406
85801.260999999999 1.01465499
85801.460999999996 0.957666755
85801.661999999997 0.949301422
85801.861000000004 1.03359485
85802.062000000005 0.985966980
85802.262000000002 0.893289626
85802.471999999994 1.04304099
85802.661999999997 0.966642916
85802.861999999994 1.12289023
85803.062000000005 1.02682245
85803.262000000002 1.05368149
85803.462000000000 1.06444097
85803.661999999997 1.05193865
85803.861999999994 1.02767253
85804.062000000005 0.964414775
85804.262000000002 1.02449453
85804.462000000000 1.07496226
85804.663000000000 0.916073859
85804.861999999994 1.09744155
85805.062000000005 0.960732639
85805.262000000002 1.03680873
85805.462000000000 1.12129402
85805.672999999995 1.09334219
85805.861999999994 1.10400534
85806.062000000005 1.09683430
85806.262000000002 1.08545911
85806.462000000000 1.15576851
85806.661999999997 1.04608965
85806.861999999994 0.986841023
85807.062000000005 1.03539526
85807.262000000002 1.08331716
85807.462000000000 0.933716774
85807.664000000004 1.07485259
85807.861999999994 1.04360998
85808.062999999995 1.01545727
85808.262000000002 1.04843593
85808.462000000000 1.04985213
85808.661999999997 0.995508015
85808.875000000000 1.11818957
85809.062000000005 1.07187998
85809.262000000002 1.04305911
85809.462000000000 1.05280268
85809.663000000000 1.05353630
85809.862999999998 1.10887218
85810.062999999995 1.09669077
85810.263000000006 0.902990460
85810.463000000003 1.06916809
85810.661999999997 1.06974959
85810.861999999994 1.09408426
85811.062999999995 1.04013276
85811.262000000002 0.988948703
85811.463000000003 1.10860801
85811.663000000000 1.02030647
85811.862999999998 1.08694208
85812.073999999993 0.924907804
85812.263000000006 1.05394018
85812.463000000003 0.926208436
85812.663000000000 1.06391585
85812.862999999998 0.953046322
85813.062999999995 0.897204638
85813.263000000006 1.07446277
85813.463000000003 0.963669837
85813.663000000000 0.992849648
85813.862999999998 1.03273463
85814.065000000002 0.938978791
85814.263000000006 0.966105402
85814.463000000003 0.913448155
85814.663000000000 0.887101769
85814.862999999998 0.993249714
85815.077000000005 0.958653212
85815.263000000006 1.01183224
85815.463000000003 0.975128293
85815.663000000000 1.00903308
85815.862999999998 0.936280251
85816.062999999995 0.927026272
85816.263000000006 1.03116989
85816.463000000003 0.977282941
85816.663000000000 0.993534088
85816.862999999998 1.01673806
85817.062999999995 0.866074681
85817.263999999996 0.842138171
85817.463000000003 1.01672447
85817.664000000004 1.04099905
85817.862999999998 0.971538603
85818.062999999995 1.03843415
85818.274000000005 0.962257564
85818.464000000007 0.979352653
85818.664000000004 0.818549633
85818.864000000001 0.908473790
85819.063999999998 1.02181888
85819.263999999996 0.989109337
85819.463000000003 1.01303375
85819.663000000000 0.991553843
85819.864000000001 1.03524172
85820.063999999998 0.869699717
85820.263999999996 0.968969822
85820.464000000007 0.908416986
85820.664000000004 0.914998591
85820.864000000001 0.836015046
85821.063999999998 0.881810904
85821.274000000005 0.945366204
85821.464000000007 0.946397185
85821.664000000004 0.900720894
85821.864000000001 0.850006640
85822.063999999998 0.957700551
85822.266000000003 0.925061882
85822.464000000007 0.870265841
85822.664000000004 0.955753803
85822.864000000001 1.01862049
85823.063999999998 0.881998599
85823.263999999996 0.937716484
85823.464000000007 0.924387515
85823.664000000004 0.886069596
85823.864000000001 0.901342750
85824.063999999998 0.885219753
85824.263999999996 0.990993142
85824.475000000006 0.914171338
85824.664000000004 0.893354058
85824.864000000001 0.920023859
85825.063999999998 0.920296013
85825.263999999996 0.871738851
85825.464000000007 0.945141256
85825.664999999994 0.950991750
85825.864000000001 0.980111659
85826.065000000002 0.876655757
85826.263999999996 1.00115836
85826.464999999997 0.958419919
85826.664999999994 0.868702710
85826.865000000005 0.974805355
85827.065000000002 0.973131239
85827.264999999999 0.961368382
85827.475999999995 1.02193677
85827.664999999994 0.991381466
85827.865000000005 0.873984754
85828.065000000002 1.00741804
85828.264999999999 1.09939742
85828.464999999997 1.11982000
85828.664999999994 1.07453823
85828.865000000005 0.949400604
85829.065000000002 1.01580703
85829.264999999999 1.12542093
85829.464999999997 1.03790891
85829.664999999994 1.00552034
85829.865000000005 0.975701571
85830.066999999995 0.990947664
85830.264999999999 0.975084484
85830.475999999995 1.11469901
85830.664999999994 1.10912800
85830.865000000005 1.07733250
85831.065000000002 0.989229620
85831.264999999999 1.08166969
85831.464999999997 0.984431088
85831.664999999994 1.01436770
85831.865000000005 1.10323632
85832.065000000002 1.04124153
85832.264999999999 1.02192140
85832.464999999997 1.07186913
85832.665999999997 1.09821570
85832.865999999995 1.02503920
85833.065000000002 1.12715650
85833.266000000003 1.07093441
85833.464999999997 1.03924716
85833.676000000007 1.10914338
85833.865000000005 0.997391939
85834.066000000006 0.938706577
85834.264999999999 0.949384272
85834.466000000000 0.991121829
85834.665999999997 1.01865983
85834.865000000005 1.09825420
85835.066000000006 1.18278444
85835.266000000003 0.930578053
85835.466000000000 1.06481528
85835.665999999997 1.03982747
85835.865999999995 1.07563639
85836.066000000006 1.01013207
85836.266000000003 1.10454106
85836.466000000000 1.15935779
85836.665999999997 0.928739965
85836.879000000001 0.999895215
85837.066000000006 1.00550687
85837.266000000003 1.03175163
85837.466000000000 0.954289317
85837.665999999997 1.10352826
85837.865999999995 1.05552804
85838.066000000006 1.02683938
85838.266000000003 1.07825339
85838.466000000000 0.883091569
85838.665999999997 1.05570161
85838.866999999998 1.05551624
85839.066000000006 1.11954272
85839.266000000003 1.09195960
85839.466000000000 1.06079400
85839.665999999997 1.03953946
85839.876999999993 1.05756998
85840.066000000006 0.987315118
85840.266000000003 0.991661966
85840.467000000004 0.979659200
85840.665999999997 0.980466723
85840.865999999995 0.986715138
85841.066000000006 1.06720817
85841.266000000003 1.00339508
85841.466000000000 1.08432412
85841.667000000001 1.05107296
85841.866999999998 0.967916727
85842.066999999995 1.14451599
85842.267000000007 1.01032305
85842.467000000004 0.987483263
85842.665999999997 1.02065325
85842.865999999995 0.962964475
85843.077000000005 0.968802929
85843.267000000007 1.05009782
85843.467000000004 0.916616976
85843.667000000001 1.12791800
85843.865999999995 1.03626990
85844.066999999995 0.996657312
85844.267000000007 1.08231175
85844.470000000001 1.02562726
85844.667000000001 0.989590883
85844.868000000002 1.08704853
85845.066999999995 1.06675124
85845.267000000007 1.10032284
85845.467999999993 1.04243279
85845.667000000001 1.10337281
85845.866999999998 1.03801501
85846.066999999995 0.999265015
85846.277000000002 1.01951551
85846.467000000004 0.964453280
85846.667000000001 1.01825690
85846.866999999998 1.08137655
85847.067999999999 0.985778749
85847.267000000007 0.969399273
85847.467999999993 1.05524373
85847.667000000001 1.01031935
85847.869000000006 1.09016395
85848.067999999999 0.978672743
85848.267000000007 0.899572313
85848.467999999993 0.986128867
85848.667000000001 1.05565941
85848.866999999998 0.812309802
85849.066999999995 1.03424966
85849.267000000007 0.916282415
85849.481000000000 0.916066229
85849.667000000001 0.970457792
85849.866999999998 0.948081553
85850.067999999999 0.920024633
85850.267000000007 1.03138220
85850.468999999997 0.996068001
85850.668000000005 0.991177082
85850.868000000002 1.05262804
85851.067999999999 1.07140052
85851.267999999996 0.921085894
85851.470000000001 0.979330361
85851.668000000005 1.12584102
85851.868000000002 1.02480733
85852.070000000007 0.976488292
85852.267999999996 0.965573311
85852.482000000004 1.01557410
85852.668000000005 1.12472522
85852.868000000002 1.03933573
85853.067999999999 0.979835451
85853.267999999996 1.01227796
85853.470000000001 0.961221457
85853.668000000005 1.00182724
85853.868000000002 1.09621334
85854.067999999999 1.09485078
85854.267999999996 0.917643487
85854.471000000005 0.977828741
85854.668000000005 1.02229095
85854.868000000002 1.09081268
85855.067999999999 0.946791470
85855.267999999996 1.01027381
85855.471000000005 1.12661326
85855.679000000004 1.09317791
85855.868000000002 1.04909992
85856.067999999999 1.05827475
85856.267999999996 1.10509801
85856.471000000005 1.02248037
85856.668000000005 0.980429053
85856.868000000002 1.01799393
85857.067999999999 0.985479355
85857.267999999996 0.940532148
85857.471000000005 1.01518321
85857.668000000005 0.992372572
85857.868000000002 0.981818020
85858.067999999999 0.977170348
85858.267999999996 0.995973468
85858.471000000005 1.00093627
85858.668000000005 0.862262011
85858.879000000001 0.960713029
85859.070000000007 0.975098073
85859.269000000000 1.03854859
85859.471000000005 0.914502740
85859.668999999994 1.04103780
85859.869000000006 1.03468943
85860.069000000003 0.908259273
85860.269000000000 0.965974629
85860.470000000001 0.966391981
85860.668999999994 0.926360607
85860.869000000006 0.962798774
85861.067999999999 0.871607304
85861.269000000000 0.978236735
85861.470000000001 0.940097153
85861.668999999994 0.961480200
85861.869000000006 0.888999522
85862.080000000002 1.01277900
85862.269000000000 0.951684892
85862.470000000001 1.04279304
85862.669999999998 1.10395741
85862.869000000006 0.955978632
85863.069000000003 1.00714195
85863.269000000000 1.00682640
85863.470000000001 1.00300026
85863.668999999994 0.918696225
85863.869000000006 0.887379825
85864.069000000003 1.00526452
85864.269000000000 0.994173050
85864.471000000005 0.864607096
85864.668999999994 0.884579659
85864.869000000006 1.04262269
85865.069000000003 0.918385684
85865.279999999999 0.946403146
85865.470000000001 0.966321588
85865.668999999994 0.935792744
85865.869000000006 0.965344548
85866.069000000003 0.954400778
85866.269000000000 0.970856845
85866.471000000005 0.987956762
85866.671000000002 0.956168771
85866.869999999995 0.985058963
85867.069000000003 0.945256650
85867.270000000004 1.03296804
85867.471000000005 0.994462430
85867.669999999998 0.987617195
85867.869999999995 0.985465288
85868.070000000007 1.03978574
85868.279999999999 0.966693580
85868.471000000005 0.951308846
85868.669999999998 0.938162506
85868.869999999995 0.961539865
85869.070000000007 1.02971423
85869.270000000004 0.981113493
85869.471999999994 1.00124943
85869.669999999998 0.950182855
85869.869999999995 1.01818895
85870.070000000007 1.02686787
85870.270000000004 1.00190842
85870.471000000005 0.849377573
85870.669999999998 0.965725541
85870.869999999995 1.00654519
85871.070000000007 1.07839298
85871.270000000004 1.04916167
85871.482999999993 1.00329411
85871.669999999998 0.975546300
85871.869999999995 0.909521341
85872.070000000007 0.983044982
85872.270000000004 1.04793370
85872.471999999994 0.976845503
85872.669999999998 0.999075770
85872.869999999995 0.958074033
85873.070000000007 1.01761007
85873.270000000004 0.991214812
85873.471999999994 0.923539042
85873.669999999998 0.952338934
85873.869999999995 1.01600266
85874.070000000007 1.00342143
85874.271999999997 1.03793633
85874.482000000004 0.958769023
85874.669999999998 1.05519962
85874.870999999999 1.05631971
85875.070000000007 1.08462822
85875.270000000004 1.02412403
85875.472999999998 0.985951126
85875.671000000002 1.05226922
85875.869999999995 1.06812465
85876.070000000007 1.04534936
85876.270000000004 1.06311858
85876.471999999994 0.981767297
85876.669999999998 0.979088068
85876.870999999999 0.968845308
85877.070999999996 0.956784785
85877.270000000004 1.04390466
85877.471000000005 0.900702119
85877.682000000001 0.984949052
85877.870999999999 1.00178349
85878.070999999996 1.08345711
85878.270999999993 1.07426035
85878.471999999994 0.998002231
85878.671000000002 1.08737385
85878.870999999999 1.04970562
85879.070999999996 1.05111790
85879.270999999993 0.970528841
85879.471000000005 0.999462187
85879.671000000002 1.03279638
85879.870999999999 1.02253222
85880.070999999996 0.969831824
85880.270999999993 1.08496976
85880.471999999994 1.11416566
85880.671000000002 1.08392417
85880.883000000002 1.05589855
85881.073000000004 1.00248647
85881.270999999993 1.03803396
85881.472999999998 1.01120007
85881.671000000002 1.02868986
85881.870999999999 0.984081447
85882.070999999996 1.07668877
85882.270999999993 1.12400031
85882.474000000002 0.993805707
85882.671000000002 1.03189731
85882.870999999999 1.01287484
85883.070999999996 1.08368063
85883.270999999993 1.03916430
85883.474000000002 0.971514821
85883.672000000006 1.01049864
85883.884000000005 0.975442469
85884.072000000000 0.925509870
85884.271999999997 0.947982967
85884.474000000002 0.977160454
85884.672000000006 1.09170783
85884.872000000003 1.02706563
85885.072000000000 1.01196575
85885.271999999997 1.05410159
85885.472999999998 0.999748826
85885.672000000006 0.978228807
85885.872000000003 0.982722521
85886.072000000000 0.951301873
85886.271999999997 0.949770510
85886.474000000002 1.08007121
85886.672000000006 0.921558619
85886.873000000007 1.02188754
85887.082999999999 1.00676823
85887.271999999997 1.05967832
85887.474000000002 0.980888128
85887.672000000006 0.950136900
85887.872000000003 0.975471914
85888.072000000000 1.05290103
85888.271999999997 1.05019331
85888.474000000002 1.01501203
85888.673999999999 0.997320414
85888.873999999996 1.02354121
85889.072000000000 0.982713819
85889.271999999997 1.06263912
85889.474000000002 1.02483022
85889.672000000006 0.988554418
85889.873999999996 0.952952266
85890.082999999999 0.995814025
85890.271999999997 1.06121647
85890.475000000006 1.03637433
85890.672000000006 1.06887829
85890.872000000003 1.02518106
85891.072000000000 0.985729098
85891.271999999997 0.937267840
85891.474000000002 0.981067240
85891.672999999995 1.00666571
85891.872000000003 0.945573866
85892.072000000000 0.973270595
85892.273000000001 1.06790352
85892.474000000002 0.960086346
85892.672999999995 0.935803592
85892.873999999996 0.976859570
85893.073000000004 1.00307262
85893.284000000000 1.09813690
85893.474000000002 1.16966999
85893.672999999995 1.07808185
85893.873000000007 1.04744828
85894.073000000004 1.01697326
85894.273000000001 1.08663678
85894.474000000002 1.09910691
85894.672999999995 1.03615582
85894.873000000007 1.09170449
85895.073000000004 1.08477080
85895.273000000001 1.00773919
85895.474000000002 1.02132261
85895.672999999995 0.959676147
85895.873999999996 1.10171032
85896.073000000004 1.05038571
85896.273000000001 0.993141711
85896.486999999994 1.04365122
85896.672999999995 1.03121793
85896.873000000007 0.935338795
85897.073000000004 1.07165611
85897.273000000001 0.993973792
85897.474000000002 1.00070512
85897.672999999995 0.970656037
85897.873000000007 1.06177759
85898.073000000004 1.04715359
85898.273000000001 0.995638609
85898.474000000002 0.964298010
85898.672999999995 1.00275767
85898.873999999996 0.969018579
85899.073999999993 0.923031211
85899.273000000001 1.03266394
85899.474000000002 0.992313027
85899.683999999994 0.966089129
85899.873999999996 1.04923511
85900.073999999993 0.978619218
85900.273000000001 0.881350219
85900.474000000002 1.01021743
85900.673999999999 1.04438341
85900.873999999996 1.02311647
85901.073999999993 0.974408567
85901.274000000005 1.06080759
85901.474000000002 1.13091230
85901.673999999999 0.938804209
85901.875000000000 1.07916558
85902.073999999993 0.989214242
85902.274000000005 0.926463127
85902.474000000002 1.12868309
85902.684999999998 1.04647160
85902.873999999996 1.13179910
85903.073999999993 1.03368723
85903.277000000002 1.04578578
85903.474000000002 1.14012492
85903.673999999999 1.10993528
85903.873999999996 1.05476391
85904.073999999993 1.10995698
85904.274000000005 0.998437405
85904.474000000002 1.00811315
85904.673999999999 1.00248528
85904.875000000000 1.02616417
85905.073999999993 0.996403754
85905.274000000005 1.06248415
85905.475999999995 1.09471285
85905.687000000005 1.12940621
85905.875000000000 1.10310876
85906.074999999997 0.984100997
85906.274999999994 0.943920255
85906.475999999995 0.934715450
85906.675000000003 0.929674029
85906.873999999996 0.971523166
85907.073999999993 0.926519811
85907.274000000005 0.881624579
85907.475000000006 0.938099980
85907.675000000003 1.07080197
85907.876999999993 0.984369993
85908.076000000001 0.975219369
85908.274999999994 0.983882904
85908.475000000006 0.991042912
85908.675000000003 1.02597308
85908.884999999995 1.14113247
85909.074999999997 0.979273617
85909.274999999994 0.978163540
85909.475000000006 0.960094690
85909.675000000003 0.963272631
85909.875000000000 0.862980247
85910.073999999993 1.11427009
85910.274999999994 1.03205252
85910.475000000006 1.03352332
85910.675000000003 1.13810658
85910.876999999993 1.06033897
85911.074999999997 0.901545346
85911.274999999994 0.979355276
85911.475999999995 1.01774347
85911.675000000003 0.985999823
85911.875000000000 0.931328654
85912.085999999996 1.18444169
85912.274999999994 0.927149475
85912.475999999995 0.970428824
85912.675000000003 1.04569662
85912.875000000000 1.00430000
85913.074999999997 1.03050315
85913.274999999994 1.06392705
85913.475999999995 1.05962396
85913.675000000003 1.03392601
85913.876999999993 1.07237053
85914.074999999997 1.05833244
85914.274999999994 1.09048092
85914.475999999995 1.03013992
85914.675000000003 0.835989296
85914.875000000000 0.952344716
85915.085999999996 0.951067746
85915.274999999994 1.05115175
85915.476999999999 1.00990367
85915.675000000003 1.06434715
85915.875000000000 1.11358893
85916.076000000001 1.05207765
85916.274999999994 0.989183843
85916.476999999999 0.935575366
85916.676000000007 1.05564344
85916.876999999993 1.14545500
85917.074999999997 1.01528418
85917.275999999998 1.02510631
85917.476999999999 1.01802051
85917.676000000007 1.09881711
85917.875000000000 0.989523590
85918.076000000001 1.06237924
85918.288000000000 1.05305886
85918.478000000003 1.07227552
85918.676000000007 1.11040056
85918.876000000004 1.05258298
85919.076000000001 1.02278662
85919.275999999998 1.02851307
85919.476999999999 0.942829370
85919.676000000007 1.05783725
85919.876999999993 1.04250240
85920.076000000001 0.967002034
85920.275999999998 1.01767731
85920.476999999999 1.08536446
85920.676000000007 1.04638970
85920.876000000004 1.11182642
85921.076000000001 0.979295075
85921.275999999998 1.03807330
85921.487999999998 1.00774121
85921.676000000007 1.09999585
85921.876000000004 1.05015981
85922.076000000001 0.887289166
85922.275999999998 1.04389596
85922.476999999999 0.971363664
85922.676000000007 1.01526237
85922.877999999997 1.06944883
85923.076000000001 1.10860240
85923.275999999998 1.04476666
85923.476999999999 1.08314717
85923.676000000007 1.11093748
85923.876000000004 0.978283226
85924.077000000005 0.972899914
85924.277000000002 0.992335677
85924.476999999999 1.02350295
85924.687000000005 1.03263962
85924.876999999993 0.988598228
85925.076000000001 0.981361330
85925.277000000002 0.932614207
85925.479000000007 0.998180509
85925.676999999996 1.01308715
85925.879000000001 0.854050815
85926.077000000005 0.982987821
85926.277000000002 0.916918576
85926.476999999999 1.06105483
85926.676999999996 0.954716086
85926.876999999993 1.01904416
85927.077000000005 1.07107127
85927.277000000002 1.04874754
85927.476999999999 1.04952133
85927.687999999995 0.909112096
85927.876999999993 0.948445022
85928.077000000005 0.990103543
85928.277000000002 1.04882503
85928.476999999999 0.947857618
85928.676999999996 0.994012713
85928.877999999997 0.773402214
85929.077000000005 1.00820446
85929.277000000002 0.928082049
85929.476999999999 0.966014802
85929.676999999996 0.901471853
85929.876999999993 0.852191389
85930.077000000005 0.997496784
85930.277000000002 1.03818595
85930.476999999999 0.937604666
85930.687999999995 1.12387156
85930.876999999993 0.992171168
85931.077000000005 0.963689208
85931.277000000002 0.983133256
85931.476999999999 0.981787682
85931.676999999996 1.05858254
85931.879000000001 1.05172181
85932.077000000005 1.01751542
85932.277000000002 0.998559296
85932.476999999999 0.992126048
85932.676999999996 1.13242745
85932.876999999993 1.03870380
85933.081000000006 1.07472301
85933.278000000006 0.993549824
85933.478000000003 1.08689415
85933.678000000000 1.07719612
85933.888999999996 0.984227717
85934.077999999994 1.04885161
85934.278000000006 1.02123034
85934.478000000003 0.910064399
85934.678000000000 1.05072665
85934.879000000001 1.06470370
85935.077999999994 0.978199661
85935.278000000006 1.08625793
85935.478000000003 1.01326871
85935.678000000000 0.981179893
85935.877999999997 0.950403571
85936.077999999994 0.985313714
85936.278000000006 1.04853582
85936.478000000003 1.08116949
85936.678000000000 0.998520792
85936.888999999996 1.16750801
85937.077999999994 0.990659595
85937.278000000006 1.10531139
85937.478000000003 1.01369727
85937.678000000000 1.00531542
85937.879000000001 1.02136695
85938.077999999994 1.02978313
85938.278000000006 1.00118732
85938.478000000003 1.06314647
85938.678000000000 1.07406032
85938.877999999997 1.06132507
85939.077999999994 0.831863642
85939.278000000006 0.953459918
85939.478000000003 1.09954548
85939.678000000000 0.955366969
85939.877999999997 1.02435052
85940.096999999994 1.13094413
85940.278000000006 1.10211611
85940.478000000003 1.02663457
85940.678000000000 0.970881701
85940.880000000005 1.05470645
85941.077999999994 1.04312766
85941.278999999995 0.992233574
85941.478000000003 1.07352304
85941.679000000004 0.883674741
85941.879000000001 1.03818905
85942.078999999998 1.00819468
85942.278999999995 1.14301455
85942.479000000007 0.926086366
85942.679000000004 1.04038203
85942.879000000001 0.941625059
85943.078999999998 0.938581109
85943.289999999994 0.994764209
85943.479000000007 1.03322017
85943.679000000004 1.01039910
85943.880000000005 0.944937050
85944.078999999998 1.01197898
85944.278999999995 1.04376817
85944.479000000007 1.03047192
85944.679000000004 0.945865273
85944.879000000001 1.02675450
85945.078999999998 1.05022490
85945.278999999995 1.02556765
85945.479000000007 1.01695478
85945.679000000004 1.06007373
85945.879000000001 1.06524265
85946.078999999998 0.984723806
85946.278999999995 1.06914330
85946.490000000005 0.999060452
85946.679000000004 0.984889448
85946.880000000005 1.10210240
85947.078999999998 1.06645465
85947.278999999995 0.919287622
85947.479000000007 0.998745739
85947.680999999997 0.952022970
85947.879000000001 1.04497433
85948.080000000002 1.08719623
85948.278999999995 1.01566291
85948.479000000007 0.958259523
85948.679999999993 0.942965925
85948.880000000005 1.06793034
85949.081000000006 1.08856142
85949.278999999995 1.11309063
85949.479000000007 1.13659894
85949.691000000006 0.935155690
85949.880000000005 1.09121680
85950.081000000006 1.07747686
85950.279999999999 0.958134234
85950.479999999996 0.968866348
85950.679999999993 0.893787861
85950.880000000005 1.01705039
85951.081000000006 1.01688004
85951.279999999999 0.976421297
85951.479999999996 1.00907063
85951.679999999993 0.980669796
85951.880000000005 0.970639765
85952.084000000003 0.974088669
85952.279999999999 0.886819482
85952.479999999996 0.969458401
85952.679999999993 0.936887324
85952.892999999996 1.02047908
85953.082999999999 0.941645622
85953.279999999999 0.964402318
85953.479999999996 0.989806354
85953.679999999993 0.935255349
85953.880000000005 0.952119589
85954.082999999999 0.991200387
85954.279999999999 1.07874596
85954.479999999996 1.04755783
85954.679999999993 0.995617807
85954.880000000005 0.994388580
85955.085000000006 1.12022674
85955.279999999999 0.968478560
85955.479999999996 0.984694600
85955.679999999993 1.18804872
85955.881999999998 0.961722732
85956.093999999997 1.01402485
85956.279999999999 1.01445842
85956.479999999996 1.01858854
85956.679999999993 0.962749839
85956.880000000005 0.876385748
85957.084000000003 1.01383412
85957.281000000003 0.998191476
85957.479999999996 1.07227457
85957.680999999997 1.01387668
85957.880999999994 0.982692063
85958.082999999999 0.944629192
85958.279999999999 0.988622725
85958.479999999996 0.924942195
85958.680999999997 0.998090029
85958.881999999998 0.933562219
85959.082999999999 1.06299222
85959.292000000001 0.919904947
85959.481000000000 0.989823103
85959.680999999997 0.962703764
85959.880999999994 0.985602438
85960.082999999999 1.00044334
85960.281000000003 0.950580835
85960.481000000000 0.928775787
85960.680999999997 0.978539467
85960.880999999994 1.00515413
85961.081999999995 1.00323594
85961.281000000003 0.968141556
85961.481000000000 1.02913117
85961.680999999997 0.939333379
85961.883000000002 0.914541066
85962.082999999999 0.963606596
85962.293999999994 1.03728676
85962.481000000000 0.980290234
85962.680999999997 0.948060572
85962.880999999994 0.988476694
85963.081999999995 0.988367379
85963.281000000003 0.990833759
85963.481000000000 0.937429845
85963.682000000001 1.02363908
85963.880999999994 0.984547973
85964.082999999999 1.02713180
85964.281000000003 0.994995177
85964.481000000000 0.972782671
85964.682000000001 1.04305041
85964.883000000002 0.936487436
85965.082999999999 0.933274269
85965.282000000007 1.03034496
85965.491999999998 0.998560965
85965.682000000001 1.04430854
85965.880999999994 0.922957718
85966.082999999999 0.989917040
85966.281000000003 0.992548764
85966.482000000004 1.04496908
85966.682000000001 1.00614774
85966.881999999998 1.07207084
85967.082999999999 1.06760800
85967.281000000003 1.15829825
85967.481000000000 1.06392312
85967.682000000001 1.12594974
85967.883000000002 0.997420788
85968.082999999999 1.02145517
85968.282000000007 1.02101052
85968.491999999998 1.15465093
85968.682000000001 1.13851106
85968.881999999998 1.00355208
85969.082999999999 1.04531133
85969.282000000007 1.14660275
85969.483999999997 0.953812242
85969.682000000001 1.06923842
85969.881999999998 1.06693506
85970.082999999999 1.02317655
85970.282000000007 1.01902795
85970.482000000004 0.991780996
85970.682000000001 1.02786493
85970.883000000002 1.01249766
85971.084000000003 0.983456194
85971.282000000007 0.879953325
85971.498000000007 1.01619542
85971.682000000001 1.00317466
85971.881999999998 1.02406406
85972.085000000006 1.08216679
85972.282000000007 0.978657544
85972.482000000004 1.07135355
85972.682000000001 1.01284027
85972.881999999998 1.07893217
85973.084000000003 0.946658552
85973.282000000007 1.09713542
85973.482000000004 1.13662517
85973.682000000001 1.06467950
85973.883000000002 1.02215993
85974.084000000003 1.02762401
85974.282000000007 0.989180923
85974.482000000004 0.988673806
85974.694000000003 1.00419569
85974.883000000002 0.842546642
85975.084000000003 1.04415727
85975.282999999996 0.935263395
85975.482999999993 0.936976552
85975.683000000005 0.999797285
85975.883000000002 0.951828837
85976.084000000003 0.966015637
85976.282999999996 0.976611674
85976.482999999993 0.994854629
85976.683000000005 0.973776460
85976.884000000005 0.968130469
85977.085000000006 1.01730132
85977.282999999996 1.02480650
85977.482999999993 0.957763851
85977.683000000005 1.07943892
85977.894000000000 0.925068200
85978.082999999999 1.06736147
85978.282999999996 1.04534042
85978.482999999993 0.880446792
85978.683000000005 0.855652690
85978.883000000002 0.929342330
85979.082999999999 0.988932192
85979.282999999996 0.963003159
85979.482999999993 0.969799817
85979.683000000005 0.873853147
85979.884000000005 1.03308821
85980.082999999999 1.05550110
85980.282999999996 1.02889299
85980.482999999993 0.988603115
85980.683000000005 1.09763026
85980.895000000004 1.00188088
85981.082999999999 1.09956777
85981.282999999996 0.972059250
85981.483999999997 1.03011382
85981.683000000005 1.02295339
85981.884000000005 0.978375077
85982.084000000003 0.998395503
85982.282999999996 0.943162382
85982.483999999997 1.03281164
85982.683999999994 0.950504482
85982.884999999995 1.12765396
85983.082999999999 1.01460779
85983.284000000000 1.03352988
85983.483999999997 1.07351685
85983.683999999994 0.966881216
85983.884000000005 1.12975001
85984.096999999994 0.983047009
85984.284000000000 1.00881350
85984.483999999997 1.02876234
85984.683999999994 0.967207253
85984.884000000005 0.948556662
85985.084000000003 0.993976474
85985.284000000000 1.03780603
85985.483999999997 0.949973524
85985.683999999994 1.02402389
85985.884999999995 0.999967754
85986.084000000003 1.04394984
85986.284000000000 1.03445148
85986.483999999997 1.05443990
85986.683999999994 1.05265462
85986.884000000005 1.05289221
85987.084000000003 0.982863009
85987.294999999998 1.01654720
85987.483999999997 0.942385793
85987.683999999994 1.12428939
85987.884000000005 1.02752173
85988.084000000003 0.969473720
85988.284000000000 1.02758121
85988.483999999997 1.02686262
85988.683999999994 1.08839738
85988.885999999999 1.01614952
85989.084000000003 1.05867672
85989.284000000000 1.00991464
85989.483999999997 0.966469109
85989.683999999994 1.04590547
85989.884000000005 1.00353277
85990.085000000006 0.954764962
85990.284000000000 1.04308057
85990.494999999995 1.00156605
85990.683999999994 0.984672844
85990.884000000005 1.01805639
85991.084000000003 1.02140582
85991.284000000000 1.00581288
85991.485000000001 1.04811072
85991.686000000002 0.966826200
85991.884999999995 0.867704391
85992.085000000006 1.00832856
85992.285000000003 0.997013986
85992.485000000001 1.03721654
85992.684999999998 0.970332742
85992.884999999995 1.08470273
85993.084000000003 1.02119970
85993.285000000003 1.08630919
85993.494999999995 0.900147498
85993.684999999998 0.875230253
85993.884999999995 0.952006161
85994.085000000006 1.04162443
85994.285000000003 1.10735178
85994.485000000001 0.998446226
85994.684999999998 0.962937236
85994.885999999999 0.908998549
85995.085000000006 1.04763353
85995.285000000003 0.958914399
85995.485000000001 0.933332443
85995.684999999998 0.930474043
85995.884999999995 0.878510177
85996.085000000006 0.922461689
85996.285000000003 0.898237228
85996.485000000001 0.930131733
85996.695999999996 0.845971763
85996.884999999995 1.02795744
85997.085000000006 0.982244015
85997.285000000003 1.08524394
85997.486000000004 1.00206149
85997.684999999998 0.990609646
85997.887000000002 1.03813875
85998.085000000006 1.05598891
85998.285000000003 1.06931651
85998.486000000004 1.02692032
85998.686000000002 1.02077842
85998.884999999995 1.17168248
85999.085000000006 0.957483590
85999.288000000000 0.965888321
85999.486000000004 0.962909520
85999.695999999996 1.09591591
85999.885999999999 1.05595899
86000.085000000006 0.919758618
86000.285999999993 0.954343796
86000.486000000004 1.05564463
86000.686000000002 0.956377268
86000.887000000002 0.850407898
86001.085999999996 0.897273540
86001.285999999993 0.886495113
86001.486000000004 1.07440114
86001.686000000002 1.07909727
86001.885999999999 1.02254438
86002.085999999996 1.02725387
86002.285999999993 1.00287735
86002.486000000004 0.969252408
86002.686000000002 0.874502242
86002.896999999997 0.963879466
86003.085999999996 0.976067603
86003.285999999993 1.00364780
86003.486000000004 1.01163435
86003.686000000002 1.02731752
86003.887000000002 1.03508639
86004.085999999996 1.02069640
86004.285999999993 0.930130422
86004.486000000004 0.993429005
86004.686000000002 1.02877629
86004.885999999999 0.982492507
86005.085999999996 0.979705989
86005.285999999993 0.969960630
86005.486000000004 0.946843803
86005.686000000002 0.964370131
86005.885999999999 1.00364804
86006.096999999994 0.974905014
86006.288000000000 1.01093066
86006.486000000004 1.03457797
86006.686000000002 1.02986300
86006.888000000006 1.09745216
86007.085999999996 1.02637661
86007.286999999997 1.04061878
86007.486999999994 1.10507119
86007.687000000005 1.05673540
86007.885999999999 1.03298628
86008.087000000000 0.915333629
86008.285999999993 0.950077176
86008.486999999994 1.11117148
86008.687000000005 0.961447954
86008.887000000002 0.892466187
86009.087000000000 1.09465230
86009.297000000006 1.06704593
86009.486999999994 0.981419683
86009.687000000005 1.05410075
86009.888000000006 0.976503313
86010.087000000000 0.955336809
86010.285999999993 1.02695334
86010.486999999994 0.924925029
86010.687000000005 0.962474108
86010.887000000002 0.923707843
86011.087000000000 1.05426216
86011.286999999997 0.990589440
86011.486999999994 0.936608255
86011.687000000005 0.976929426
86011.887000000002 0.963137627
86012.087000000000 1.07385552
86012.286999999997 1.04739666
86012.498000000007 0.877412200
86012.687000000005 1.08822167
86012.888000000006 0.964726269
86013.087000000000 1.09306800
86013.286999999997 0.930968344
86013.486999999994 0.980354011
86013.687000000005 0.974225998
86013.888999999996 1.00447464
86014.087000000000 1.02733493
86014.286999999997 1.02625549
86014.487999999998 1.02250528
86014.687000000005 1.07136440
86014.888000000006 1.01914704
86015.087000000000 1.10336280
86015.286999999997 1.06884408
86015.498999999996 0.972836912
86015.687999999995 1.10146332
86015.888000000006 1.11160707
86016.088000000003 1.09190881
86016.286999999997 1.02273452
86016.487999999998 0.875580907
86016.687999999995 1.03457832
86016.888000000006 1.06203139
86017.088000000003 1.04940212
86017.288000000000 1.07076061
86017.487999999998 0.928355873
86017.688999999998 1.02359796
86017.888000000006 0.972022474
86018.087000000000 1.03909302
86018.288000000000 0.979566872
86018.487999999998 1.01238394
86018.699999999997 0.952245891
86018.888999999996 1.01813972
86019.088000000003 1.09826219
86019.288000000000 1.07152307
86019.487999999998 0.957056344
86019.687999999995 1.01265538
86019.888000000006 1.01196837
86020.088000000003 0.966149747
86020.288000000000 0.953044713
86020.487999999998 0.872563958
86020.687999999995 1.08998978
86020.888000000006 1.08463418
86021.088000000003 1.09673738
86021.288000000000 1.07162237
86021.490000000005 1.00056803
86021.701000000001 1.03285468
86021.888999999996 0.915994942
86022.088000000003 1.09344721
86022.288000000000 1.02447140
86022.487999999998 1.10051405
86022.687999999995 0.987116575
86022.888000000006 0.952834785
86023.088000000003 1.05578387
86023.288000000000 1.04291761
86023.489000000001 1.01058042
86023.688999999998 0.956770539
86023.888999999996 0.956324100
86024.089000000007 1.11205864
86024.289000000004 1.08582902
86024.489000000001 1.01084137
86024.688999999998 1.08869362
86024.900999999998 0.993562341
86025.089000000007 0.878864586
86025.289000000004 0.862241864
86025.489000000001 1.01684773
86025.688999999998 1.03165746
86025.888999999996 1.00088072
86026.089000000007 1.06818318
86026.289000000004 0.994755268
86026.489000000001 0.984574616
86026.688999999998 0.995395601
86026.888999999996 0.977403700
86027.089000000007 0.915917754
86027.289000000004 0.869414926
86027.489000000001 0.920921981
86027.688999999998 0.972225368
86027.889999999999 0.997250080
86028.100999999995 0.997770131
86028.289000000004 1.01860046
86028.490000000005 1.04595220
86028.688999999998 0.964134872
86028.888999999996 0.962527156
86029.089000000007 0.894689560
86029.289000000004 0.967453480
86029.489000000001 1.00558209
86029.688999999998 0.935242057
86029.888999999996 0.977681875
86030.089000000007 0.959889174
86030.289000000004 1.02402771
86030.489000000001 0.920235276
86030.688999999998 0.886762142
86030.889999999999 0.960250735
86031.100000000006 0.920057714
86031.289000000004 0.848640084
86031.489000000001 0.986265957
86031.690000000002 0.927693188
86031.888999999996 1.01869380
86032.089999999997 0.904807031
86032.289000000004 0.878308296
86032.490000000005 0.826541483
86032.690000000002 0.803177297
86032.889999999999 0.884544253
86033.089000000007 0.899289787
86033.289999999994 0.897884429
86033.490000000005 0.873334944
86033.690000000002 1.01270926
86033.891000000003 1.03151786
86034.089999999997 0.886501849
86034.301000000007 0.958669901
86034.490000000005 0.910845220
86034.690000000002 0.939865947
86034.891000000003 0.969800055
86035.089999999997 1.06493223
86035.289999999994 1.01665354
86035.490000000005 0.978820920
86035.690000000002 1.03707802
86035.889999999999 0.991010785
86036.091000000000 0.937762082
86036.289999999994 0.979511619
86036.490000000005 0.956862807
86036.690000000002 0.880807579
86036.891000000003 0.911595643
86037.089999999997 1.13612688
86037.301000000007 0.908221722
86037.490000000005 1.04202735
86037.691999999995 0.990263641
86037.889999999999 1.02320075
86038.089999999997 1.03898013
86038.289999999994 1.05544579
86038.490000000005 1.03643537
86038.690000000002 0.980573893
86038.889999999999 1.07282877
86039.089999999997 0.961732090
86039.289999999994 0.923913240
86039.490999999995 0.977906406
86039.691000000006 0.950663090
86039.891000000003 0.982761979
86040.089999999997 1.02275836
86040.301000000007 1.03417420
86040.490999999995 0.911293685
86040.691000000006 0.915464938
86040.891000000003 0.941787720
86041.091000000000 1.07966518
86041.290999999997 1.08366275
86041.490999999995 0.992077947
86041.691999999995 0.951949656
86041.891000000003 0.950257897
86042.092000000004 0.950541675
86042.292000000001 1.03670800
86042.490999999995 1.03919280
86042.692999999999 0.961937666
86042.892000000007 0.913880169
86043.092000000004 0.936036766
86043.290999999997 0.961063027
86043.504000000001 0.960844696
86043.691999999995 1.11829054
86043.891000000003 1.07669473
86044.092000000004 0.939140558
86044.290999999997 0.986098230
86044.490999999995 0.990071714
86044.694000000003 1.01001656
86044.891000000003 1.03097200
86045.092000000004 0.973429501
86045.290999999997 0.999274909
86045.494000000006 1.07592857
86045.695000000007 1.06031823
86045.892000000007 1.05011773
86046.092000000004 1.06779897
86046.292000000001 0.898132622
86046.490999999995 0.921891987
86046.705000000002 0.978103459
86046.891000000003 0.936967432
86047.092000000004 1.00102079
86047.292000000001 1.02177000
86047.490999999995 0.995002270
86047.695000000007 0.962246895
86047.891000000003 0.947214663
86048.092999999993 0.985507667
86048.292000000001 1.06572676
86048.490999999995 1.12065232
86048.695000000007 0.938432097
86048.892999999996 1.02732444
86049.092000000004 0.974867165
86049.292000000001 1.03224552
86049.491999999998 1.05325937
86049.707999999999 0.924756587
86049.892000000007 0.980821669
86050.092999999993 1.11644197
86050.292000000001 1.08113050
86050.494000000006 1.04261887
86050.695999999996 1.03906870
86050.892000000007 1.09125519
86051.092999999993 0.951875269
86051.292000000001 1.06565702
86051.491999999998 1.06918931
86051.695000000007 0.882227659
86051.892999999996 0.898116291
86052.092999999993 0.933291554
86052.293000000005 0.993084192
86052.491999999998 0.873329520
86052.695000000007 0.897466958
86052.903000000006 0.831679642
86053.092000000004 0.954017401
86053.293999999994 0.960679889
86053.491999999998 0.912607312
86053.694000000003 1.03487933
86053.892000000007 0.902715445
86054.092999999993 1.03900325
86054.293000000005 0.946870208
86054.491999999998 1.03965604
86054.694000000003 1.05679607
86054.892999999996 0.977647126
86055.092999999993 1.02524304
86055.292000000001 1.01802528
86055.493000000002 1.05013716
86055.694000000003 0.938509107
86055.903000000006 0.999884486
86056.092000000004 1.11240542
86056.293000000005 1.03913534
86056.493000000002 0.958298445
86056.694000000003 0.922879159
86056.892000000007 0.970692515
86057.092999999993 0.900532484
86057.293000000005 0.968352616
86057.494000000006 0.984720051
86057.694000000003 1.02719903
86057.892999999996 1.04876113
86058.095000000001 1.01149583
86058.293999999994 0.914992690
86058.493000000002 0.954543531
86058.694000000003 0.996798873
86058.892999999996 0.957460284
86059.106000000000 1.05170703
86059.293000000005 0.942426205
86059.493000000002 1.00531363
86059.694000000003 0.927481294
86059.892999999996 0.866573751
86060.093999999997 0.898708165
86060.293000000005 1.08011889
86060.493000000002 0.981934249
86060.695000000007 1.02011013
86060.894000000000 1.02568996
86061.092999999993 0.947616160
86061.293000000005 0.855720818
86061.493000000002 0.958104432
86061.695000000007 1.02027416
86061.894000000000 1.01255465
86062.107000000004 1.05598903
86062.293000000005 1.06425250
86062.493000000002 1.08108640
86062.695000000007 1.00809515
86062.892999999996 0.991856396
86063.092999999993 0.922504783
86063.293000000005 1.00948465
86063.493000000002 0.937549114
86063.695000000007 1.08050346
86063.894000000000 0.861992240
86064.092999999993 0.923284173
86064.293000000005 1.02359414
86064.493000000002 1.01240730
86064.695999999996 1.08483970
86064.892999999996 1.01771903
86065.110000000001 0.956720471
86065.293999999994 1.00209069
86065.493000000002 1.09663653
86065.695999999996 0.984186769
86065.892999999996 1.07725906
