85030.02459705     0.82862108
85030.52485585     0.87654551
85031.02511466     0.79602538
85031.52537346     0.81055339
85032.02478737     0.94032063
85032.52500594     1.02427454
85033.02526474     0.94371175
85033.52467865     0.97033128
85034.02493745     1.02899441
85034.52519625     1.07393965
85035.02545506     1.09804201
85035.52482873     1.03235478
85036.02508754     0.90804927
85036.52534634     0.92890756
85037.02472001     0.86481750
85037.52497882     0.96434663
85038.02439272     0.90701762
85038.52465153     0.90089111
85039.02402520     0.86078950
85039.52516913     0.90836654
85040.02369791     0.83118184
85040.52480161     0.93422702
85041.02417529     0.98966235
85041.52358919     0.99805907
85042.02384800     0.87777316
85042.52410680     0.69353202
85043.02436560     0.68344553
85043.52373928     0.76892499
85044.02399808     0.82815726
85044.52425689     0.86377335
85045.02363056     0.86886042
85045.52388936     0.90398677
85046.02414817     0.82489437
85046.52440697     0.84070808
85047.02382088     0.88512501
85047.52407968     0.83511784
85048.02433848     0.99719010
85048.52371216     1.00809603
85049.02397096     1.03508607
85049.52422976     0.93113726
85050.02360344     0.96613308
85050.52386224     0.95686247
85051.02412105     0.91469743
85051.52437985     1.02313417
85052.02379376     1.12467420
85052.52401233     0.82425238
85053.02427113     0.92525591
85053.52368504     1.00736007
85054.02394384     1.17790587
85054.52420264     1.22998578
85055.02446145     1.19214578
85055.52383512     1.08716673
85056.02409393     1.00193039
85056.52435273     1.09405869
85057.02372640     1.10317355
85057.52398521     0.87854349
85058.02424401     0.82823689
85058.52365792     0.96824122
85059.02391672     1.00793843
85059.52417552     1.00775754
85060.02443433     1.00347046
85060.52380800     1.01442846
85061.02406681     0.86650303
85061.52432561     0.73565728
85062.02369928     0.86201260
85062.52395809     0.84995638
85063.02421689     1.11100524
85063.52363080     0.92541697
85064.02388960     1.04910644
85064.52410817     1.02713846
85065.02436697     1.10036705
85065.52378088     1.11375192
85066.02403969     1.30384586
85066.52429849     1.14450061
85067.02367216     1.14056090
85067.52393097     1.14418838
85068.02418977     1.06504604
85068.52360368     0.95408464
85069.02382225     1.01923440
85069.52408105     0.86361332
85070.02433985     0.98502669
85070.52375376     0.81299936
85071.02401257     0.99719479
85071.52427137     0.63489837
85072.02364504     0.90726834
85072.52390385     1.05629766
85073.02416265     0.89590932
85073.52442145     0.86865701
85074.02379513     0.87576469
85074.52405393     0.83777511
85075.02258271     0.93483453
85075.52372664     0.83570256
85076.02310032     0.91967601
85076.52335912     0.90838658
85077.02273279     0.95089899
85077.52387673     1.10796074
85078.02325040     1.14844692
85078.52439433     1.06448879
85079.02292311     1.08894099
85079.52318192     1.04489871
85080.02428561     1.12479826
85080.52281439     1.06537466
85081.02307320     1.15526992
85081.52333200     1.04580082
85082.02270567     1.17371165
85082.52296448     1.19595612
85083.02322328     1.20156714
85083.52263719     1.18794675
85084.02289599     1.14767142
85084.52315480     1.10600838
85085.02337337     0.99987933
85085.52278727     1.04195600
85086.02304608     0.95791425
85086.52330488     0.99006397
85087.02267855     0.87682475
85087.52293736     1.00464288
85088.02319616     1.00195169
85088.52261007     0.94415173
85089.02282864     0.87591372
85089.52308744     0.80535083
85090.02334625     0.97415893
85090.52276015     0.93822622
85091.02301896     0.97090012
85091.52327776     0.94970164
85092.02265143     0.88412708
85092.52291024     1.02712450
85093.02316904     0.83587332
85093.52254272     0.95910455
85094.02280152     1.08133415
85094.52306032     0.92649022
85095.02331913     1.04194686
85095.52273303     0.78983263
85096.02299184     0.80973803
85096.52325064     1.07466135
85097.02262431     1.06227497
85097.52288312     1.16732892
85098.02314192     1.05018370
85098.52340072     1.06024138
85099.02277440     1.09213781
85099.52303320     1.07003601
85100.02329201     1.15379904
85100.52270591     1.16635050
85101.02292448     1.25322302
85101.52318329     1.09028767
85102.02259719     1.04156693
85102.52285600     1.12585830
85103.02311480     1.18458288
85103.52337360     1.13088835
85104.02274728     1.12430920
85104.52300608     1.21093823
85105.02326488     1.14902006
85105.52263856     1.16611396
85106.02289736     1.10042743
85106.52315617     0.99152698
85107.02341497     1.24476515
85107.52282888     1.12427004
85108.02308768     0.95426662
85108.52334648     1.19265530
85109.02272016     0.85369871
85109.52297896     0.87857462
85110.02323776     0.88676683
85110.52261144     0.89363027
85111.02287024     1.05506117
85111.52312905     1.21055832
85112.02165782     1.20235298
85112.52280176     1.12906808
85113.02217543     1.01550451
85113.52327913     0.91244084
85114.02269304     0.94625781
85114.52379674     0.69787038
85115.02405554     1.02453976
85115.52431434     1.06814181
85116.02199823     0.88073613
85116.52225703     1.00589162
85117.02163070     0.82819134
85117.52188951     0.79556827
85118.02214831     0.88330892
85118.52240711     0.84057999
85119.02178079     0.99090234
85119.52203959     0.91818439
85120.02229840     1.00898857
85120.52171230     1.11282995
85121.02197111     1.03279304
85121.52218968     0.99187319
85122.02160358     1.01866312
85122.52186239     0.95066600
85123.02212119     0.97293648
85123.52411002     0.94646367
85124.02175367     0.97075220
85124.52201247     0.92808640
85125.02227128     0.84611296
85125.52164495     0.89877612
85126.02190375     0.99309794
85126.52216256     1.02115864
85127.02242136     1.07617868
85127.52183527     0.98933317
85128.02209407     1.12493009
85128.52235287     1.03620177
85129.02172655     1.09588873
85129.52198535     1.10853892
85130.02224416     1.05709983
85130.52161783     1.03885510
85131.02276176     1.08813460
85131.52302057     1.03914325
85132.02327937     0.93354345
85132.52265304     1.02467117
85133.02291185     0.93763794
85133.52317065     1.00809029
85134.02254432     1.01344016
85134.52280313     1.12654162
85135.02306193     1.11226292
85135.52332073     0.97696509
85136.02273464     1.18061296
85136.52299345     1.04592176
85137.02321202     0.97674535
85137.52262592     1.15018367
85138.02288473     0.91803385
85138.52314353     1.05856811
85139.02340233     0.97418820
85139.52277601     0.98570178
85140.02303481     1.10525389
85140.52329361     1.04925249
85141.02270752     0.96812005
85141.52292609     1.02736130
85142.02318490     0.97692641
85142.52259880     1.18796245
85143.02285761     1.04493979
85143.52311641     1.15302120
85144.02337521     0.97356809
85144.52274889     1.05367425
85145.02300769     0.94961802
85145.52326649     0.98522475
85146.02264017     0.88782905
85146.52289897     0.89174352
85147.02315778     1.04016788
85147.52341658     0.90925047
85148.02283049     0.95257255
85148.52308929     0.92938394
85149.02334809     0.97966392
85149.52272177     0.86349474
85150.02298057     0.79281105
85150.52235425     0.95423867
85151.02176815     0.95984564
85151.52287185     1.12155681
85152.02228576     1.03188112
85152.52338946     1.01321773
85153.02191824     0.58448128
85153.52217704     0.71101878
85154.02155071     0.72807741
85154.52180952     0.80863941
85155.02206832     0.83913288
85155.52232713     1.25445197
85156.02174103     0.89508351
85156.52199984     0.91915694
85157.02310354     1.01572533
85157.52163231     0.65584311
85158.02189112     0.67134067
85158.52299482     0.91795686
85159.02240872     0.88084357
85159.52178240     1.04695132
85160.02204120     0.97147722
85160.52230000     1.10374526
85161.02171391     1.01685025
85161.52193248     0.69312981
85162.02219129     0.96724240
85162.52160519     0.87869200
85163.02186400     0.87053661
85163.52212280     0.87247995
85164.02238160     0.80376546
85164.52175528     0.83541276
85165.02201408     0.79960063
85165.52227288     1.01807838
85166.02164656     1.03736946
85166.52190536     0.90826079
85167.02216417     0.92663600
85167.52157807     1.14725093
85168.02183688     1.13480807
85168.52209568     1.04590613
85169.02235448     1.03741452
85169.52172816     1.24102585
85170.02198696     1.30129797
85170.52224576     1.18746627
85171.02161944     1.10102969
85171.52187824     1.11302558
85172.02213705     1.27643806
85172.52239585     1.26742512
85173.02180976     1.10558242
85173.52202833     0.94216568
85174.02228713     0.77876630
85174.52170104     0.95831638
85175.02195984     0.84106963
85175.52221864     0.88089029
85176.02159232     0.94828767
85176.52185112     0.94350731
85177.02210993     0.79273480
85177.52236873     0.87164869
85178.02174240     0.86139786
85178.52200121     0.85582202
85179.02226001     0.84223033
85179.52167392     1.05886647
85180.02193272     0.90512857
85180.52219152     0.89880006
85181.02245033     0.93299346
85181.52182400     0.89648071
85182.02208281     0.92041017
85182.52234161     0.77873602
85183.02171528     0.80912802
85183.52197409     0.93757904
85184.02223289     0.91803119
85184.52164680     0.97092810
85185.02190560     0.72093082
85185.52212417     0.82601190
85186.02238297     0.87339166
85186.52179688     0.89666455
85187.02117056     0.84748008
85187.52231449     0.81946975
85188.02084327     0.87968686
85188.52194697     0.83932274
85189.02136087     0.95322459
85189.52161968     1.00406153
85190.02099335     0.97331445
85190.52125216     1.01115959
85191.02062583     0.99909547
85191.52088463     0.99669935
85192.02114344     0.84877260
85192.52140224     0.79562895
85193.02081615     0.97407478
85193.52107495     1.06887563
85194.02129352     1.14283563
85194.52070743     1.00511143
85195.02096623     0.88638522
85195.52122504     0.93223763
85196.02059871     1.02588146
85196.52085751     0.80978558
85197.02111632     1.02820951
85197.52137512     1.02231230
85198.02074879     1.00164944
85198.52100760     0.89857298
85199.02126640     1.00371627
85199.52068031     0.89524157
85200.02093911     0.93433096
85200.52119792     0.84090506
85201.02145672     0.91254417
85201.52083039     0.82088958
85202.02108920     1.03364315
85202.52134800     0.99547034
85203.02072167     0.99577479
85203.52098048     1.03691147
85204.02123928     0.82377046
85204.52065319     0.79442140
85205.02091199     0.92404375
85205.52117079     0.89172480
85206.02138937     0.89111848
85206.52080327     0.73101250
85207.02106208     0.74946308
85207.52132088     0.74329944
85208.02069455     0.91259304
85208.52095336     0.87521232
85209.02121216     0.95850419
85209.52062607     0.94237761
85210.02084464     0.95465817
85210.52110344     1.14536609
85211.02136225     1.10690372
85211.52077615     1.09777493
85212.02103496     1.08870532
85212.52129376     1.10990201
85213.02066743     1.02253682
85213.52092624     1.09011022
85214.02118504     1.16103270
85214.52055871     1.21298038
85215.02081752     1.10820831
85215.52107632     1.19449499
85216.02133512     0.93049338
85216.52074903     1.06193384
85217.02100784     0.92352906
85217.52126664     1.08870037
85218.02064031     1.10447218
85218.52089912     1.12032981
85219.02115792     1.22018958
85219.52141672     1.12196277
85220.02079040     1.22839629
85220.52104920     1.21498642
85221.02130800     1.12015644
85221.52072191     1.08075979
85222.02094048     1.00884241
85222.52119929     0.96038758
85223.02061319     1.16019875
85223.52087200     1.09310778
85224.02113080     1.14886817
85224.52138960     1.07526501
85225.01991838     1.18059718
85225.52102208     1.15982102
85226.02043599     1.01731317
85226.52065456     1.01623777
85227.02006847     1.10137437
85227.52032727     1.21378377
85228.02058607     1.10815375
85228.52168977     1.13598654
85229.02021855     1.00203684
85229.51963246     1.02536986
85230.01989126     1.17758722
85230.52010983     1.05324250
85231.02036864     1.04442956
85231.51978254     1.04852437
85232.02177137     1.04484767
85232.52030015     1.13665826
85233.01967382     1.22489987
85233.51993263     1.24538679
85234.02019143     0.91755045
85234.51956511     1.04236072
85235.01982391     1.06312666
85235.52008271     1.13366010
85236.02034152     1.04931663
85236.51975542     1.02602813
85237.02001423     1.10357696
85237.52027303     1.27447509
85238.01964670     1.18580829
85238.51990551     1.31271421
85239.02016431     1.19430670
85239.51953799     1.17658036
85240.01979679     1.13560774
85240.52005559     1.18303457
85241.02031440     1.06716918
85241.51972830     0.92519337
85242.01998711     1.06801015
85242.52020568     1.13622143
85243.01961958     1.15681881
85243.51987839     1.05580634
85244.02013719     0.94187324
85244.52039599     1.16278110
85245.02065480     1.14126033
85245.52091360     1.14595274
85246.02113217     1.13362624
85246.52139097     0.97986147
85247.02080488     0.95939594
85247.52106369     0.93256799
85248.02132249     0.84517208
85248.52069616     0.80223473
85249.02095497     0.93644447
85249.52121377     0.89000408
85250.02062768     0.98723919
85250.52084625     0.83933662
85251.02110505     0.85489562
85251.52136385     0.89971933
85252.02077776     0.68008435
85252.52103657     0.64970051
85253.02129537     0.79975956
85253.52066904     0.81581929
85254.02092785     0.89831302
85254.52118665     0.89556314
85255.02056032     0.88091034
85255.52081913     0.93132196
85256.02107793     0.72543583
85256.52133673     0.57714743
85257.02075064     0.63453517
85257.52100945     0.79638435
85258.02122802     0.83245155
85258.52064192     0.92495236
85259.02090073     0.86808334
85259.52115953     0.87764162
85260.02141833     0.84583764
85260.52079201     0.84560560
85261.02105081     0.96303716
85261.52130961     0.96865094
85262.01983839     0.99442916
85262.52094209     1.00349242
85263.02035600     1.06998213
85263.52061480     1.02069624
85264.01998848     1.01593208
85264.52024728     0.91521320
85265.01966119     1.00418344
85265.51991999     0.85334698
85266.02017879     0.85402839
85266.52039737     0.81573828
85267.01981127     0.83254535
85267.52007008     0.94388891
85268.02032888     0.88382398
85268.51970255     0.81541089
85269.01996136     0.77769173
85269.52110529     0.77614679
85270.01963407     0.89678429
85270.51985264     0.97605077
85271.02011144     0.93245614
85271.52037024     0.88801370
85272.01978415     0.76904453
85272.52004296     0.69472011
85273.02030176     0.78370074
85273.51967543     0.78498441
85274.01993424     0.87847879
85274.52019304     0.76859118
85275.01956671     0.58529323
85275.51982552     0.68146154
85276.02008432     0.70946997
85276.52034312     0.71710433
85277.01975703     0.74088021
85277.52001584     0.70470284
85278.02027464     0.79517621
85278.51964831     0.86018398
85279.01990712     0.78078089
85279.52016592     1.00680808
85280.01953959     1.01415342
85280.51979840     0.96362378
85281.02005720     0.94370422
85281.52031600     1.05362185
85282.01972991     0.93314163
85282.51994848     1.03863699
85283.02020729     1.04200643
85283.51962119     0.91957518
85284.01988000     1.05164725
85284.52013880     0.94365286
85285.02039760     0.82744860
85285.51977128     0.79089619
85286.02003008     0.67803273
85286.52028888     0.70434273
85287.01966256     0.62853710
85287.51992136     0.52990656
85288.02018017     0.78958149
85288.51959407     0.77852113
85289.01985288     0.85982216
85289.52011168     0.92062585
85290.02037048     0.91742232
85290.51974416     0.95748818
85291.02000296     0.85896373
85291.52026176     0.97358043
85292.01963544     0.68216389
85292.51989424     0.67752933
85293.02015305     0.69925399
85293.52041185     0.88815229
85294.01982576     0.87015442
85294.52004433     0.91527505
85295.02030313     0.92714839
85295.51971704     0.93390678
85296.01997584     0.81686212
85296.52023464     0.79088440
85297.01960832     0.76656567
85297.51986712     0.93013761
85298.02012593     0.88925059
85298.52038473     0.92086867
85299.01975840     0.89225104
85299.52001721     0.93714884
85300.01854599     1.00503210
85300.51880479     0.95983464
85301.01906359     0.98770257
85301.52020752     1.10075156
85302.01873630     1.03781238
85302.51899511     1.11654466
85303.02009881     1.01918170
85303.51862758     1.14708476
85304.01888639     1.23490759
85304.51914519     0.98345597
85305.01940399     1.14283475
85305.51877767     0.99578910
85306.01903647     0.89170154
85306.51929528     0.97137937
85307.01866895     0.95344916
85307.51892775     0.81604632
85308.01918656     1.07957761
85308.51860046     0.94375625
85309.01885927     0.92062461
85309.51911807     0.99158640
85310.01937687     0.89688410
85310.51875055     0.87325693
85311.01900935     0.92396347
85311.51926816     0.82731762
85312.01864183     0.79751338
85312.51890063     0.92297466
85313.01915944     0.99301199
85313.51941824     1.07901608
85314.01883215     0.90436589
85314.51909095     0.93871682
85315.01930952     0.93921547
85315.51872343     0.86595764
85316.01898223     0.88809749
85316.51924103     0.74380242
85317.01861471     0.68820810
85317.51887351     0.84770041
85318.01913232     0.94247736
85318.51939112     0.89805274
85319.01876479     0.72617408
85319.51902360     0.84256088
85320.01928240     0.87727286
85320.51869631     0.83326022
85321.01895511     0.72526338
85321.51921391     0.72390317
85322.01858759     0.96528698
85322.51884639     0.81796921
85323.01910520     0.84114114
85323.51936400     1.01239191
85324.01873767     0.99189067
85324.51899648     1.03149434
85325.01925528     1.09101062
85325.51866919     0.94958372
85326.01892799     0.96958635
85326.51918679     0.94769026
85327.01940536     0.99847798
85327.51881927     0.83715775
85328.01907808     1.02447294
85328.51933688     0.93447663
85329.01871055     1.16202266
85329.51896936     1.00947359
85330.01922816     0.86964597
85330.51864207     1.06396605
85331.01886064     1.14182758
85331.51911944     1.14972689
85332.01937824     1.08556156
85332.51879215     1.06861726
85333.01905096     1.13946954
85333.51930976     1.20491041
85334.01868343     1.04457611
85334.51894224     1.12368648
85335.01920104     1.18049743
85335.51857471     1.07228765
85336.01883352     0.95680820
85336.51909232     0.94100793
85337.01762110     0.83249978
85337.51876503     0.78689554
85338.01813871     0.83243707
85338.51928264     0.92954395
85339.01781142     0.92546181
85339.51891512     0.84166904
85340.01828879     0.82160926
85340.51770270     0.85078784
85341.01796150     1.07276107
85341.51822031     1.03024884
85342.01759398     1.08266705
85342.51785278     1.00990341
85343.01811159     1.07906911
85343.51837039     1.06108766
85344.02035922     1.01088530
85344.51800287     0.81257785
85345.01826167     0.77953817
85345.51767558     0.67826134
85346.01793438     0.83826945
85346.51819319     0.87446091
85347.01845199     0.83197479
85347.51782566     0.74616295
85348.01808447     0.82186943
85348.51834327     0.95725647
85349.01771694     0.98361229
85349.51797575     1.02090139
85350.01823455     0.92192653
85350.51764846     0.90418834
85351.01790726     0.73367719
85351.51812583     0.81686655
85352.01838464     0.85047576
85352.51779854     0.81835260
85353.01805735     0.90027951
85353.51831615     0.96159469
85354.01768982     0.87032590
85354.51794863     0.95012876
85355.01820743     0.95136288
85355.51758111     0.89573998
85356.01783991     0.94208588
85356.51809871     0.97935793
85357.01835752     0.85671159
85357.51777142     0.97720089
85358.01803023     0.97558423
85358.51828903     0.87846304
85359.01939273     0.90390274
85359.51876640     0.75418651
85360.01902521     0.86021839
85360.51928401     0.98606440
85361.01869792     1.04574125
85361.51895672     1.04198804
85362.01921552     1.01782809
85362.51858920     1.02505069
85363.01884800     1.02097705
85363.51910681     0.98849852
85364.01936561     1.10250443
85364.51873928     0.85616974
85365.01899809     0.83785034
85365.51925689     0.83044982
85366.01867080     0.99230993
85366.51892960     1.10469531
85367.01914817     1.05952610
85367.51940697     0.98728990
85368.01882088     1.03478115
85368.51907969     1.08337974
85369.01933849     1.03550944
85369.51871216     0.97931691
85370.01897097     1.02246647
85370.51922977     1.20951667
85371.01864368     1.18611118
85371.51886225     1.18754641
85372.01912105     1.17834988
85372.51937985     1.27079290
85373.01879376     1.07034061
85373.51905257     1.05718837
85374.01931137     1.12375764
85374.51695502     1.12786973
85375.01809895     1.05063480
85375.51920265     0.99413290
85376.01773143     1.01919293
85376.51883513     1.21652515
85377.01824903     1.04549287
85377.51935273     1.11835402
85378.01788151     1.04568269
85378.51814032     0.91755731
85379.01839912     1.03989401
85379.51777279     0.96960221
85380.01803160     0.87262336
85380.51829040     0.87051588
85381.01770431     0.97892014
85381.51796311     1.02184572
85382.01822191     1.06397216
85382.51759559     0.96871206
85383.01785439     0.94705897
85383.51811320     0.93722253
85384.01837200     0.87428620
85384.51774567     1.00833723
85385.01800448     1.07191999
85385.51826328     1.00365656
85386.01767719     1.04536139
85386.51793599     0.96142843
85387.01819479     1.04203686
85387.51841336     0.95965320
85388.01782727     1.22484695
85388.51808608     0.94669641
85389.01834488     1.12644261
85389.51771855     1.16285499
85390.01797736     0.91560564
85390.51823616     1.18189719
85391.01765007     1.13299204
85391.51786864     1.01257111
85392.01812744     1.01170727
85392.51838624     1.00073822
85393.01780015     1.12008481
85393.51805896     1.06539327
85394.01831776     1.22104989
85394.51769143     1.20847783
85395.01795024     1.12082503
85395.51820904     1.01326931
85396.01758271     1.20576577
85396.51784152     1.15703813
85397.01810032     1.17078602
85397.51835912     1.18299215
85398.01777303     1.18932396
85398.51803184     1.23273116
85399.01829064     1.23078884
85399.51766431     1.06119515
85400.01792312     1.12473709
85400.51818192     1.06256823
85401.01755559     1.13596383
85401.51781440     1.11762408
85402.01807320     0.98368547
85402.51833200     0.92222180
85403.01774591     0.77476647
85403.51796448     0.77575178
85404.01822329     0.92074820
85404.51763719     0.81311743
85405.01789600     0.92025403
85405.51815480     0.90393702
85406.01841360     0.98294488
85406.51778728     0.85539689
85407.01804608     1.06328285
85407.51830488     0.96453644
85408.01767856     0.95981054
85408.51793736     0.98007318
85409.01819617     1.01962759
85409.51761007     1.12053480
85410.01786888     1.05310293
85410.51812768     0.92187959
85411.01838648     0.98367073
85411.51776016     1.00566108
85412.01713383     1.06827592
85412.51827776     1.08315257
85413.01680654     1.10259485
85413.51706535     0.89547308
85414.01732415     0.96917989
85414.51758295     1.07427618
85415.01784176     0.96550298
85415.51721543     1.00513718
85416.01658911     0.94423612
85416.51684791     1.03726506
85417.01710671     1.05463820
85417.51736552     0.98963052
85418.01677942     1.09511234
85418.51703823     1.14088692
85419.01729703     0.99662242
85419.51667070     1.01992525
85420.01692951     0.96264100
85420.51718831     0.99022203
85421.01656199     1.10307091
85421.51682079     1.00885760
85422.01707959     1.06584907
85422.51733840     1.15926391
85423.01675230     1.22599204
85423.51701111     1.11431069
85424.01722968     1.07365419
85424.51664358     1.10196575
85425.01690239     1.05812722
85425.51716119     1.00198133
85426.01741999     0.86688117
85426.51679367     0.99396385
85427.01705247     1.03240730
85427.51731128     0.85383761
85428.01668495     1.09803278
85428.51694375     1.13501673
85429.01720256     1.11327125
85429.51661646     1.13160094
85430.01687527     0.99631769
85430.51713407     1.05521989
85431.01739287     1.14098383
85431.51676655     1.16708018
85432.01702535     1.16737463
85432.51728415     1.05988656
85433.01665783     0.95063811
85433.51691663     0.87447623
85434.01717544     0.80058245
85434.51658934     0.79810476
85435.01684815     0.97462149
85435.51710695     0.80307217
85436.01732552     0.81664928
85436.51673943     0.85966237
85437.01699823     0.98870043
85437.51725703     1.01102489
85438.01663071     0.97424119
85438.51688951     0.92067257
85439.01714832     0.88447428
85439.51740712     0.79869857
85440.01678079     0.73628294
85440.51703960     0.86309100
85441.01729840     0.85824353
85441.51671231     0.77531991
85442.01697111     1.04043431
85442.51722991     1.00771534
85443.01660359     1.18430400
85443.51686239     1.06302227
85444.01712120     0.97534165
85444.51738000     1.06766604
85445.01675367     0.99985747
85445.51701248     0.96351696
85446.01727128     0.86469286
85446.51668519     1.00310450
85447.01694399     0.98419732
85447.51720279     1.02494959
85448.01742136     1.07976757
85448.51683527     1.05562537
85449.01709408     1.17063534
85449.51735288     0.97561275
85450.01588166     1.05659475
85450.51614046     0.98718659
85451.01639926     1.04343644
85451.51577294     1.17052660
85452.01603174     1.09880611
85452.51629055     1.01958947
85453.01566422     1.08931997
85453.51592302     1.11344573
85454.01618183     1.05155104
85454.51559573     1.08582895
85455.01585454     1.12512126
85455.51611334     1.13691000
85456.01633191     1.00508098
85456.51574582     0.95150615
85457.01600462     0.92056820
85457.51799345     0.99415944
85458.01563710     0.97275038
85458.51589590     1.06565633
85459.01615471     1.00300395
85459.51641351     0.88473754
85460.01582742     1.26818495
85460.51604599     1.24668226
85461.01630479     1.22947063
85461.51571870     1.19428553
85462.01597750     1.30820622
85462.51623631     1.26003307
85463.01560998     1.21227414
85463.51586878     0.95341973
85464.01612759     1.09562250
85464.51638639     1.17673488
85465.01576006     1.14485574
85465.51601887     1.07523356
85466.01627767     1.15830343
85466.51569158     1.11698192
85467.01595038     1.09624580
85467.51620919     1.06429338
85468.01558286     0.98940979
85468.51584166     1.02928206
85469.01610047     1.05169575
85469.51635927     1.00714828
85470.01573294     1.10117146
85470.51599175     1.05060411
85471.01625055     0.94162399
85471.51566446     0.82398947
85472.01592326     0.86927477
85472.51702696     0.90935069
85473.01728576     0.84610506
85473.51665944     1.00620444
85474.01691824     0.88851571
85474.51717705     1.05641432
85475.01659095     0.92048577
85475.51684976     1.05675561
85476.01706833     1.11989906
85476.51732713     1.11637549
85477.01674104     1.08330366
85477.51699984     1.05224317
85478.01725864     1.19058632
85478.51663232     1.21606609
85479.01689112     1.24509276
85479.51714993     1.06611144
85480.01740873     1.19422197
85480.51678240     1.14905174
85481.01792634     1.02636638
85481.51730001     1.02386195
85482.01671392     1.06777456
85482.51697272     1.20324771
85483.01723152     1.10437486
85483.51660520     1.06320882
85484.01686400     1.00887254
85484.51712281     1.16041292
85485.01738161     0.99606493
85485.51675528     1.09358540
85486.01528406     1.05893329
85486.51727289     1.06707288
85487.01495677     1.12743169
85487.51694560     1.16456595
85488.01458925     1.16531567
85488.51484805     1.00081689
85489.01595175     1.09393246
85489.51621056     1.04154639
85490.01562446     1.08468272
85490.51588327     1.18260104
85491.01698697     1.03559504
85491.51640087     0.92756738
85492.01577455     0.90161611
85492.51603335     1.02092151
85493.01629215     1.02637421
85493.51739585     1.18645624
85494.01592463     1.18882702
85494.51618344     1.00004103
85495.01559734     1.03134295
85495.51585615     1.21661712
85496.01611495     1.33437857
85496.51633352     1.23552956
85497.01574743     1.26838768
85497.51600623     1.13150449
85498.01626503     1.14408787
85498.51563871     1.07318137
85499.01589751     1.08061626
85499.51704144     1.11677977
85500.01641512     0.98694321
85500.51578879     1.13791889
85501.01604760     1.14371524
85501.51630640     1.09007404
85502.01572031     1.04075216
85502.51597911     1.05647878
85503.01623791     1.00748734
85503.51561159     1.15494193
85504.01587039     1.09734991
85504.51612920     0.96996552
85505.01638800     1.08121255
85505.51576167     1.06964821
85506.01602048     1.10235455
85506.51627928     1.11028440
85507.01569319     1.09840824
85507.51595199     0.97487700
85508.01621079     1.00392104
85508.51558447     0.96285181
85509.01584327     1.05020896
85509.51610208     0.99035790
85510.01636088     0.92012806
85510.51573455     1.13610536
85511.01599336     1.04275825
85511.51625216     1.11312065
85512.01566607     1.19833380
85512.51588464     1.09117605
85513.01614344     1.04846885
85513.51640224     1.02844312
85514.01581615     1.02518349
85514.51607496     1.11599173
85515.01633376     1.00571562
85515.51570743     0.99315740
85516.01596624     0.93507337
85516.51622504     0.89412604
85517.01559871     0.97749208
85517.51585752     0.96407283
85518.01611632     1.06194996
85518.51637512     0.97469166
85519.01578903     0.92143728
85519.51604784     0.99547516
85520.01630664     0.96511571
85520.51568031     0.94669194
85521.01593912     0.91976063
85521.51619792     0.81434062
85522.01557159     0.90928006
85522.51583040     1.13864750
85523.01608920     1.04916704
85523.51634800     1.04212719
85524.01487678     1.12604130
85524.51598048     1.01367311
85525.01539439     1.22732126
85525.51476806     1.12866984
85526.01502687     1.17981567
85526.51617080     0.99341799
85527.01469958     0.96472182
85527.51495838     1.05425817
85528.01521719     1.08103371
85528.51459086     1.11374654
85529.01484966     0.97597058
85529.51510847     1.00930068
85530.01536727     1.01831614
85530.51474094     1.09161555
85531.01499975     1.04776071
85531.51525855     0.99947195
85532.01467246     1.04756742
85532.51493126     1.13338067
85533.01603496     1.04742947
85533.51540864     0.99797109
85534.01482254     0.97206284
85534.51508135     1.13868425
85535.01534015     0.91537861
85535.51471382     1.00839141
85536.01497263     1.00708334
85536.51523143     1.16812384
85537.01460510     1.10783382
85537.51486391     1.17721510
85538.01512271     1.20211830
85538.51538152     1.16295754
85539.01479542     1.13181813
85539.51505423     1.26037921
85540.01531303     0.93994681
85540.51468670     1.00765700
85541.01494551     1.04280534
85541.51520431     0.95698303
85542.01457798     0.91509035
85542.51483679     0.96467696
85543.01509559     0.96629241
85543.51535439     0.98041609
85544.01476830     0.85861636
85544.51502711     1.01487989
85545.01524568     0.75920673
85545.51465958     0.91683734
85546.01491839     1.03974223
85546.51517719     0.94129830
85547.01543599     1.06056268
85547.51480967     0.97624817
85548.01506847     0.91944550
85548.51532727     0.88344851
85549.01470095     0.87981792
85549.51495975     0.80188768
85550.01521856     0.95705723
85550.51463246     0.95348855
85551.01489127     1.05978412
85551.51515007     1.13515284
85552.01540887     0.91747716
85552.51478255     0.99149129
85553.01504135     1.07889757
85553.51530015     1.06125063
85554.01467383     0.96597877
85554.51493263     0.99739279
85555.01519144     1.12485134
85555.51460534     1.08347165
85556.01486415     1.10246709
85556.51423782     1.13428992
85557.01534152     1.16493201
85557.51475543     0.94947993
85558.01501423     0.88317125
85558.51527303     1.03747935
85559.01464671     1.16614717
85559.51490551     1.14510427
85560.01516432     1.09569759
85560.51457822     1.01611687
85561.01479679     1.12350520
85561.51505560     1.04758567
85562.01358438     1.03796937
85562.51472831     1.02484456
85563.01410198     1.13341730
85563.51524591     1.13726400
85564.01377469     1.10213180
85564.51487839     1.10683107
85565.01425207     1.09103659
85565.51366597     1.03806619
85566.01392478     0.94109230
85566.51418358     0.84849729
85567.01355726     0.96711640
85567.51381606     1.10403633
85568.01407486     0.98369961
85568.51433367     0.95789848
85569.01374757     0.90714720
85569.51396614     1.02377030
85570.01422495     0.97346464
85570.51363885     0.95832744
85571.01389766     1.00730199
85571.51415646     1.04904820
85572.01441526     1.26518250
85572.51378894     1.17865920
85573.01404774     0.98306120
85573.51430655     1.25355730
85574.01368022     1.00757599
85574.51393902     0.90984833
85575.01419783     1.11136897
85575.51361173     1.05694187
85576.01387054     1.09100686
85576.51412934     1.08462784
85577.01434791     1.04444285
85577.51376182     1.10551578
85578.01402062     1.22105170
85578.51427943     1.02107240
85579.01365310     1.20527762
85579.51391190     1.13105816
85580.01417071     1.10293672
85580.51358461     1.13934572
85581.01384342     1.12060613
85581.51406199     1.11224133
85582.01432079     0.95712158
85582.51373470     1.25705203
85583.01399350     1.22620767
85583.51425231     1.10431566
85584.01362598     1.22495793
85584.51388478     1.19191561
85585.01414359     1.11477761
85585.51440239     1.19591838
85586.01377606     1.02325850
85586.51492000     1.12687784
85587.01517880     1.17863255
85587.51543760     1.18257336
85588.01481128     1.13727980
85588.51507008     1.12325855
85589.01532888     1.07824182
85589.51470256     1.05596022
85590.01496136     0.88656086
85590.51522017     0.87911649
85591.01463407     0.93606775
85591.51489288     0.97932622
85592.01515168     1.06364270
85592.51541048     0.63922839
85593.01478416     1.08642871
85593.51504296     0.89293747
85594.01530176     1.10835021
85594.51467544     1.22416417
85595.01493424     1.16177598
85595.51519305     1.19213222
85596.01460695     1.23887093
85596.51486576     1.19359115
85597.01508433     1.10658412
85597.51534313     1.04552405
85598.01475704     0.83823449
85598.51501584     0.88539121
85599.01265949     1.07967742
85599.51464832     1.07847357
85600.01317710     0.96992855
85600.51516593     1.03986501
85601.01284981     0.92533369
85601.51479840     0.91649148
85602.01332718     0.87830938
85602.51531601     0.78638921
85603.01384479     0.62892619
85603.51410359     0.65196957
85604.01436239     0.56851339
85604.51377630     0.66399883
85605.01403511     0.70536788
85605.51425368     0.41300540
85606.01366758     0.65986697
85606.51392639     0.66269266
85607.01418519     0.64399996
85607.51444399     0.56138465
85608.01381767     0.65703857
85608.51407647     0.54252954
85609.01433527     0.56734836
85609.51370895     0.62147724
85610.01396775     0.60429204
85610.51422656     0.62686807
85611.01364046     0.70883557
85611.51389927     0.73562549
85612.01415807     0.63378726
85612.51441687     0.52583886
85613.01379055     0.97930293
85613.51404935     0.88506850
85614.01430815     0.96240552
85614.51368183     1.03862546
85615.01394063     0.92810541
85615.51419944     0.91497066
85616.01361334     0.85929064
85616.51387215     0.87278756
85617.01413095     0.78052056
85617.51434952     0.86506629
85618.01376343     0.80157595
85618.51402223     0.78221174
85619.01428103     0.73941435
85619.51365471     0.67344437
85620.01391351     0.61339414
85620.51417232     0.56068070
85621.01358622     0.43015062
85621.51380479     0.49705877
85622.01406360     0.52011867
85622.51432240     0.50362922
85623.01373631     0.49222342
85623.51399511     0.49859469
85624.01425391     0.52890481
85624.51362759     0.55664690
85625.01388639     0.50094318
85625.51414520     0.54078166
85626.01440400     0.42787760
85626.51377767     0.49152444
85627.01403648     0.52359916
85627.51429528     0.52234233
85628.01370919     0.44345769
85628.51396799     0.53088857
85629.01422679     0.50708141
85629.51360047     0.45141001
85630.01385927     0.41785548
85630.51411808     0.46702012
85631.01437688     0.44471250
85631.51375055     0.42736158
85632.01400936     0.48145008
85632.51426816     0.43176565
85633.01368207     0.40931109
85633.51390064     0.39917988
85634.01415944     0.38782271
85634.51441824     0.40007815
85635.01383215     0.35408114
85635.51409096     0.37530348
85636.01434976     0.40432735
85636.51372343     0.34394914
85637.01313734     0.42879091
85637.51424104     0.33233133
85638.01361471     0.37664994
85638.51387352     0.39078953
85639.01328743     0.33761731
85639.51266110     0.40080286
85640.01291990     0.37818995
85640.51406384     0.40558388
85641.01259261     0.40141297
85641.51285142     0.33489575
85642.01306999     0.42670757
85642.51332879     0.40596927
85643.01274270     0.39984493
85643.51300150     0.45140390
85644.01326030     0.39519653
85644.51436400     0.36074251
85645.01289278     0.38821538
85645.51315159     0.38847273
85646.01341039     0.38368585
85646.51278406     0.32495106
85647.01304287     0.39655431
85647.51330167     0.37463312
85648.01271558     0.30408066
85648.51297438     0.37019343
85649.01323318     0.39520918
85649.51260686     0.45269101
85650.01286566     0.42093057
85650.51312447     0.38417224
85651.01338327     0.39776228
85651.51275694     0.37596809
85652.01301575     0.36736347
85652.51327455     0.40963510
85653.01268846     0.41880396
85653.51294726     0.42551632
85654.01316583     0.46990434
85654.51257974     0.43595603
85655.01283854     0.37571709
85655.51309735     0.41223531
85656.01335615     0.44013056
85656.51272982     0.41385041
85657.01298863     0.42773581
85657.51324743     0.39386479
85658.01262110     0.36401482
85658.51287991     0.37171183
85659.01313871     0.41111521
85659.51339751     0.39475858
85660.01281142     0.37893646
85660.51307023     0.40806824
85661.01332903     0.36479664
85661.51358783     0.44905299
85662.01296151     0.44806375
85662.51322031     0.37207642
85663.01259398     0.43206852
85663.51285279     0.36935699
85664.01311159     0.36117177
85664.51337039     0.37589312
85665.01278430     0.40884662
85665.51304311     0.45077948
85666.01326168     0.44076250
85666.51267558     0.42517877
85667.01293439     0.42053692
85667.51319319     0.47566107
85668.01345199     0.45159924
85668.51282567     0.40424314
85669.01308447     0.38673031
85669.51334327     0.41342716
85670.01271695     0.40934567
85670.51297575     0.42972985
85671.01323456     0.38191100
85671.51264846     0.40248385
85672.01290727     0.41430366
85672.51316607     0.44201384
85673.01342487     0.45593082
85673.51279855     0.38112654
85674.01305735     0.39952334
85674.51331615     0.43010261
85675.01184493     0.42147253
85675.51294863     0.42496129
85676.01236254     0.36608868
85676.51262134     0.40808565
85677.01199502     0.35626025
85677.51225382     0.30321570
85678.01166773     0.32305620
85678.51277143     0.37346356
85679.01214510     0.36826125
85679.51240391     0.38403591
85680.01181781     0.43457692
85680.51207662     0.42033510
85681.01233542     0.41277041
85681.51170909     0.40435983
85682.01196790     0.30046677
85682.51222670     0.30271155
85683.01160038     0.31851498
85683.51185918     0.28106184
85684.01211798     0.24931315
85684.51237679     0.36073944
85685.01179069     0.44677656
85685.51204950     0.40768014
85686.01226807     0.42967616
85686.51168197     0.33217668
85687.01194078     0.28527791
85687.51219958     0.39529731
85688.01157326     0.30937475
85688.51183206     0.35409817
85689.01209086     0.32542248
85689.51234967     0.38272579
85690.01176357     0.29426082
85690.51198214     0.33946349
85691.01224095     0.35766533
85691.51165485     0.35325352
85692.01191366     0.37177757
85692.51217246     0.32016187
85693.01243126     0.34907896
85693.51180494     0.35632438
85694.01206374     0.29979812
85694.51232255     0.33212424
85695.01169622     0.38054154
85695.51195502     0.38860333
85696.01221383     0.31724951
85696.51162773     0.38770898
85697.01188654     0.39828308
85697.51214534     0.39682236
85698.01236391     0.43426431
85698.51177782     0.48302320
85699.01203662     0.37842607
85699.51229542     0.45419594
85700.01166910     0.43820936
85700.51281303     0.45384593
85701.01307184     0.37702289
85701.51333064     0.44817005
85702.01270431     0.39419688
85702.51296312     0.37717548
85703.01322192     0.44760250
85703.51259559     0.36828949
85704.01285440     0.34095605
85704.51311320     0.37886585
85705.01337200     0.32265016
85705.51278591     0.37453273
85706.01300448     0.35152554
85706.51326329     0.35396545
85707.01267719     0.40080204
85707.51293600     0.48232047
85708.01319480     0.55118056
85708.51345360     0.45506532
85709.01282728     0.47017892
85709.51308608     0.46955555
85710.01334488     0.43652997
85710.51271856     0.37523175
85711.01297736     0.35626132
85711.51323617     0.36849085
85712.01092005     0.31801634
85712.51290888     0.34540471
85713.01143765     0.28898264
85713.51342648     0.33798661
85714.01107013     0.38751176
85714.51305896     0.40002665
85715.01070261     0.43092789
85715.51096141     0.44603873
85716.01122022     0.44751335
85716.51063412     0.42618321
85717.01173782     0.43155134
85717.51199663     0.37762264
85718.01225543     0.36048669
85718.51162910     0.37745431
85719.01188791     0.34892838
85719.51214671     0.40370123
85720.01240551     0.44637830
85720.51266432     0.43107587
85721.01207823     0.43200117
85721.51233703     0.43251538
85722.01171070     0.39696332
85722.51196951     0.33811554
85723.01222831     0.40895238
85723.51160198     0.43821576
85724.01186079     0.42026634
85724.51211959     0.38989030
85725.01237839     0.38756537
85725.51179230     0.37700967
85726.01205111     0.42368686
85726.51226968     0.38874687
85727.01168358     0.43390614
85727.51194239     0.32298895
85728.01220119     0.35217194
85728.51245999     0.32458923
85729.01183367     0.35594969
85729.51209247     0.36597544
85730.01235127     0.35405492
85730.51172495     0.41684858
85731.01198375     0.39899468
85731.51224256     0.34689321
85732.01165646     0.30088575
85732.51191527     0.33123055
85733.01217407     0.30356157
85733.51243287     0.30460571
85734.01180655     0.33811392
85734.51206535     0.29364728
85735.01232415     0.30989003
85735.51169783     0.36283366
85736.01195663     0.32183644
85736.51221544     0.35998807
85737.01162934     0.32740590
85737.51188815     0.35228608
85738.01214695     0.30918594
85738.51236552     0.32185854
85739.01177943     0.38296711
85739.51203823     0.37815453
85740.01229703     0.37257723
85740.51167071     0.31977311
85741.01192951     0.31797408
85741.51218832     0.36682530
85742.01160222     0.37702564
85742.51182079     0.33564783
85743.01207960     0.40926876
85743.51233840     0.37969168
85744.01175231     0.33552041
85744.51201111     0.37941482
85745.01226991     0.44877342
85745.51164359     0.45314976
85746.01190239     0.40768262
85746.51216120     0.41199075
85747.01242000     0.47315910
85747.51179367     0.39317702
85748.01205248     0.39852175
85748.51231128     0.45659455
85749.01172519     0.39502391
85749.51198399     0.47192478
85750.01224279     0.32937462
85750.51161647     0.43369432
85751.01099014     0.38054437
85751.51213408     0.42842227
85752.01066285     0.42126277
85752.51176655     0.46255227
85753.01118046     0.37036424
85753.51143926     0.37116379
85754.01081294     0.37995145
85754.51107174     0.40641959
85755.01133054     0.48814979
85755.51070422     0.36387722
85756.01096302     0.47823197
85756.51122183     0.44386003
85757.01063573     0.46037488
85757.51089454     0.35151639
85758.01115334     0.40251243
85758.51137191     0.41129662
85759.01078582     0.42762222
85759.51104462     0.39548309
85760.01130342     0.37289604
85760.51067710     0.38522710
85761.01093590     0.35650110
85761.51119471     0.38009123
85762.01060861     0.37371505
85762.51171231     0.32611177
85763.01108599     0.34721808
85763.51134479     0.25756248
85764.01075870     0.34323251
85764.51101750     0.36115660
85765.01127630     0.39616490
85765.51064998     0.30354929
85766.01090878     0.39792331
85766.51116759     0.44512006
85767.01054126     0.49010943
85767.51080006     0.47868579
85768.01105887     0.42880991
85768.51131767     0.39131324
85769.01073158     0.44906905
85769.51099038     0.48599740
85770.01124918     0.42243629
85770.51062286     0.44707837
85771.01088166     0.44305854
85771.51114047     0.48679054
85772.01139927     0.51458532
85772.51077294     0.47606127
85773.01103175     0.53847496
85773.51129055     0.58534307
85774.01070446     0.58521346
85774.51096326     0.63533387
85775.01118183     0.49946944
85775.51059574     0.60455360
85776.01085454     0.70609469
85776.51111335     0.75750763
85777.01137215     0.81297175
85777.51074582     0.87972620
85778.01100463     0.85722196
85778.51126343     0.84884407
85779.01063710     0.93103014
85779.51089591     1.10483067
85780.01115471     1.01962400
85780.51141351     0.95587019
85781.01082742     1.04535145
85781.51108623     1.03409058
85782.01134503     0.96145941
85782.51071870     0.90464407
85783.01097751     0.98006216
85783.51123631     0.81537381
85784.01060998     0.90398230
85784.51086879     0.89317754
85785.01112759     0.89988082
85785.51138639     1.11911472
85786.01080030     0.86383323
85786.51105911     0.82339631
85787.00958788     0.79099947
85787.51069158     0.84202646
85788.01006526     0.67164885
85788.51120919     0.71765952
85789.00973797     0.80923268
85789.50999677     0.86893145
85790.01025558     0.91837026
85790.51135927     0.80115120
85791.00988805     0.95554239
85791.51014686     0.88243722
85792.01125056     0.90952087
85792.50977933     0.98973764
85793.01003814     0.93980187
85793.51029694     0.77534283
85794.00971085     0.82375007
85794.50996965     0.67165105
85795.01018822     0.77812586
85795.50960213     0.81522636
85796.00986093     0.77129211
85796.51011974     0.78979331
85797.01037854     0.74159059
85797.50975221     0.81134095
85798.01001102     0.80614656
85798.51026982     1.03683169
85799.00968373     0.89334459
85799.50990230     0.89023978
85800.01016110     0.79258845
85800.51041991     0.73918165
85801.00983381     0.77751237
85801.51009262     0.85409582
85802.01035142     0.92442115
85802.50972509     0.81038686
85803.00998390     0.85854631
85803.51024270     0.72343588
85804.00961637     0.80523219
85804.50987518     0.78692773
85805.01013398     0.75716150
85805.51039279     0.75120179
85806.00980669     0.66188319
85806.51006550     0.66737379
85807.01028407     0.83316991
85807.50969797     0.74943660
85808.00995678     0.79890280
85808.51021558     0.84310070
85809.00958925     0.68792349
85809.50984806     0.73313666
85810.01010686     0.61503933
85810.51036566     0.61022280
85811.00977957     0.72949737
85811.50999814     0.84016700
85812.01025695     0.80505712
85812.50967085     0.89820673
85813.00992966     0.84213216
85813.51018846     0.99442932
85814.01044726     0.95396547
85814.51070607     0.91700513
85815.01092464     1.03222095
85815.51118344     0.97042505
85816.01059735     0.88973797
85816.51085615     1.01721827
85817.01111495     1.04761678
85817.51137376     1.05019259
85818.01074743     1.02347537
85818.51100624     1.19709278
85819.01126504     1.05565542
85819.51063871     1.12936506
85820.01089752     1.17470019
85820.51115632     1.13867713
85821.01141512     1.22194940
85821.51082903     1.18478761
85822.01108783     1.26044179
85822.51134664     1.29119058
85823.01072031     1.24282098
85823.51097912     1.12513206
85824.01123792     1.05978622
85824.51061159     1.01581788
85825.00914037     1.19192620
85825.51112920     0.99004943
85826.00881308     1.07360115
85826.51080191     0.77893056
85827.00933069     0.88392888
85827.51127928     0.67989268
85828.00896317     0.72577931
85828.50922197     0.77618083
85829.00859565     0.71133574
85829.50885445     0.62988194
85830.00911325     0.94576272
85830.50937206     0.81004164
85831.00963086     0.96089597
85831.50988966     0.77809241
85832.01014847     0.67199222
85832.51125216     0.73804913
85833.00978094     0.86041970
85833.51003975     0.74045849
85834.01029855     0.86673186
85834.50971246     0.88645301
85835.00997126     0.94080175
85835.51018983     0.94001352
85836.00960374     0.90952945
85836.50986254     0.88186384
85837.01012135     1.02332971
85837.51038015     1.03657665
85838.00975382     1.08258880
85838.51001263     1.07601704
85839.01027143     1.03358951
85839.50964510     0.93790675
85840.00990391     0.98883734
85840.51016271     1.01129046
85841.01042151     1.15336214
85841.50983542     1.06583532
85842.01009423     0.97825861
85842.51035303     0.88355034
85843.00972670     0.91079816
85843.50998551     0.89285809
85844.01024431     0.87100433
85844.50961798     0.98165824
85845.00987679     0.97609034
85845.51013559     0.89825713
85846.01039439     0.80346582
85846.50980830     0.81155910
85847.01006711     0.74216152
85847.51028568     0.74300400
85848.00969958     0.70917533
85848.50995839     0.79260247
85849.01021719     0.67879767
85849.50959086     0.99765794
85850.00984967     0.88812917
85850.51010847     0.99703588
85851.01036727     0.82420796
85851.50974095     0.92595145
85852.00999975     0.88119172
85852.51025856     1.01529511
85853.00967246     1.16947263
85853.50993127     1.05554472
85854.01019007     1.06562557
85854.51044887     0.95082038
85855.00982255     1.02737049
85855.51008135     0.91667862
85856.01034015     1.03635452
85856.50971383     1.09651205
85857.00997263     1.17281089
85857.51023144     0.91163627
85858.00964534     1.09354520
85858.50990415     1.10854991
85859.01016295     1.00206679
85859.51038152     0.99129093
85860.00979543     1.04355129
85860.51005423     0.91589062
85861.01031303     0.90464652
85861.50968671     0.88832697
85862.00910062     0.98228823
85862.51020432     0.97026157
85863.00873309     0.88884834
85863.50983679     0.98032498
85864.00925070     0.98886380
85864.51035440     0.91432706
85865.00888318     0.87605346
85865.51002711     1.01452441
85866.01028591     1.04524749
85866.50881469     0.88430775
85867.00907350     1.05311475
85867.50929207     0.93132184
85868.00870597     0.98526793
85868.50896478     1.01514089
85869.00922358     1.13860377
85869.50859725     1.05066909
85870.00885606     1.16124438
85870.50911486     1.22686618
85871.00937366     1.20688647
85871.50878757     1.08990351
85872.00900614     1.10640017
85872.50926495     1.03803904
85873.00867885     1.01845706
85873.50893766     0.97386456
85874.00919646     0.96409543
85874.51030016     0.98451221
85875.00882894     0.86338594
85875.50908774     0.85560803
85876.00934654     0.85036274
85876.50872022     0.99509218
85877.00897902     0.98311076
85877.50923783     0.88534334
85878.00865173     0.88181585
85878.50891054     1.02325094
85879.00916934     0.87806095
85879.50938791     0.90054037
85880.00880182     0.96382307
85880.50906062     0.99321808
85881.00931942     0.99577966
85881.50869310     0.90973869
85882.00895190     1.03298089
85882.50921071     0.98543996
85883.00862461     0.98544859
85883.50888342     0.99191933
85884.00910199     0.87559557
85884.50936079     0.79618141
85885.00877470     0.92945202
85885.50903350     1.03108811
85886.00929230     0.84067982
85886.50866598     0.95066594
85887.00892478     1.03713301
85887.50918359     0.90551206
85888.00855726     0.95124496
85888.50881606     1.10528122
85889.00907487     0.86665046
85889.50933367     1.01648098
85890.00874758     0.99529349
85890.50900638     1.02505028
85891.00926518     0.97443051
85891.50863886     1.07548626
85892.00889766     1.12304231
85892.50915647     1.07729274
85893.00941527     1.15623542
85893.50878894     1.10838803
85894.00904775     1.09070388
85894.50930655     1.04899774
85895.00872046     1.17980883
85895.50897926     1.15754731
85896.00919783     1.18651257
85896.50861174     1.13784596
85897.00887054     1.05161987
85897.50912935     1.05574469
85898.00938815     1.19812416
85898.50876182     1.07622467
85899.00902063     1.18800728
85899.50927943     1.00721776
85900.00780821     0.97902968
85900.50891191     0.99479404
85901.00832582     1.00793957
85901.50858462     0.93379594
85902.00795829     1.08888467
85902.50910223     0.93909442
85903.00763100     0.95635099
85903.50788981     0.91639915
85904.00810838     0.79818917
85904.50836718     0.85056611
85905.00778109     0.97245838
85905.50803989     0.91151567
85906.00829870     0.99953349
85906.50767237     0.98790231
85907.00793117     0.95332813
85907.50818998     0.88299801
85908.00929368     0.88540963
85908.50782245     0.84968694
85909.00808126     0.87823941
85909.50834006     0.81525700
85910.00775397     0.85999631
85910.50801277     1.07152656
85911.00827157     0.99299840
85911.50764525     1.10805597
85912.00790405     1.15445840
85912.50989288     1.09108454
85913.00842166     1.07080605
85913.50779533     0.94800965
85914.00805414     0.92472664
85914.50831294     1.00669748
85915.00772685     1.02865983
85915.50798565     0.95920653
85916.00820422     0.99314786
85916.50761813     0.90821898
85917.00787693     0.94639169
85917.50813574     0.92234077
85918.00839454     1.06704040
85918.50776821     0.98129657
85919.00802702     0.90245004
85919.50828582     1.02433528
85920.00769973     0.85836004
85920.50791830     0.83733149
85921.00817710     0.82473777
85921.50759101     0.81105293
85922.00784981     1.14796187
85922.50810862     1.06754865
85923.00836742     1.06059831
85923.50774109     0.97305325
85924.00799990     1.09350002
85924.50825870     1.06123566
85925.00763237     1.03784314
85925.50789118     1.03146825
85926.00814998     1.21440786
85926.50840878     1.05612473
85927.00782269     0.89298162
85927.50808150     1.05233035
85928.00830007     1.08015807
85928.50855887     1.08069313
85929.00881767     1.05077874
85929.50907648     1.10959890
85930.00933528     1.03134610
85930.50874919     0.96278652
85931.00900799     0.90396778
85931.50926679     0.96546043
85932.00864047     0.89163025
85932.50889927     0.98826555
85933.00915807     1.12239763
85933.50941688     1.14715710
85934.00879055     1.03513638
85934.50904936     1.03716856
85935.00930816     1.23073500
85935.50872207     1.13009088
85936.00894064     1.10971024
85936.50919944     1.25709178
85937.00861335     1.26128497
85937.50887215     1.06676741
85938.00740093     1.14737564
85938.50677460     1.08233300
85939.00703341     1.07069218
85939.50902224     1.15441136
85940.00670612     1.12496841
85940.50692469     1.07273578
85941.00718349     1.10583853
85941.50659740     1.09736486
85942.00685620     1.18913366
85942.50711501     1.18818629
85943.00737381     1.06126980
85943.50674748     1.14395029
85944.00700629     1.07354238
85944.50810999     1.09887692
85945.00836879     1.12077314
85945.50778270     1.05511310
85946.00804150     1.14824839
85946.50830030     1.00924850
85947.00767398     1.03075852
85947.50793278     0.99943778
85948.00819159     1.00245957
85948.50756526     1.10905469
85949.00782406     1.03670575
85949.50808287     1.20673414
85950.00834167     1.14848374
85950.50775558     1.02253557
85951.00801438     1.10483203
85951.50827318     0.99459770
85952.00764686     1.04314896
85952.50790566     1.12998691
85953.00816447     1.02181329
85953.50753814     1.02640898
85954.00779694     1.14145808
85954.50805575     1.03887774
85955.00831455     1.15553867
85955.50772846     1.14621855
85956.00798726     1.11291571
85956.50820583     1.19890879
85957.00761974     1.21745956
85957.50787854     1.06670650
85958.00813735     1.17971446
85958.50839615     1.03646389
85959.00776982     1.07153618
85959.50802863     1.09537585
85960.00828743     1.07609794
85960.50766110     0.92222632
85961.00791991     1.01027996
85961.50817871     1.10831034
85962.00759262     1.07904352
85962.50785142     0.87619634
85963.00811023     0.96004520
85963.50836903     0.84481351
85964.00774270     0.82620146
85964.50800151     1.04334181
85965.00826031     1.10076174
85965.50763398     1.02361024
85966.00789279     1.07758965
85966.50815159     0.92931028
85967.00841039     1.06233752
85967.50782430     0.97343970
85968.00808311     1.05341024
85968.50830168     0.99210728
85969.00771558     0.89173464
85969.50797439     0.91946953
85970.00823319     0.94649009
85970.50760686     0.97703778
85971.00786567     0.90334097
85971.50812447     0.83201733
85972.00838327     0.94081669
85972.50775695     0.90654746
85973.00801575     0.83579414
85973.50827456     0.94210551
85974.00768846     0.85071524
85974.50794727     0.83712360
85975.00820607     0.91531463
85975.50757974     0.86767677
85976.00699365     0.86894868
85976.50809735     0.88229931
85977.00662613     0.93956405
85977.50772983     0.80870782
85978.00714374     0.91424764
85978.50740254     1.01989296
85979.00677621     0.79658169
85979.50792015     0.98407734
85980.00729382     0.91100758
85980.50670773     1.07053936
85981.00692630     1.07483174
85981.50718510     1.04352331
85982.00659901     1.09945034
85982.50685781     1.14743957
85983.00711662     1.00923619
85983.50737542     0.94409396
85984.00674909     0.95159790
85984.50700790     1.01643731
85985.00726670     0.96055937
85985.50664037     0.93221687
85986.00689918     1.00270467
85986.50715798     1.02157700
85987.00741678     1.15034799
85987.50683069     1.11193872
85988.00708950     1.13798927
85988.50730807     1.23204276
85989.00672197     1.26907797
85989.50698078     1.21243346
85990.00723958     0.96298366
85990.50661325     1.02548198
85991.00687206     0.99598616
85991.50713086     1.10483246
85992.00738966     1.11029238
85992.50680357     1.05348542
85993.00702214     1.07829679
85993.50728095     1.05124968
85994.00669485     0.93890610
85994.50695366     0.95992226
85995.00721246     0.96917963
85995.50658613     0.93763549
85996.00684494     0.94400315
85996.50710374     0.89003804
85997.00736254     0.93877435
85997.50673622     0.87525724
85998.00699502     0.98139702
85998.50725383     0.97493258
85999.00666773     0.98658358
85999.50692654     0.80373660
86000.00718534     1.03154247
86000.50740391     0.91322476
86001.00681782     1.04348846
86001.50707662     1.10207677
86002.00733542     1.03100764
86002.50670910     0.83780440
86003.00696790     0.79234050
86003.50722671     0.80846713
86004.00664061     0.72666344
86004.50689942     0.75217129
86005.00711799     1.01294719
86005.50737679     1.00914104
86006.00679070     1.02249483
86006.50704950     0.94586628
86007.00730830     1.00153810
86007.50668198     1.07526450
86008.00694078     0.88670090
86008.50719959     0.76107340
86009.00657326     0.96519818
86009.50683206     1.03251963
86010.00709087     1.00924554
86010.50734967     1.15188067
86011.00676358     1.11441965
86011.50702238     1.04224952
86012.00728118     1.12820185
86012.50665486     1.24638617
86013.00691366     1.23827489
86013.50717247     1.07029768
86014.00570124     1.01149377
86014.50596005     1.11386145
86015.00621885     1.09386555
86015.50732255     1.06581461
86016.00585133     1.17787803
86016.50699526     1.24744283
86017.00636894     1.12099729
86017.50574261     1.24260507
86018.00600141     1.15763693
86018.50626022     1.11075297
86019.00567412     1.18392537
86019.50593293     1.16033900
86020.00619173     1.30121964
86020.50645053     1.21721551
86021.00582421     1.17874669
86021.50692791     1.18517990
86022.00634181     1.21766765
86022.50571549     1.14796178
86023.00597429     1.18086459
86023.50623310     1.16949562
86024.00564700     1.23009525
86024.50590581     1.03662908
86025.00612438     0.94716724
86025.50638318     1.01251956
86026.00579709     1.01486180
86026.50605589     1.00627396
86027.00631469     1.00165234
86027.50568837     1.00222973
86028.00594717     1.11498121
86028.50620598     0.97086540
86029.00561988     1.10013050
86029.50583845     0.99279728
86030.00609726     1.11768415
86030.50635606     1.12413075
86031.00576997     1.09545462
86031.50602877     1.09279412
86032.00628757     1.17639808
86032.50566125     1.21756395
86033.00592005     1.15969893
86033.50617886     1.09279894
86034.00555253     1.06530199
86034.50581133     1.15312168
86035.00607014     1.12931811
86035.50632894     1.02566801
86036.00574285     1.02501769
86036.50600165     1.19359060
86037.00622022     1.11385160
86037.50563413     1.05558381
86038.00589293     1.17463755
86038.50615174     1.15319515
86039.00641054     1.05295589
86039.50578421     1.18496978
86040.00604302     1.16775319
86040.50630182     1.19779843
86041.00571573     1.21861408
86041.50593430     1.28549589
86042.00619310     1.13980157
86042.50733703     1.08089311
86043.00671071     1.10263673
86043.50696951     1.15557623
86044.00722831     0.97799593
86044.50664222     1.10772478
86045.00686079     1.01812152
86045.50711960     1.08925229
86046.00737840     1.11416811
86046.50679231     1.14225070
86047.00705111     1.27484463
86047.50730991     1.25153118
86048.00668359     1.17571776
86048.50694239     1.05744157
86049.00720119     1.13197358
86049.50657487     1.12639581
86050.00683367     1.26770817
86050.50709248     1.18540996
86051.00477636     1.07914345
86051.50503516     1.18204120
86052.00529397     1.15895997
86052.50728279     1.21517788
86053.00492644     1.19703295
86053.50518525     1.12202452
86054.00455892     1.12218594
86054.50481772     1.21777512
86055.00680655     1.09091608
86055.50533533     1.11051509
86056.00474924     0.83683733
86056.50500804     1.02653443
86057.00526685     1.01708112
86057.50464052     1.05427295
86058.00489932     0.94967606
86058.50600302     0.98462056
86059.00626183     0.91954193
86059.50567573     1.06384478
86060.00593454     1.02231697
86060.50619334     1.06643611
86061.00641191     0.95299143
86061.50582582     0.83562002
86062.00608462     0.93772163
86062.50634342     0.89279219
86063.00571710     0.82636938
86063.50686103     0.73773205
86064.00623471     0.71733422
86064.50564861     0.86253350
86065.00590742     0.90256293
86065.50612599     0.85183754
86066.00638479     0.78556020
86066.50579870     0.83033211
86067.00605750     0.85933713
86067.50631630     0.72562819
86068.00568998     0.88084245
86068.50594878     1.01477715
86069.00620759     1.01255839
86069.50558126     1.01269391
86070.00584006     0.93933010
86070.50609887     0.96563422
86071.00635767     0.89593732
86071.50577158     0.85082804
86072.00603038     0.83485152
86072.50628918     0.98122212
86073.00566286     0.89983019
86073.50592166     0.90685811
86074.00618047     0.87312789
86074.50555414     0.91383414
86075.00581294     0.86397341
86075.50607175     0.81653711
86076.00633055     1.04983181
86076.50574446     1.10351122
86077.00600326     1.07523545
86077.50622183     0.95402753
86078.00563574     1.02686730
86078.50589454     1.01441512
86079.00615335     0.95820657
86079.50641215     0.92108213
86080.00578582     0.97692093
86080.50604463     0.91594706
86081.00630343     0.80673576
86081.50567710     0.90445941
86082.00593591     0.81565444
86082.50619471     0.79579674
86083.00560862     0.83829120
86083.50586742     0.80698364
86084.00612622     0.67126051
86084.50638503     0.85092467
86085.00575870     1.06377817
86085.50601751     1.18869914
86086.00627631     1.07797839
86086.50564998     1.02889200
86087.00590879     0.95470138
86087.50616759     1.08699378
86088.00558150     0.95917075
86088.50584030     1.04057188
86089.00521398     0.92421611
86089.50462788     1.00520379
86090.00484645     0.94153654
86090.50510526     1.07963047
86091.00536406     0.94925655
86091.50477797     0.84206343
86092.00503677     1.01844800
86092.50529557     0.99991375
86093.00466925     1.00251797
86093.50492805     1.12134103
86094.00518686     1.14260548
86094.50456053     1.13003416
86095.00481933     1.11343840
86095.50596327     1.02752580
86096.00533694     1.13857807
86096.50475085     1.14224921
86097.00500965     0.93303521
86097.50522822     0.96134702
86098.00464213     1.06425130
86098.50490093     0.99062283
86099.00515974     0.96832661
86099.50541854     1.00380816
86100.00479221     0.92705384
86100.50505102     1.01757926
86101.00530982     0.90151020
86101.50472373     0.97668001
86102.00494230     1.03537782
86102.50520110     0.96221412
86103.00461501     1.09864686
86103.50487381     1.03722195
86104.00513262     0.89993961
86104.50539142     0.88076265
86105.00476509     0.90199412
86105.50502390     0.84720188
86106.00528270     0.84830820
86106.50465637     1.05973613
86107.00491518     0.95234636
86107.50517398     0.95738914
86108.00458789     1.09884426
86108.50484669     1.15498975
86109.00510550     1.03001258
86109.50532407     1.13961056
86110.00473797     1.16237079
86110.50499678     1.11528568
86111.00525558     1.11543339
86111.50462925     1.18409367
86112.00488806     1.10231698
86112.50514686     1.17855068
86113.00540566     1.02038303
86113.50481957     1.03465991
86114.00503814     1.06900465
86114.50529695     1.16517810
86115.00471085     1.05253940
86115.50496966     1.17694218
86116.00522846     1.04684798
86116.50460213     1.12353202
86117.00486094     1.08562873
86117.50511974     1.06794154
86118.00537854     1.10538621
86118.50475222     1.08757038
86119.00501102     0.96257421
86119.50526983     1.08334188
86120.00468373     1.17214968
86120.50494254     1.02957091
86121.00520134     1.10841162
86121.50541991     1.14144505
86122.00483382     0.92389665
86122.50509262     0.91905187
86123.00535142     0.91489266
86123.50472510     0.94984790
86124.00498390     0.84552727
86124.50524271     0.88958382
86125.00465661     1.02958095
86125.50491542     1.07749267
86126.00428909     0.86285198
86126.50366277     0.88534133
86127.00392157     1.08646326
86127.50506550     1.01349176
86128.00359428     1.05767717
86128.50385308     1.06770732
86129.00411189     0.93563337
86129.50521559     0.96090732
86130.00374436     1.15219511
86130.50400317     0.92182869
86131.00426197     0.91701758
86131.50363564     0.88827703
86132.00389445     0.93797719
86132.50415325     0.97312149
86133.00441206     0.95229424
86133.50382596     1.12030345
86134.00404453     1.00279889
86134.50430334     0.85143344
86135.00371724     0.91296045
86135.50397605     1.09746639
86136.00423485     1.01423821
86136.50360852     0.97890508
86137.00386733     1.08443065
86137.50501126     1.05961363
86138.00438493     1.02080708
86138.50375861     0.97546909
86139.00401741     1.01617146
86139.50427622     1.12586839
86140.00369012     1.07804431
86140.50394893     1.05636274
86141.00420773     1.02299476
86141.50358140     1.03158155
86142.00384021     0.87626302
86142.50409901     1.00587933
86143.00435781     1.12358442
86143.50373149     1.06646477
86144.00399029     0.95508570
86144.50424910     0.94062063
86145.00366300     0.89601490
86145.50392181     1.13038916
86146.00414038     1.23007136
86146.50439918     1.10203853
86147.00381309     1.07440239
86147.50407189     1.12782149
86148.00433069     0.99813582
86148.50370437     0.92355312
86149.00396317     0.96377052
86149.50422198     0.95808291
86150.00363588     0.86885557
86150.50385445     0.79211770
86151.00411326     0.98062778
86151.50437206     0.94781253
86152.00378597     0.95545920
86152.50404477     0.91810191
86153.00430357     0.93220509
86153.50367725     0.90294417
86154.00393605     1.13060543
86154.50419486     1.11265192
86155.00356853     0.98800581
86155.50382733     1.05936226
86156.00408614     0.90796554
86156.50523007     0.85563667
86157.00460374     0.88971062
86157.50486255     1.09889105
86158.00512135     1.03085773
86158.50538015     1.04884947
86159.00475383     1.06218277
86159.50501263     1.01926258
86160.00527143     0.94493876
86160.50468534     0.87194013
86161.00494415     0.87406543
86161.50520295     0.88078843
86162.00542152     0.91194747
86162.50483543     0.91522858
86163.00336421     0.86184565
86163.50535303     0.85904567
86164.00299668     0.99794585
86164.50498551     0.84175661
86165.00266939     0.86453803
86165.50292820     0.68788321
86166.00318700     0.78247694
86166.50513560     0.84261024
86167.00281948     0.92164128
86167.50307828     0.96600197
86168.00333709     0.78320094
86168.50271076     0.85410414
86169.00296956     0.81324898
86169.50322837     0.79863022
86170.00264227     0.96373133
86170.50286084     0.91894213
86171.00311965     0.95651767
86171.50337845     1.01185311
86172.00279236     0.91317984
86172.50389606     1.05159792
86173.00415486     1.05786910
86173.50441366     0.84022506
86174.00382757     0.77914489
86174.50404614     0.85003729
86175.00430495     0.92029997
86175.50371885     0.80819182
86176.00397766     0.82512005
86176.50423646     0.88981069
86177.00361013     0.81001841
86177.50386894     0.87600905
86178.00412774     1.01039120
86178.50438654     0.82440051
86179.00376022     0.91926266
86179.50401902     1.00024205
86180.00427783     0.83803004
86180.50369173     0.80874799
86181.00395054     1.06062003
86181.50420934     0.92578266
86182.00358301     0.93424259
86182.50384182     0.90839873
86183.00410062     0.93615523
86183.50435942     0.90829153
86184.00373310     1.03289852
86184.50399190     1.08370377
86185.00425071     1.11792585
86185.50366461     0.94091553
86186.00392342     0.95227947
86186.50414199     0.97351330
86187.00440079     1.00940727
86187.50381470     1.01072332
86188.00407350     1.01642138
86188.50433230     0.80301053
86189.00370598     0.88779749
86189.50396478     0.99393789
86190.00422359     0.92751902
86190.50359726     0.89597442
86191.00385606     0.93594674
86191.50411487     0.98129338
86192.00437367     0.96531318
86192.50378758     0.84515998
86193.00404638     0.90728441
86193.50430518     1.02082437
86194.00367886     0.92099368
86194.50393766     1.00278026
86195.00419647     1.13236906
86195.50357014     1.15933119
86196.00382894     0.97570803
86196.50408775     1.11684005
86197.00434655     0.93376496
86197.50376046     0.98463507
86198.00401926     1.14502679
86198.50423783     0.97984090
86199.00365174     0.87767891
86199.50391054     0.93114938
86200.00328422     0.97641672
86200.50442815     0.96627685
86201.00295693     0.89707395
86201.50406063     0.98417942
86202.00258940     0.86392618
86202.50284821     0.77914169
86203.00310701     0.70985955
86203.50336581     0.96313640
86204.00273949     0.91904292
86204.50299829     0.89123795
86205.00325710     1.06638383
86205.50440103     1.03626148
86206.00292981     1.07425427
86206.50314838     1.06109266
86207.00340718     1.13255849
86207.50282109     1.04440167
86208.00307989     0.99029775
86208.50418359     0.97470524
86209.00271237     0.94722622
86209.50297117     1.02533330
86210.00322998     0.90150911
86210.50264388     0.95594352
86211.00286245     0.94440508
86211.50312126     1.04921741
86212.00338006     0.99877938
86212.50279397     1.09291620
86213.00305277     0.96956224
86213.50331157     0.96157552
86214.00268525     1.04166973
86214.50294405     1.14549458
86215.00320286     1.07738689
86215.50257653     1.13459742
86216.00283533     1.02119346
86216.50309414     1.05887696
86217.00335294     0.83747686
86217.50276685     0.89690465
86218.00302565     0.90778935
86218.50324422     0.99248946
86219.00265813     0.83459591
86219.50291693     0.77298235
86220.00317574     0.87012623
86220.50254941     0.94495642
86221.00280821     1.00408585
86221.50306702     0.97632926
86222.00332582     0.91838030
86222.50273973     0.88308710
86223.00295830     0.83430828
86223.50321710     0.90204848
86224.00263101     0.99633611
86224.50288981     0.91174502
86225.00314862     0.97962143
86225.50340742     0.97564584
86226.00278109     1.05613992
86226.50303990     0.98052086
86227.00329870     1.15377893
86227.50267237     1.12730581
86228.00293118     1.02063369
86228.50318998     0.98668637
86229.00260389     0.71221563
86229.50286269     0.98439723
86230.00312150     1.15418864
86230.50334007     1.18766430
86231.00275397     1.15832381
86231.50301278     1.16079750
86232.00327158     1.04413291
86232.50264525     1.15495350
86233.00290406     1.20138726
86233.50316286     1.12487429
86234.00342166     1.13541441
86234.50283557     1.09608925
86235.00305414     1.12725809
86235.50331295     1.09251058
86236.00272685     1.19577769
86236.50298566     1.18800811
86237.00324446     1.06720237
86237.50261813     1.13922513
86238.00287694     1.19945889
86238.50313574     1.16700498
86239.00339454     1.14324121
86239.50276822     1.07966058
86240.00302702     1.08742535
86240.50328583     1.15309009
86241.00181460     1.05250444
86241.50207341     1.20664558
86242.00233221     1.15492067
86242.50259101     1.19640369
86243.00196469     1.22868270
86243.50222349     1.22914830
86244.00163740     1.21240199
86244.50189620     1.29263177
86245.00215501     1.16064285
86245.50241381     1.20239405
86246.00178748     1.11767751
86246.50204629     1.17465171
86247.00230509     1.16572298
86247.50167876     1.18954521
86248.00193757     0.98535244
86248.50219637     1.23885748
86249.00161028     1.17787819
86249.50186908     1.14148861
86250.00212789     1.02573694
86250.50238669     1.13302421
86251.00176036     1.00946698
86251.50201917     1.10225567
86252.00227797     1.07867594
86252.50165164     0.96630533
86253.00191045     1.10222629
86253.50216925     1.09439141
86254.00158316     1.06051061
86254.50184196     1.09549632
86255.00206053     1.04103602
86255.50231934     1.04334799
86256.00173324     1.04020567
86256.50199205     1.04806782
86257.00225085     0.92983399
86257.50162452     1.11297847
86258.00188333     1.09651076
86258.50214213     1.09202693
86259.00240093     1.15925299
86259.50177461     1.14647883
86260.00203341     1.07851032
86260.50229222     1.12614619
86261.00170612     1.00768589
86261.50196493     1.06097082
86262.00222373     1.02484716
86262.50159740     1.04899043
86263.00185621     1.11707400
86263.50211501     1.07839807
86264.00237381     1.03970413
86264.50174749     1.13100969
86265.00200629     1.16009552
86265.50226510     1.00074557
86266.00167900     1.01062273
86266.50193781     1.03010964
86267.00215638     1.06971707
86267.50241518     1.08844277
86268.00182909     1.01943173
86268.50208789     1.04881741
86269.00234669     1.01368504
86269.50172037     0.95243187
86270.00197917     1.07319932
86270.50312310     0.94866346
86271.00334167     0.94479712
86271.50275558     1.00734587
86272.00301439     0.96781705
86272.50327319     0.94704217
86273.00264686     0.96217062
86273.50290567     1.08636031
86274.00316447     0.97847906
86274.50257838     0.90080202
86275.00279695     0.83276788
86275.50305575     0.91809787
86276.00073963     0.84997246
86276.50272846     0.94480140
86277.00125724     0.83990949
86277.50324607     0.95962362
86278.00088972     0.80934651
86278.50287855     0.94377424
86279.00140733     0.97887736
86279.50078100     1.01438785
86280.00103980     0.99772989
86280.50129861     0.85570219
86281.00071251     0.69764291
86281.50097132     0.86280365
86282.00123012     0.83589648
86282.50060380     0.81097162
86283.00086260     0.83531775
86283.50112140     0.94800014
86284.00138021     1.05154538
86284.50336903     0.95076827
86285.00101268     0.87101623
86285.50127149     0.84899589
86286.00068539     0.86348388
86286.50178909     0.86825240
86287.00204790     0.92943109
86287.50230670     0.81283123
86288.00168037     1.03902602
86288.50193918     0.84038128
86289.00219798     0.87032826
86289.50161189     0.85021835
86290.00187069     0.76280872
86290.50212950     0.76075771
86291.00234807     0.84197811
86291.50176197     0.82838355
86292.00202078     0.84656998
86292.50227958     0.89201312
86293.00165325     1.03108088
86293.50191206     1.02532030
86294.00217086     0.99660905
86294.50158477     0.96053902
86295.00184357     0.82634184
86295.50206214     0.87104635
86296.00232095     0.92501999
86296.50173485     0.87377296
86297.00199366     0.94159292
86297.50225246     0.98886780
86298.00162613     0.92526480
86298.50188494     1.00681081
86299.00214374     0.85733063
86299.50240254     0.81317111
86300.00177622     1.01637361
86300.50203502     0.80704158
86301.00229383     0.83989467
86301.50170773     0.77722128
86302.00196654     0.69608307
86302.50222534     0.85896921
86303.00159901     0.85544923
86303.50185782     0.84583679
86304.00211662     0.98175351
86304.50237542     1.01148440
86305.00174910     0.96899985
86305.50200790     0.93791668
86306.00226671     0.92784746
86306.50168061     0.87515481
86307.00193942     0.80114221
86307.50215799     0.99201363
86308.00241679     0.95626480
86308.50183070     0.97158406
86309.00208950     0.98421131
86309.50234830     0.97134648
86310.00172198     0.99396233
86310.50198078     1.01540104
86311.00223958     0.98588363
86311.50161326     0.99439396
86312.00187206     1.04345083
86312.50213087     1.03422602
86313.00065964     0.94042611
86313.50180358     1.08875773
86314.00206238     0.89969546
86314.50232118     0.92930139
86315.00084996     0.94224160
86315.50195366     0.96139021
86316.00132734     0.99896383
86316.50074124     0.95881086
86317.00100005     0.94832754
86317.50125885     0.94132849
86318.00063252     0.81021082
86318.50089133     0.93353851
86319.00115013     0.89276562
86319.50140893     0.96128707
86320.00078261     0.77929389
86320.50104141     0.87791507
86321.00130022     0.82637248
86321.50071412     0.68608913
86322.00097293     0.76804642
86322.50123173     0.93680246
86323.00060540     0.88476258
86323.50086421     0.92012534
86324.00112301     0.88502457
86324.50138181     1.07367537
86325.00075549     0.98431328
86325.50101429     0.86729086
86326.00127310     0.99344277
86326.50068700     1.03158647
86327.00094581     0.84916190
86327.50116438     0.91384879
86328.00057828     0.94778565
86328.50083709     1.04053927
86329.00109589     0.85799511
86329.50135469     1.03027079
86330.00072837     1.08222543
86330.50098717     1.10367896
86331.00124598     0.99022805
86331.50065988     1.01199191
86332.00087845     0.94623551
86332.50113726     0.96729128
86333.00139606     1.08679870
86333.50080997     1.01488564
86334.00106877     0.93506285
86334.50132757     0.94143145
86335.00070125     0.98484912
86335.50096005     1.03570975
86336.00121886     0.88907634
86336.50059253     1.06024624
86337.00085133     1.01014052
86337.50111014     0.82716519
86338.00136894     0.93804850
86338.50078285     0.90559711
86339.00104165     0.93089025
86339.50126022     1.01110120
86340.00067413     0.99293804
86340.50093293     0.88589607
86341.00119174     0.90419765
86341.50056541     0.81851578
86342.00082421     0.90877808
86342.50108302     0.88287517
86343.00134182     0.85508293
86343.50075573     0.75416363
86344.00097430     0.92283929
86344.50123310     0.82761950
86345.00064701     0.71792345
86345.50090581     0.78125394
86346.00116462     0.75446565
86346.50142342     0.77921083
86347.00079709     0.87780526
86347.50105590     0.92964132
86348.00131470     0.53974268
86348.50068837     0.75020188
86349.00094718     0.59490624
86349.50120598     0.76365863
86350.00061989     0.86559140
86350.50087869     0.85546855
86351.00025237     0.83714413
86351.50135607     0.76606397
86351.99988484     0.91057381
86352.50014365     0.91184339
86353.00040245     0.82619537
86353.50066125     0.85873201
86354.00007516     0.90500873
86354.50117886     1.02555857
86354.99970764     1.01651780
86355.49996644     0.89243603
86356.00022525     0.72015047
86356.49959892     0.81817737
86356.99985772     0.79930289
86357.50011653     0.70620857
86358.00037533     0.66460555
86358.49978924     0.62259214
86359.00004804     0.51637874
86359.50030684     0.47517990
86359.99968052     0.56853456
86360.49993932     0.53808632
86361.00019813     0.73572072
86361.49957180     0.62604155
86361.99983060     0.63916560
86362.50008941     0.74570268
86363.00034821     0.66791575
86363.49976212     0.87118657
86363.99998069     1.02914811
86364.50023949     1.08863099
86364.99965340     1.08024776
86365.49991220     1.03809891
86366.00017101     1.09376285
86366.50042981     0.99902504
86366.99980348     1.03043766
86367.50006229     0.90842082
86368.00032109     0.91377443
86368.49969476     0.95052812
86368.99995357     1.00124729
86369.50021237     0.96970681
86369.99962628     1.04445531
86370.49988508     1.11694003
86371.00014389     1.13247307
86371.50040269     1.18595621
86371.99977636     1.17240197
86372.50003517     1.13365343
86373.00029397     1.09928365
86373.49966764     1.19186914
86373.99992645     1.10105017
86374.50018525     1.07817020
86374.99959916     1.11938308
86375.49985796     1.06187545
86376.00007653     1.07822820
86376.50033534     0.97935714
86376.99974924     1.01948528
86377.50000805     1.02261256
86378.00026685     1.04857906
86378.49964052     0.96069604
86378.99989933     0.96693760
86379.50015813     1.01583748
86380.00041693     1.02727580
86380.49979061     1.07534189
86381.00004941     1.02903890
86381.50030822     1.02124537
86381.99972212     1.00140388
86382.49998093     0.96849531
86383.00023973     1.02054502
86383.49961340     1.13456330
86384.00071710     1.05180636
86384.50097591     1.11792739
86385.00123471     1.08783561
86385.50064862     1.11127876
86386.00090742     1.09241612
86386.50116622     1.05491486
86387.00142503     1.08148969
86387.50079870     1.07822407
86388.00105751     1.02910125
86388.49870116     1.09287508
86388.99895996     0.99270543
86389.50094879     0.94866443
86389.99863267     1.01564346
86390.49889147     0.91626365
86390.99915028     0.85843895
86391.49940908     0.98004691
86391.99878275     1.12158982
86392.49904156     1.09053060
86392.99930036     0.95331406
86393.49867404     1.04517108
86393.99893284     0.97900066
86394.49919164     1.01707931
86394.99860555     1.09780729
86395.49886435     1.09719612
86395.99912316     1.05428426
86396.50107175     0.94633365
86396.99875563     0.99420592
86397.49901444     0.96618524
86397.99927324     0.97099627
86398.49864691     1.05593190
86398.99890572     1.09980694
86399.49916452     1.13487137
86399.99857843     0.97148536
86400.49968213     1.12517540
86400.99994093     1.05794367
86401.50019974     0.88490869
86401.99957341     0.82442567
86402.49983221     0.96839086
86403.00009102     1.00217367
86403.50034982     1.13198138
86403.99976373     1.10717794
