85028.95988077     1.13239263
85032.19036013     1.01502091
85035.31027883     1.04286308
85038.43969256     0.99191731
85041.63991660     1.01145381
85044.82030571     0.93170888
85048.10007066     0.87293350
85051.25020444     0.97562901
85054.54030931     1.00267117
85057.68959820     1.11501605
85060.92007756     1.02019213
85064.12034184     0.87190125
85067.22038537     1.02454694
85070.39039433     1.14041595
85073.58977348     0.99637603
85076.84966326     1.03357107
85080.13976812     0.96756086
85083.53962898     0.94147414
85086.75972819     0.90087031
85090.01961797     1.05073556
85093.14987659     0.85624970
85096.33976072     1.09591609
85099.59965050     1.00303088
85102.81025469     1.10054420
85106.19024038     0.92570100
85109.48984027     1.07410759
85112.83007562     1.09301799
85116.17031097     1.03110210
85119.46991086     0.95773178
85122.76001573     0.91823923
85125.98965019     0.96907490
85129.15969938     1.00979094
85132.35992342     0.94719625
85135.61981320     1.06464241
85138.82007748     0.88692519
85142.07992703     1.02247149
85145.30006647     1.00640074
85148.52970093     0.78740232
85151.78005546     0.97195797
85154.98031974     0.99555212
85158.17020386     1.08528701
85161.36958301     1.14501370
85164.65972811     0.97208224
85167.96017289     0.97421324
85171.20018750     1.05308362
85174.47041720     1.03646337
85177.63958126     0.85473189
85180.80009520     1.00153054
85183.98997933     1.08346171
85187.28008419     1.00759483
85190.53997397     0.98222552
85193.84045899     0.96868398
85197.07958847     0.89518892
85200.31006783     0.98511590
85203.56995761     1.00576394
85206.77022189     0.93858487
85210.06032676     1.05765162
85213.27008605     1.02116990
85216.54981077     1.00907160
85219.92030144     1.06723145
85223.16027582     1.05605156
85226.28019452     1.04497819
85229.40960824     1.07882541
85232.60987252     1.02833928
85235.84035188     1.05874721
85239.03023601     1.07013006
85242.29012579     0.98103565
85245.44025958     1.04383331
85248.66989404     1.03386682
85251.90037340     1.01276134
85255.16026318     1.08850495
85258.42011273     0.98038726
85261.62037700     1.13300763
85264.90963697     1.05005438
85268.22999716     1.02363220
85271.36975080     1.23400513
85274.43953902     0.85632502
85277.58971304     1.14093189
85280.75022697     1.00362115
85283.90985578     1.05085847
85287.02023923     0.96156897
85290.22999853     1.06018036
85293.52014363     0.97436451
85296.67977244     0.90953648
85300.12022853     1.02331669
85303.34986299     0.94809575
85306.67022318     0.92609524
85310.01041830     0.99022436
85313.29967827     0.99360478
85316.51032269     0.97315586
85319.80042756     0.95280263
85322.99980670     0.93701264
85326.21994615     0.85294653
85329.49017584     0.99594832
85332.71981031     0.99842426
85335.92007458     1.02059628
85339.19030428     0.91153853
85342.38968343     0.99341179
85345.72991878     1.09279144
85348.93967807     1.03248199
85352.08031684     1.03158300
85355.25982082     1.05413958
85358.37024450     0.98612059
85361.66034937     0.93768034
85365.02995491     0.88496377
85368.28980446     0.93371513
85371.52981907     0.86850175
85374.78970885     1.09434021
85378.11002880     1.18385737
85381.38979375     1.19810558
85384.57018286     1.04592954
85387.72031665     1.13387329
85390.91969579     0.88810801
85394.10008490     0.67457613
85397.28996903     1.06394918
85400.51960349     0.93118315
85403.75961810     0.82248983
85407.00997263     0.96627300
85410.28024256     1.11969459
85413.64980787     1.11048945
85416.85007215     0.93024387
85420.19980252     1.17762594
85423.57025295     0.81498092
85426.81976259     0.69690824
85430.02002686     0.84579109
85433.24966133     1.03352550
85436.51039600     1.07021626
85439.79965597     1.08662448
85443.15023124     0.80217694
85446.41012102     0.88387445
85449.72010106     0.97554753
85453.06983143     1.06176651
85456.27959073     1.01652363
85459.51956511     1.08326358
85462.68007904     1.02905758
85465.85012823     1.17022731
85469.02013719     0.78546010
85472.17976600     0.91612040
85475.39990544     0.94192301
85478.62004489     0.58223277
85481.84014410     1.34126705
85485.04040837     0.46969937
85488.16982210     0.94409288
85491.33983105     1.36273658
85494.61959600     1.06750063
85497.88982570     1.18324750
85501.09958500     1.03690490
85504.36981469     0.94337976
85507.64004439     1.24249687
85510.89993417     0.91740809
85514.08981830     0.98237477
85517.48967916     0.97216997
85520.79012394     0.91076024
85524.08026904     0.97292687
85527.37986892     1.02432771
85530.58962822     0.92535648
85533.82964283     1.01925085
85537.02990711     0.87954209
85540.19038081     1.01032457
85543.35004985     1.03950673
85546.50967866     0.89370103
85549.65031743     0.58970543
85552.75985599     0.93489468
85555.91003001     0.94930575
85559.06016380     1.09271129
85562.23966777     1.10283508
85565.40967673     0.85800641
85568.73003691     0.93955995
85572.02014178     0.96023940
85575.31978190     0.88701151
85578.57963145     0.49072114
85581.89999163     0.34537249
85585.17022133     0.38682410
85588.48024160     0.48376559
85591.96040779     0.33008065
85595.19004226     0.44895433
85598.39980155     0.40765877
85601.65969133     0.32114369
85604.96967137     0.42710541
85608.25028121     0.40328388
85611.54038608     0.52297870
85614.82964605     0.46000989
85617.97028482     0.30635314
85621.32001519     0.47080007
85624.52023923     0.44408606
85627.78962404     0.51034664
85630.90004772     0.51274842
85634.05967653     0.53220216
85637.22968549     0.29579298
85640.34960419     0.46744394
85643.51961315     0.50042632
85646.78984284     0.53794459
85650.20008385     0.46547110
85653.35021764     0.63384714
85656.52972162     0.79329841
85659.71011072     0.99838068
85662.93974519     0.64086871
85666.19963497     0.53242114
85669.44998950     0.46802826
85672.65974879     0.47517690
85675.87035298     0.37872041
85679.18033302     0.46152065
85682.46009797     0.46267193
85685.73032767     0.37433242
85689.06018287     0.50117348
85692.35028774     0.34555293
85695.56004703     0.39321545
85698.80006164     0.40165567
85702.16966718     0.43378859
85705.40968180     0.42131197
85708.73000175     0.38938175
85711.88967079     0.51724282
85715.19015580     0.38913098
85718.34028959     0.45873182
85721.63988948     0.42981393
85724.94037449     0.46732505
85728.29010487     0.56171116
85731.54999465     0.48744844
85734.89972502     0.48298792
85738.01010847     0.54544876
85741.21986777     0.68755182
85744.52984780     0.89926691
85747.73960710     0.83386703
85750.88024586     1.02943514
85754.10988033     0.99072767
85757.36977011     1.02085252
85760.60974449     0.96948945
85764.00011033     0.90705582
85767.29021519     0.90072823
85770.55006474     0.92248096
85773.84020984     0.92831520
85777.11993456     1.03108892
85780.41003942     0.96470563
85783.73039961     1.10578829
85787.01965958     1.05797409
85790.23975879     1.06144063
85793.49964857     0.97686840
85796.66965753     1.02461812
85799.90967214     1.01505363
85803.19028199     0.97453531
85806.45013154     1.06808229
85809.72040147     0.99302660
85813.14009726     0.97930086
85816.36973172     0.95537840
85819.55012083     0.98735295
85822.72012979     1.01670143
85826.01023465     0.95484509
85829.23986912     0.97493354
85832.47034848     0.99045053
85835.69998294     1.02192769
85838.92961740     1.11202844
85842.11000651     0.90289696
85845.21005005     0.87444266
85848.27983826     1.01368222
85851.44035220     0.91859959
85854.66998667     0.83042820
85857.87025094     1.03648469
85861.13963574     1.03380710
85864.33985978     0.92122488
85867.52024889     1.13863411
85870.73000818     0.94535633
85874.00023788     0.80422797
85877.15041190     1.01382551
85880.45001179     0.97380119
85883.53967518     1.11571532
85886.65959388     1.06970305
85889.80972767     1.16126157
85893.00999194     0.96034340
85896.21025622     0.97774647
85899.45023060     0.94354987
85902.64011472     1.00024216
85905.86974919     1.00321794
85909.15985405     1.03899040
85912.53983974     1.04633735
85915.79019427     0.99393446
85919.08983439     1.03883841
85922.32031375     0.98518451
85925.53956807     0.90447228
85928.82971317     1.12492473
85932.11032301     0.97228383
85935.40992290     0.95780961
85938.75015825     1.01193344
85941.92016721     0.97629803
85945.04004568     0.97093173
85948.24030995     1.04197575
85951.46994442     0.97742565
85954.76958454     0.97482948
85957.84971267     1.12498612
85961.03010178     0.85472516
85964.11976516     1.01142922
85967.21980870     0.95848245
85970.40019780     1.01462009
85973.66004735     1.04296669
85976.95968747     0.94430168
85980.12020141     1.09584656
85983.46993178     0.84228293
85986.55959517     1.10164949
85989.80994970     1.00493756
85993.04996431     1.05094570
85996.32019401     1.00773243
85999.58957881     0.99151440
86003.01015973     0.95199733
86006.82039857     1.02219344
86010.06986797     1.12824990
86013.15003633     0.96473824
86016.26995504     1.02735197
86019.49958950     0.97638312
86022.64972329     0.99760563
86025.97008348     1.07863684
86029.33019400     1.20344349
86032.55978823     1.01356163
86035.77992767     1.00742482
86039.01994228     0.93391252
86042.29966700     0.98775181
86045.63040733     0.98102478
86049.03976321     1.10726253
86052.29011774     0.92665660
86055.51975220     0.85034135
86058.73035640     1.04377826
86061.92024052     1.01310283
86065.23975581     0.94681555
86068.47973019     1.03041928
86071.66011930     1.04756891
86074.90013391     1.01290603
86078.21960896     0.94769421
86081.41037822     0.94111551
86084.62963253     0.94645148
86087.94999272     1.00195030
86091.17009193     1.04168102
86094.46023703     0.96505855
