85259.569999694824 1.04927063
85259.569999694824 1.04927063
85259.889999389648 0.961353064
85260.209999993443 1.01840270
85260.529999971390 1.01683593
85260.850000023842 1.05728483
85261.169999957085 0.931298971
85261.490000009537 1.04122746
85261.809999942780 1.04585695
85262.130000114441 1.14555991
85262.450000047684 1.08824384
85262.769999980927 1.11680448
85263.089999914169 1.09430933
85263.410000085831 1.07768738
85263.730000019073 1.09267759
85264.050000190735 1.00805235
85264.369999885559 1.01878154
85264.690000057220 1.00553036
85265.010000228882 1.00343001
85265.329999923706 0.979397833
85265.650000095367 1.04068899
85265.969999790192 1.07243180
85266.289999961853 1.02867770
85266.610000133514 0.988021076
85266.929999828339 0.999202907
85267.250000000000 0.932963550
85267.570000171661 0.902875423
85267.889999866486 0.931342423
85268.210000038147 0.972883701
85268.529999732971 0.934692323
85268.850000381470 0.987274885
85269.170000076294 0.993841231
85269.489999771118 1.00562131
85269.810000419617 1.02079129
85270.130000114441 0.970588624
85270.449999809265 0.985080540
85270.770000457764 1.04728842
85271.090000152588 1.01080477
85271.409999847412 0.985522985
85271.729999542236 0.948876083
85272.050000190735 0.969761133
85272.369999885559 0.980153680
85272.689999580383 1.01992714
85273.010000228882 1.00957620
85273.329999923706 1.04334557
85273.649999618530 1.07659924
85273.970000267029 1.10646331
85274.289999961853 1.09319091
85274.609999656677 1.11096370
85274.930000305176 1.04678679
85275.250000000000 1.07437551
85275.569999694824 1.06144083
85275.890000343323 1.00733542
85276.209999084473 1.05124772
85276.530000686646 1.11973476
85276.850000381470 1.10140717
85277.170000076294 1.01994777
85277.489999771118 1.04653740
85277.809999465942 1.04892397
85278.129999160767 1.07869542
85278.450000762939 1.09215915
85278.770000457764 1.00363827
85279.090000152588 0.987358034
85279.409999847412 0.988839626
85279.729999542236 0.935289919
85280.049999237061 0.977140605
85280.370000839233 0.992573977
85280.690000534058 1.05370724
85281.010000228882 1.04769671
85281.329999923706 1.03601789
85281.649999618530 0.924958527
85281.969999313354 0.974240482
85282.290000915527 0.965386271
85282.610000610352 0.939558744
85282.930000305176 1.00420094
85283.250000000000 1.00193584
85283.569999694824 1.09951007
85283.889999389648 1.01006711
85284.209999084473 1.04205692
85284.530000686646 1.00889587
85284.850000381470 0.987055779
85285.170000076294 1.04651916
85285.489999771118 1.00524902
85285.809999465942 1.04586530
85286.129999160767 0.990978420
85286.450000762939 1.07207167
85286.770000457764 1.02521122
85287.090000152588 1.05657434
85287.409999847412 0.973547637
85287.729999542236 0.965321064
85288.049999237061 0.990304172
85288.370000839233 0.950030327
85288.690000534058 1.00536537
85289.010000228882 1.01913941
85289.329999923706 1.05100548
85289.649999618530 1.05537879
85289.969999313354 1.07181919
85290.290000915527 1.06388354
85290.610000610352 1.03497958
85290.930000305176 1.02087224
85291.250000000000 1.01269341
85291.569999694824 1.02270436
85291.889999389648 1.00252223
85292.209999084473 0.945861399
85292.529998779297 0.911638975
85292.849998474121 0.964477181
85293.169998168945 1.00295424
85293.490001678467 1.01711762
85293.810001373291 1.03347850
85294.130001068115 0.996476173
85294.450000762939 1.03674841
85294.770000457764 0.946105778
85295.090000152588 1.01298833
85295.409999847412 1.04326093
85295.729999542236 0.959320486
85296.049999237061 1.06436837
85296.369998931885 1.12681162
85296.689998626709 1.03461277
85297.009998321533 0.984955132
85297.330001831055 1.03478014
85297.650001525879 1.08643210
85297.970001220703 1.04798710
85298.290000915527 1.06716180
85298.610000610352 1.06179225
85298.930000305176 1.00427842
85299.250000000000 1.02117479
85299.569999694824 0.925927997
85299.889999389648 1.01638055
85300.209999084473 1.01312673
85300.529998779297 1.03710175
85300.849998474121 1.07534623
85301.169998168945 0.999712944
85301.490001678467 1.08992827
85301.810001373291 1.01815581
85302.130001068115 0.987703919
85302.450000762939 0.999882698
85302.770000457764 0.976782978
85303.090000152588 1.02205932
85303.409999847412 0.979032755
85303.729999542236 0.984650433
85304.049999237061 0.988813639
85304.369998931885 1.04123509
85304.689998626709 1.05389988
85305.009998321533 1.01533210
85305.330001831055 1.07097149
85305.650001525879 1.03736472
85305.970001220703 1.03011799
85306.290000915527 1.02980471
85306.610000610352 1.01200354
85306.930000305176 1.04029810
85307.250000000000 1.09114039
85307.569999694824 1.09742212
85307.889999389648 0.994246721
85308.209999084473 0.978787839
85308.529998779297 0.955650985
85308.849998474121 0.983930290
85309.169998168945 0.955782175
85309.490001678467 1.04244614
85309.810001373291 1.01281095
85310.130001068115 0.987992108
85310.450000762939 0.927142262
85310.770000457764 0.974820137
85311.090000152588 0.969316959
85311.409999847412 0.921526432
85311.729999542236 1.01572835
85312.049999237061 0.952871382
85312.369998931885 1.00376844
85312.689998626709 0.952743232
85313.009998321533 0.943214118
85313.330001831055 1.02429378
85313.650001525879 0.985521078
85313.970001220703 0.936708450
85314.290000915527 0.999296069
85314.610000610352 0.944695175
85314.930000305176 0.964943945
85315.250000000000 1.02651489
85315.569999694824 0.977166831
85315.889999389648 0.999501884
85316.209999084473 0.970636308
85316.529998779297 0.944809616
85316.849998474121 0.942134023
85317.169998168945 0.895272672
85317.490001678467 0.995681167
85317.810001373291 1.02962577
85318.130001068115 1.01149416
85318.450000762939 1.00482547
85318.770000457764 1.02053320
85319.090000152588 1.00395322
85319.409999847412 1.04068017
85319.729999542236 1.02971041
85320.050000000745 1.05132031
85320.370000004768 1.05592108
85320.689999997616 1.01324379
85321.009999990463 0.923901796
85321.330000042915 1.02090859
85321.649999976158 1.04413605
85321.970000028610 1.02758706
85322.289999961853 0.999201596
85322.609999895096 1.02755523
85322.930000066757 1.01915526
85323.250000000000 1.02875221
85323.569999933243 1.08196020
85323.890000104904 0.973482549
85324.210000038147 0.986507416
85324.530000209808 0.999952972
85324.849999904633 0.930055082
85325.170000076294 0.987678885
85325.489999771118 0.986829579
85325.809999942780 1.00868428
85326.130000114441 1.01207197
85326.449999809265 1.04212594
85326.769999980927 1.04410696
85327.090000152588 0.954718709
85327.409999847412 0.947966218
85327.730000019073 0.967120826
85328.050000190735 0.952185333
85328.369999885559 0.942796528
85328.689999580383 1.00184810
85329.010000228882 1.00518703
85329.329999923706 0.972995341
85329.649999618530 0.962231696
85329.970000267029 1.05060601
85330.289999961853 0.997502446
85330.609999656677 0.981061935
85330.930000305176 0.988185227
85331.250000000000 0.980979145
85331.569999694824 0.953782916
85331.890000343323 0.994303942
85332.210000038147 1.00728214
85332.529999732971 1.03248775
85332.850000381470 0.973897874
85333.170000076294 0.983026803
85333.489999771118 0.988484323
85333.810000419617 0.987973690
85334.130000114441 0.981947601
85334.449999809265 1.03257978
85334.770000457764 0.957343817
85335.090000152588 1.00216985
85335.409999847412 0.984821379
85335.729999542236 0.939199328
85336.049999237061 0.964486897
85336.370000839233 1.02252901
85336.690000534058 1.02772808
85337.010000228882 0.991065919
85337.329999923706 1.01515746
85337.649999618530 1.00972927
85337.969999313354 0.967566490
85338.290000915527 0.941303790
85338.610000610352 1.00834179
85338.930000305176 1.02502561
85339.250000000000 1.10126913
85339.569999694824 1.03095925
85339.889999389648 1.02983356
85340.209999084473 0.988154054
85340.530000686646 1.02431428
85340.850000381470 0.980887234
85341.170000076294 0.959831595
85341.489999771118 0.978003919
85341.809999465942 0.968417227
85342.129999160767 1.01486671
85342.450000762939 0.999019623
85342.770000457764 0.963679075
85343.090000152588 1.03966868
85343.409999847412 1.02598906
85343.729999542236 1.02009058
85344.049999237061 1.02852511
85344.370000839233 1.02558696
85344.690000534058 0.997055769
85345.010000228882 1.01472771
85345.329999923706 0.965359092
85345.649999618530 0.929741144
85345.969999313354 1.00893760
85346.290000915527 0.995725930
85346.610000610352 1.08806026
85346.930000305176 1.02998662
85347.250000000000 1.03499162
85347.569999694824 1.15453970
85347.889999389648 1.07350814
85348.209999084473 0.975795448
85348.530000686646 1.01246178
85348.850000381470 0.987568200
85349.170000076294 0.978351653
85349.489999771118 1.13158786
85349.809999465942 1.09274805
85350.129999160767 1.07759416
85350.450000762939 1.01696026
85350.770000457764 1.01275909
85351.090000152588 1.02451074
85351.409999847412 0.986461997
85351.729999542236 0.963929057
85352.049999237061 0.949534178
85352.369998931885 0.912390471
85352.689998626709 1.00230634
85353.009998321533 0.966489196
85353.330001831055 0.949925840
85353.650001525879 0.988956869
85353.970001220703 1.05740380
85354.290000915527 1.06467402
85354.610000610352 1.05249548
85354.930000305176 1.08491004
85355.250000000000 1.02475643
85355.569999694824 1.01574886
85355.889999389648 0.998909712
85356.209999084473 1.04101670
85356.529998779297 0.965263307
85356.849998474121 0.979862988
85357.169998168945 0.995854318
85357.490001678467 1.03650558
85357.810001373291 1.03071761
85358.130001068115 1.02043116
85358.450000762939 0.960047543
85358.770000457764 0.968288183
85359.090000152588 0.957904100
85359.409999847412 0.971015394
85359.729999542236 1.00825334
85360.049999237061 0.986962855
85360.369998931885 1.07402444
85360.689998626709 1.00266778
85361.009998321533 1.04624963
85361.330001831055 1.04429615
85361.650001525879 1.08365500
85361.970001220703 1.02964413
85362.290000915527 0.999743998
85362.610000610352 1.03821313
85362.930000305176 1.09200704
85363.250000000000 1.04301155
85363.569999694824 1.07146442
85363.889999389648 0.971154034
85364.209999084473 1.10534286
85364.529998779297 0.970498323
85364.849998474121 1.06207943
85365.169998168945 1.06232631
85365.490001678467 1.04273319
85365.810001373291 0.981145561
85366.130001068115 1.04389012
85366.450000762939 1.07300711
85366.770000457764 1.03818548
85367.090000152588 1.04233217
85367.409999847412 0.975564659
85367.729999542236 0.910123587
85368.049999237061 0.929854214
85368.369998931885 0.921426117
85368.689998626709 0.910699844
85369.009998321533 0.945837200
85369.330001831055 0.986784577
85369.650001525879 1.06602240
85369.970001220703 1.04704273
85370.290000915527 1.01123202
85370.610000610352 1.02787220
85370.930000305176 1.00610852
85371.250000000000 0.916907012
85371.569999694824 0.994818926
85371.889999389648 0.941771448
85372.209999084473 0.954705417
85372.529998779297 1.03549886
85372.849998474121 0.947881818
85373.169998168945 1.00579143
85373.490001678467 1.07812130
85373.810001373291 1.01541102
85374.130001068115 1.04477227
85374.450000762939 1.06228673
85374.770000457764 1.01713562
85375.090000152588 1.04024994
85375.409999847412 1.03766346
85375.729999542236 0.987510800
85376.049999237061 0.919360697
85376.369998931885 0.919314682
85376.689998626709 0.924366832
85377.009998321533 0.914690971
85377.330001831055 0.905290186
85377.650001525879 0.960709095
85377.970001220703 0.931562901
85378.290000915527 0.978404164
85378.610000610352 1.03293347
85378.930000305176 1.03306556
85379.250000000000 1.05276525
85379.569999694824 1.06594253
85379.889999389648 1.01787555
85380.209999993443 1.01684225
85380.529999971390 0.979813218
85380.850000023842 0.990772843
85381.169999957085 1.01974666
85381.490000009537 0.973928630
85381.809999942780 1.02496290
85382.130000114441 0.996058345
85382.450000047684 1.07235813
85382.769999980927 0.988730729
85383.089999914169 0.916529834
85383.410000085831 0.946232021
85383.730000019073 0.933544636
85384.050000190735 0.996184349
85384.369999885559 0.976957977
85384.690000057220 0.955983460
85385.010000228882 1.05109179
85385.329999923706 0.963400185
85385.650000095367 1.02710867
85385.969999790192 0.986436009
85386.289999961853 0.995469451
85386.610000133514 0.995956838
85386.929999828339 0.952872097
85387.250000000000 0.963523984
85387.570000171661 1.05112326
85387.889999866486 1.04979777
85388.210000038147 0.970294535
85388.529999732971 0.970474124
85388.850000381470 0.933749795
85389.170000076294 0.998495042
85389.489999771118 1.02028286
85389.810000419617 0.992104590
85390.130000114441 1.02713263
85390.449999809265 1.08093643
85390.770000457764 0.988402247
85391.090000152588 1.07472396
85391.409999847412 1.03333747
85391.729999542236 1.02001762
85392.050000190735 1.10452688
85392.369999885559 1.01953459
85392.689999580383 1.01767445
85393.010000228882 1.01053751
85393.329999923706 0.985660434
85393.649999618530 1.05213845
85393.970000267029 1.07237244
85394.289999961853 1.07018840
85394.609999656677 1.05312908
85394.930000305176 1.01617682
85395.250000000000 1.04235101
85395.569999694824 0.993161678
85395.890000343323 1.04366398
85396.209999084473 0.999330401
85396.530000686646 1.01158440
85396.850000381470 1.00388038
85397.170000076294 0.985574365
85397.489999771118 1.01066399
85397.809999465942 1.00627816
85398.129999160767 1.03080130
85398.450000762939 0.986370146
85398.770000457764 1.03604698
85399.090000152588 0.959258974
85399.409999847412 0.965313256
85399.729999542236 0.951943696
85400.049999237061 0.983443081
85400.370000839233 1.02164364
85400.690000534058 0.983443916
85401.010000228882 1.03075743
85401.329999923706 0.981275618
85401.649999618530 0.968083918
85401.969999313354 1.01667619
85402.290000915527 1.01518726
85402.610000610352 1.02397680
85402.930000305176 0.970674694
85403.250000000000 0.904358566
85403.569999694824 0.924235761
85403.889999389648 0.948709905
85404.209999084473 0.933365107
85404.530000686646 1.01454067
85404.850000381470 0.966337144
85405.170000076294 0.947123706
85405.489999771118 0.946006775
85405.809999465942 1.00851917
85406.129999160767 0.990568101
85406.450000762939 1.00931191
85406.770000457764 0.974267900
85407.090000152588 0.888139129
85407.409999847412 0.917711735
85407.729999542236 1.00508630
85408.049999237061 1.00063467
85408.370000839233 1.01693416
85408.690000534058 0.974913657
85409.010000228882 1.05082798
85409.329999923706 0.978635669
85409.649999618530 0.956896782
85409.969999313354 0.982341409
85410.290000915527 0.983538687
85410.610000610352 1.01409817
85410.930000305176 1.04201925
85411.250000000000 1.00496781
85411.569999694824 1.04300523
85411.889999389648 1.01681483
85412.209999084473 0.997002006
85412.529998779297 0.992307186
85412.849998474121 0.945770502
85413.169998168945 1.02723575
85413.490001678467 0.965807676
85413.810001373291 0.950996280
85414.130001068115 0.949684322
85414.450000762939 0.920450926
85414.770000457764 1.06267905
85415.090000152588 0.954246044
85415.409999847412 0.981988311
85415.729999542236 0.918731451
85416.049999237061 0.963372052
85416.369998931885 0.965993106
85416.689998626709 0.951909959
85417.009998321533 1.01471114
85417.330001831055 1.04089916
85417.650001525879 1.00799143
85417.970001220703 0.901016116
85418.290000915527 0.974176049
85418.610000610352 0.971439242
85418.930000305176 1.04152346
85419.250000000000 0.968361199
85419.569999694824 1.10974443
85419.889999389648 1.04294336
85420.209999084473 0.998527467
85420.529998779297 1.02371120
85420.849998474121 0.991580606
85421.169998168945 0.995900631
85421.490001678467 0.961795390
85421.810001373291 0.980294168
85422.130001068115 0.906339645
85422.450000762939 1.02803886
85422.770000457764 1.00395262
85423.090000152588 1.02487898
85423.409999847412 0.972403109
85423.729999542236 0.930270016
85424.049999237061 0.923680723
85424.369998931885 0.899335802
85424.689998626709 0.885997176
85425.009998321533 0.922056735
85425.330001831055 0.986991048
85425.650001525879 0.928187251
85425.970001220703 0.963728487
85426.290000915527 1.02710843
85426.610000610352 0.996176004
85426.930000305176 1.03736544
85427.250000000000 1.02553177
85427.569999694824 1.04678071
85427.889999389648 1.02905548
85428.209999084473 0.944113374
85428.529998779297 0.970007360
85428.849998474121 0.954192221
85429.169998168945 0.970213115
85429.490001678467 1.00714493
85429.810001373291 0.964138985
85430.130001068115 0.976566613
85430.450000762939 0.990855396
85430.770000457764 0.933898389
85431.090000152588 0.970813513
85431.409999847412 0.888009667
85431.729999542236 0.952001750
85432.049999237061 0.970919073
85432.369998931885 0.984123111
85432.689998626709 0.954454005
85433.009998321533 0.983907223
85433.330001831055 1.01960754
85433.650001525879 1.05750859
85433.970001220703 0.991715908
85434.290000915527 0.965478182
85434.610000610352 0.971188426
85434.930000305176 0.971654832
85435.250000000000 1.08206069
85435.569999694824 1.01973212
85435.889999389648 0.940006077
85436.209999084473 0.986807466
85436.529998779297 0.886916637
85436.849998474121 0.976038933
85437.169998168945 0.967782021
85437.490001678467 0.999952435
85437.810001373291 0.907733798
85438.130001068115 0.921648860
85438.450000762939 0.902403355
85438.770000457764 0.850693583
85439.090000152588 0.960464001
85439.409999847412 0.948695302
85439.729999542236 0.904511154
85440.050000000745 0.994164169
85440.370000004768 0.951938272
85440.689999997616 0.967422307
85441.009999990463 0.955702186
85441.330000042915 0.991059005
85441.649999976158 0.974726617
85441.970000028610 1.01856303
85442.289999961853 0.987131834
85442.609999895096 0.944550812
85442.930000066757 0.971006274
85443.250000000000 0.919444084
85443.569999933243 0.904277265
85443.890000104904 0.950054705
85444.210000038147 0.968369782
85444.530000209808 0.981473863
85444.849999904633 1.00401223
85445.170000076294 0.990673900
85445.489999771118 0.927056909
85445.809999942780 0.985795021
85446.130000114441 1.01545310
85446.449999809265 0.963762999
85446.769999980927 0.955489933
85447.090000152588 0.955647767
85447.409999847412 1.00817049
85447.730000019073 0.963180423
85448.050000190735 0.984762907
85448.369999885559 0.975826323
85448.689999580383 1.03292739
85449.010000228882 1.09374964
85449.329999923706 1.04856598
85449.649999618530 1.01165128
85449.970000267029 1.01404166
85450.289999961853 1.03971684
85450.609999656677 1.00116837
85450.930000305176 0.997911394
85451.250000000000 0.956903815
85451.569999694824 0.998597980
85451.890000343323 1.02513015
85452.210000038147 0.988783002
85452.529999732971 1.01751554
85452.850000381470 0.994194210
85453.170000076294 1.01028931
85453.489999771118 0.993408024
85453.810000419617 0.994212270
85454.130000114441 0.999805868
85454.449999809265 0.971776545
85454.770000457764 0.987676978
85455.090000152588 0.982753277
85455.409999847412 0.992585897
85455.729999542236 0.985574961
85456.049999237061 1.02113354
85456.370000839233 0.980872750
85456.690000534058 0.972535133
85457.010000228882 0.942484438
85457.329999923706 1.00370324
85457.649999618530 1.00051069
85457.969999313354 0.966366708
85458.290000915527 0.975826561
85458.610000610352 1.10195506
85458.930000305176 0.971043289
85459.250000000000 0.959599435
85459.569999694824 0.960306108
85459.889999389648 1.01767147
85460.209999084473 1.00378442
85460.530000686646 1.01790297
85460.850000381470 1.03318620
85461.170000076294 0.975519896
85461.489999771118 1.00275910
85461.809999465942 1.05324614
85462.129999160767 0.977137446
85462.450000762939 1.02275443
85462.770000457764 1.01095474
85463.090000152588 0.991648555
85463.409999847412 0.967683256
85463.729999542236 0.983531952
85464.049999237061 0.992294550
85464.370000839233 0.974007964
85464.690000534058 1.01476967
85465.010000228882 1.00238788
85465.329999923706 0.976886332
85465.649999618530 0.985713243
85465.969999313354 0.972733200
85466.290000915527 1.05715537
85466.610000610352 1.02384055
85466.930000305176 1.05154526
85467.250000000000 1.04789901
85467.569999694824 0.959341407
85467.889999389648 0.992659152
85468.209999084473 0.978757381
85468.530000686646 1.03282881
85468.850000381470 1.07751727
85469.170000076294 1.02365994
85469.489999771118 1.01055086
85469.809999465942 1.04846084
85470.129999160767 1.01551998
85470.450000762939 1.02460420
85470.770000457764 0.982233524
85471.090000152588 0.957316756
85471.409999847412 1.00624108
85471.729999542236 1.00361407
85472.049999237061 0.995908022
85472.369998931885 1.01011932
85472.689998626709 1.01693833
85473.009998321533 0.989790022
85473.330001831055 0.942860305
85473.650001525879 1.04292655
85473.970001220703 1.04778802
85474.290000915527 0.996281385
85474.610000610352 0.966756344
85474.930000305176 0.997884989
85475.250000000000 0.969330788
85475.569999694824 0.992727757
85475.889999389648 1.00751996
85476.209999084473 1.02415562
85476.529998779297 1.03970742
85476.849998474121 0.984758496
85477.169998168945 0.981565297
85477.490001678467 1.03119409
85477.810001373291 0.985594451
85478.130001068115 0.932264686
85478.450000762939 0.919335723
85478.770000457764 0.982014954
85479.090000152588 0.941753805
85479.409999847412 0.979590774
85479.729999542236 0.978985131
85480.049999237061 0.921533644
85480.369998931885 0.990194082
85480.689998626709 0.901951551
85481.009998321533 1.02734244
85481.330001831055 0.903522789
85481.650001525879 1.01568329
85481.970001220703 0.973968863
85482.290000915527 1.01016939
85482.610000610352 1.00322413
85482.930000305176 1.01498902
85483.250000000000 0.978968084
85483.569999694824 0.999077201
85483.889999389648 0.930132926
85484.209999084473 1.01935589
85484.529998779297 0.978840411
85484.849998474121 1.01604104
85485.169998168945 0.944737732
85485.490001678467 1.04446828
85485.810001373291 1.00290275
85486.130001068115 1.04260814
85486.450000762939 1.03401351
85486.770000457764 0.981938660
85487.090000152588 1.00634682
85487.409999847412 1.04204071
85487.729999542236 1.01590252
85488.049999237061 1.00240910
85488.369998931885 0.999555111
85488.689998626709 0.994211078
85489.009998321533 0.974622369
85489.330001831055 0.969957650
85489.650001525879 0.910045147
85489.970001220703 0.960337341
85490.290000915527 1.00283563
85490.610000610352 1.02376473
85490.930000305176 1.00407970
85491.250000000000 1.05564642
85491.569999694824 1.02360916
85491.889999389648 1.07873178
85492.209999084473 1.00777984
85492.529998779297 0.986769795
85492.849998474121 0.931922317
85493.169998168945 0.945268095
85493.490001678467 1.01657188
85493.810001373291 1.02146137
85494.130001068115 0.990250885
85494.450000762939 0.948742926
85494.770000457764 0.960050881
85495.090000152588 0.971407115
85495.409999847412 0.973063529
85495.729999542236 0.973410428
85496.049999237061 0.932373106
85496.369998931885 0.990884006
85496.689998626709 0.922673166
85497.009998321533 0.953136265
85497.330001831055 0.916222572
85497.650001525879 0.974472702
85497.970001220703 0.890827000
85498.290000915527 0.935627222
85498.610000610352 1.03364015
85498.930000305176 1.05950975
85499.250000000000 0.978678763
85499.569999694824 1.02234495
85499.889999389648 0.939527571
85500.209999993443 0.990175962
85500.529999971390 0.918771923
85500.850000023842 0.927216709
85501.169999957085 0.990939796
85501.490000009537 0.963760078
85501.809999942780 0.951289177
85502.130000114441 0.944992661
85502.450000047684 0.955456972
85502.769999980927 0.954736590
85503.089999914169 0.955858707
85503.410000085831 0.986929297
85503.730000019073 0.941164911
85504.050000190735 0.952081084
85504.369999885559 0.971207261
85504.690000057220 0.972248137
85505.010000228882 1.00663006
85505.329999923706 1.02599740
85505.650000095367 1.01553094
85505.969999790192 0.976669908
85506.289999961853 0.972636104
85506.610000133514 1.01634073
85506.929999828339 0.985868037
85507.250000000000 1.00710881
85507.570000171661 0.956226587
85507.889999866486 1.03674185
85508.210000038147 1.01887476
85508.529999732971 0.981616378
85508.850000381470 0.976031303
85509.170000076294 0.942280591
85509.489999771118 0.917159617
85509.810000419617 0.990721822
85510.130000114441 0.990145981
85510.449999809265 1.02880323
85510.770000457764 0.988897204
85511.090000152588 0.968285024
85511.409999847412 0.980571151
85511.729999542236 0.947857141
85512.050000190735 0.949931443
85512.369999885559 0.936397433
85512.689999580383 0.926079035
85513.010000228882 0.890442371
85513.329999923706 0.904020965
85513.649999618530 0.935339451
85513.970000267029 0.969387770
85514.289999961853 0.987197995
85514.609999656677 0.973001957
85514.930000305176 0.993186653
85515.250000000000 0.932332218
85515.569999694824 0.987591207
85515.890000343323 0.974720418
85516.209999084473 1.00374115
85516.530000686646 0.940045774
85516.850000381470 0.999082446
85517.170000076294 1.00491941
85517.489999771118 0.999447942
85517.809999465942 1.07064629
85518.129999160767 0.993674636
85518.450000762939 0.997782826
85518.770000457764 1.00756097
85519.090000152588 1.07739890
85519.409999847412 1.05367315
85519.729999542236 1.03413153
85520.049999237061 1.05881822
85520.370000839233 1.00256085
85520.690000534058 0.979386091
85521.010000228882 1.00504160
85521.329999923706 1.05377853
85521.649999618530 1.00472772
85521.969999313354 1.05750155
85522.290000915527 1.01655996
85522.610000610352 1.01832485
85522.930000305176 1.02688956
85523.250000000000 0.997611105
85523.569999694824 0.990912735
85523.889999389648 0.980984330
85524.209999084473 0.976192117
85524.530000686646 1.03007543
85524.850000381470 1.02701080
85525.170000076294 0.983844936
85525.489999771118 0.985658169
85525.809999465942 0.994448125
85526.129999160767 0.991028607
85526.450000762939 0.990047753
85526.770000457764 0.962468863
85527.090000152588 0.996774197
85527.409999847412 1.00299561
85527.729999542236 0.984460831
85528.049999237061 1.00655627
85528.370000839233 1.01279342
85528.690000534058 0.999394178
85529.010000228882 0.973819673
85529.329999923706 0.987210333
85529.649999618530 0.945844233
85529.969999313354 0.921240091
85530.290000915527 0.927445352
85530.610000610352 0.971256733
85530.930000305176 0.962057114
85531.250000000000 1.04025912
85531.569999694824 0.970332265
85531.889999389648 0.943129957
85532.209999084473 0.941664994
85532.529998779297 0.995596051
85532.849998474121 0.974739552
85533.169998168945 0.937948108
85533.490001678467 0.957181215
85533.810001373291 0.945399344
85534.130001068115 0.957592726
85534.450000762939 0.961116135
85534.770000457764 0.974923313
85535.090000152588 0.950016558
85535.409999847412 0.977400482
85535.729999542236 0.985427439
85536.049999237061 0.968560874
85536.369998931885 0.942396164
85536.689998626709 0.986874223
85537.009998321533 1.00231004
85537.330001831055 1.00010157
85537.650001525879 0.915582776
85537.970001220703 0.938266695
85538.290000915527 0.928246260
85538.610000610352 1.01598084
85538.930000305176 0.959681690
85539.250000000000 0.975955606
85539.569999694824 0.887408376
85539.889999389648 0.956770301
85540.209999084473 0.925977170
85540.529998779297 0.993803263
85540.849998474121 0.945514321
85541.169998168945 0.974117935
85541.490001678467 0.938516438
85541.810001373291 0.917038023
85542.130001068115 0.948562026
85542.450000762939 0.970078826
85542.770000457764 0.961560369
85543.090000152588 0.970003963
85543.409999847412 0.983143568
85543.729999542236 0.959697247
85544.049999237061 0.950227141
85544.369998931885 0.967981875
85544.689998626709 1.04279876
85545.009998321533 1.03732991
85545.330001831055 0.998263478
85545.650001525879 0.993005097
85545.970001220703 0.955118299
85546.290000915527 0.933143139
85546.610000610352 0.975068331
85546.939998626709 0.978378236
85547.259998321533 0.954031646
85547.580001831055 0.959794760
85547.900001525879 1.00292718
85548.220001220703 1.03678071
85548.540000915527 0.997687221
85548.860000610352 0.986023784
85549.180000305176 1.00845277
85549.500000000000 0.962504208
85549.819999694824 0.898890138
85550.139999389648 0.958927214
85550.459999084473 0.929130852
85550.779998779297 0.972451568
85551.099998474121 1.04934394
85551.419998168945 1.06696188
85551.740001678467 1.03529429
85552.060001373291 1.00320804
85552.380001068115 1.03340900
85552.700000762939 1.03079665
85553.020000457764 0.965303123
85553.340000152588 0.969321847
85553.659999847412 0.978679836
85553.979999542236 0.985037148
85554.299999237061 0.954600036
85554.619998931885 0.946198106
85554.939998626709 1.00043011
85555.259998321533 1.04588568
85555.580001831055 0.964350343
85555.900001525879 0.936931908
85556.220001220703 0.991192937
85556.540000915527 0.991178095
85556.860000610352 1.01856601
85557.180000305176 1.00666404
85557.500000000000 0.931732774
85557.819999694824 0.975667715
85558.139999389648 1.04216409
85558.459999084473 1.01363480
85558.779998779297 0.950190544
85559.099998474121 0.962884247
85559.419998168945 1.04918039
85559.740001678467 1.02915132
85560.059999998659 0.977998853
85560.379999995232 0.997722149
85560.699999988079 0.966406524
85561.019999980927 0.953862071
85561.340000033379 0.965909064
85561.659999966621 0.910504401
85561.980000019073 0.988131464
85562.299999952316 0.947288573
85562.619999885559 0.949886024
85562.940000057220 0.945114553
85563.259999990463 1.02212346
85563.579999923706 0.989989221
85563.900000095367 0.992859781
85564.219999790192 1.00261474
85564.539999961853 0.996472299
85564.860000133514 0.957149684
85565.179999828339 1.04442084
85565.500000000000 0.947301030
85565.820000171661 0.918556869
85566.139999866486 0.982915640
85566.460000038147 0.981481314
85566.780000209808 0.955365658
85567.099999904633 1.01838267
85567.420000076294 1.01335287
85567.739999771118 1.04685056
85568.060000419617 0.976711690
85568.380000114441 1.05587614
85568.699999809265 1.04778326
85569.020000457764 0.984224200
85569.340000152588 1.06704366
85569.659999847412 1.06127191
85569.979999542236 1.04757011
85570.300000190735 1.03826892
85570.619999885559 1.03894496
85570.939999580383 1.03889573
85571.260000228882 1.09369385
85571.579999923706 1.01396060
85571.899999618530 1.06746805
85572.220000267029 1.04130924
85572.539999961853 1.00914001
85572.859999656677 0.973684013
85573.180000305176 0.974650919
85573.500000000000 1.00610828
85573.819999694824 1.02476907
85574.140000343323 0.994004607
85574.460000038147 0.952798784
85574.779999732971 1.00831318
85575.100000381470 1.02747214
85575.420000076294 0.972651422
85575.739999771118 0.966656864
85576.059999465942 0.990778387
85576.379999160767 1.02194047
85576.700000762939 0.942341924
85577.020000457764 0.958535135
85577.340000152588 0.924344718
85577.659999847412 1.00150537
85577.979999542236 1.05720258
85578.299999237061 1.01693809
85578.620000839233 0.959935546
85578.940000534058 1.02677917
85579.260000228882 0.984293997
85579.579999923706 0.990817845
85579.899999618530 0.995682061
85580.219999313354 1.02100551
85580.540000915527 1.03311825
85580.860000610352 0.990120947
85581.180000305176 0.961993635
85581.500000000000 0.928938031
85581.819999694824 1.01046240
85582.139999389648 0.942114174
85582.459999084473 0.979242325
85582.780000686646 0.992159486
85583.100000381470 1.03650141
85583.420000076294 0.985166371
85583.739999771118 1.01776505
85584.059999465942 1.03341854
85584.379999160767 0.989978194
85584.700000762939 1.04364133
85585.020000457764 1.02415121
85585.340000152588 0.978490710
85585.659999847412 0.969180703
85585.979999542236 1.01461077
85586.299999237061 1.04060125
85586.620000839233 1.00489581
85586.940000534058 0.968612015
85587.260000228882 0.995036602
85587.579999923706 1.00521207
85587.899999618530 1.01939666
85588.219999313354 1.04208302
85588.540000915527 1.06304550
85588.860000610352 0.956945777
85589.180000305176 0.999549806
85589.500000000000 0.987407148
85589.819999694824 0.993733048
85590.139999389648 0.962157130
85590.459999084473 0.980816185
85590.780000686646 1.03663409
85591.100000381470 0.945263624
85591.420000076294 1.00228751
85591.739999771118 1.04808795
85592.060001373291 1.01946044
85592.380001068115 0.943906009
85592.700000762939 0.948766351
85593.020000457764 1.02986765
85593.340000152588 0.981232822
85593.659999847412 0.987959504
85593.979999542236 0.955440581
85594.299999237061 0.987423599
85594.619998931885 1.04907167
85594.939998626709 1.05460525
85595.259998321533 1.04016340
85595.580001831055 1.00574708
85595.900001525879 1.02298248
85596.220001220703 1.07240772
85596.540000915527 1.05104554
85596.860000610352 1.07215786
85597.180000305176 1.01355433
85597.500000000000 0.997425020
85597.819999694824 1.02986705
85598.139999389648 1.04145074
85598.459999084473 1.09302521
85598.779998779297 1.04672158
85599.099998474121 0.999952912
85599.419998168945 1.03269732
85599.740001678467 1.05567276
85600.060001373291 1.01772475
85600.380001068115 1.00999737
85600.700000762939 1.04495955
85601.020000457764 1.02247691
85601.340000152588 1.05219197
85601.659999847412 1.00906646
85601.979999542236 1.02627897
85602.299999237061 1.01300132
85602.619998931885 1.00002992
85602.939998626709 1.00457954
85603.259998321533 1.02899826
85603.580001831055 1.00835311
85603.900001525879 1.08666480
85604.220001220703 1.13254094
85604.540000915527 1.12154722
85604.860000610352 1.02719200
85605.180000305176 1.05131757
85605.500000000000 1.00638413
85605.819999694824 0.996776998
85606.139999389648 0.974896967
85606.459999084473 0.952631772
85606.779998779297 0.991361320
85607.099998474121 1.03724706
85607.419998168945 0.926984727
85607.740001678467 0.880531847
85608.060001373291 0.924004316
85608.380001068115 0.896258175
85608.700000762939 0.911261678
85609.020000457764 0.894163609
85609.340000152588 0.972498715
85609.659999847412 0.927964091
85609.979999542236 1.02638137
85610.299999237061 0.999617279
85610.619998931885 0.944760680
85610.939998626709 0.954968810
85611.259998321533 0.999475956
85611.580001831055 0.912655473
85611.900001525879 0.962001622
85612.220001220703 0.966259122
85612.540000915527 0.986997426
85612.860000610352 0.919189215
85613.180000305176 0.956070304
85613.500000000000 0.914183378
85613.819999694824 0.933168471
85614.139999389648 0.891733766
85614.459999084473 0.929673374
85614.779998779297 0.936326027
85615.099998474121 0.985066414
85615.419998168945 0.929133356
85615.740001678467 0.909630239
85616.060001373291 0.841612339
85616.380001068115 0.836113155
85616.700000762939 0.892453790
85617.020000457764 0.960526347
85617.340000152588 0.945653796
85617.659999847412 0.926297307
85617.979999542236 0.904032230
85618.299999237061 0.951959193
85618.619998931885 0.912223458
85618.939998626709 0.919051051
85619.259998321533 0.929992795
85619.580001831055 0.969541669
85619.900001525879 0.938953400
85620.219999998808 0.911757410
85620.540000021458 0.887744486
85620.860000014305 0.951749861
85621.179999947548 0.962737560
85621.500000000000 0.926335335
85621.820000052452 1.02022457
85622.140000104904 0.918486178
85622.460000038147 0.965419054
85622.779999971390 0.956126928
85623.099999904633 0.942191541
85623.420000076294 0.916270316
85623.740000009537 0.865188897
85624.059999942780 0.911748111
85624.380000114441 0.920532882
85624.699999809265 0.836567104
85625.019999980927 0.921456993
85625.340000152588 0.950242460
85625.659999847412 0.908677280
85625.980000019073 0.927967429
85626.300000190735 0.970566154
85626.619999885559 0.915461183
85626.940000057220 0.966893375
85627.260000228882 0.953844786
85627.579999923706 0.935785055
85627.900000095367 0.938446999
85628.220000267029 0.928692579
85628.539999961853 0.842162251
85628.859999656677 0.946190953
85629.180000305176 0.892702103
85629.500000000000 0.886033118
85629.819999694824 0.910216808
85630.140000343323 0.868584573
85630.460000038147 0.875374675
85630.779999732971 0.839365900
85631.100000381470 0.818277597
85631.420000076294 0.816894352
85631.739999771118 0.850598812
85632.060000419617 0.885779083
85632.380000114441 0.907918870
85632.699999809265 0.919813097
85633.020000457764 0.934179485
85633.340000152588 0.843422472
85633.659999847412 0.880830646
85633.979999542236 0.872317255
85634.300000190735 0.907956898
85634.619999885559 0.933319628
85634.939999580383 0.880349696
85635.260000228882 0.912310183
85635.579999923706 0.880229473
85635.899999618530 0.952499390
85636.219999313354 0.972143054
85636.540000915527 0.953756273
85636.860000610352 0.924759567
85637.180000305176 0.946633697
85637.500000000000 0.925006151
85637.819999694824 0.923251390
85638.139999389648 0.972138107
85638.459999084473 0.982388258
85638.780000686646 0.924455762
85639.100000381470 0.994541049
85639.420000076294 1.03547692
85639.739999771118 0.939783037
85640.059999465942 0.892689764
85640.379999160767 0.939819753
85640.700000762939 0.877787769
85641.020000457764 0.944734931
85641.340000152588 0.995503128
85641.659999847412 0.985659122
85641.979999542236 0.891137123
85642.299999237061 0.882355034
85642.620000839233 0.896470904
85642.940000534058 0.863155365
85643.260000228882 0.889417112
85643.579999923706 0.903499663
85643.899999618530 0.851542532
85644.219999313354 0.863411129
85644.540000915527 0.891274750
85644.860000610352 0.924078286
85645.180000305176 0.979516864
85645.500000000000 0.931077242
85645.819999694824 0.926884234
85646.139999389648 0.953042448
85646.459999084473 0.943427026
85646.780000686646 0.969166517
85647.100000381470 0.919834495
85647.420000076294 0.978632152
85647.739999771118 0.994311810
85648.059999465942 0.927355289
85648.379999160767 0.863721967
85648.700000762939 0.903782010
85649.020000457764 0.935067177
85649.340000152588 0.841383040
85649.659999847412 0.876837909
85649.979999542236 0.855326951
85650.299999237061 0.923254192
85650.620000839233 0.942924619
85650.940000534058 0.970211148
85651.260000228882 0.953847349
85651.579999923706 0.935800552
85651.899999618530 0.946200490
85652.220001220703 0.919848919
85652.540000915527 0.955261827
85652.860000610352 0.958044410
85653.180000305176 0.909151554
85653.500000000000 0.960274279
85653.819999694824 0.940178096
85654.139999389648 0.827369153
85654.459999084473 0.914048433
85654.779998779297 0.837716877
85655.099998474121 0.939540744
85655.419998168945 0.925827563
85655.740001678467 0.872680843
85656.060001373291 0.918231845
85656.380001068115 0.948424459
85656.700000762939 0.926409304
85657.020000457764 0.896989942
85657.340000152588 1.02253234
85657.659999847412 0.986348271
85657.979999542236 0.919922352
85658.299999237061 0.978029251
85658.619998931885 0.962651432
85658.939998626709 0.929549396
85659.259998321533 0.945968568
85659.580001831055 0.898349583
85659.900001525879 0.927652776
85660.220001220703 0.880164742
85660.540000915527 0.853654742
85660.860000610352 0.940626204
85661.180000305176 0.945521653
85661.500000000000 0.845963299
85661.819999694824 0.925846338
85662.139999389648 0.928194225
85662.459999084473 0.891032398
85662.779998779297 0.912286103
85663.099998474121 0.900471568
85663.419998168945 0.928676844
85663.740001678467 0.933443248
85664.060001373291 1.01492763
85664.380001068115 1.09847438
85664.700000762939 0.967251778
85665.020000457764 0.932675242
85665.340000152588 0.869332016
85665.659999847412 0.886112273
85665.979999542236 0.899079502
85666.299999237061 0.959311724
85666.619998931885 1.06233668
85666.939998626709 1.06181276
85667.259998321533 0.968078256
85667.580001831055 0.925821245
85667.900001525879 0.924532175
85668.220001220703 0.913154066
85668.540000915527 0.898125410
85668.860000610352 0.932643235
85669.180000305176 0.955373704
85669.500000000000 0.928047240
85669.819999694824 0.935084462
85670.139999389648 0.915013313
85670.459999084473 0.942577124
85670.779998779297 0.877019405
85671.099998474121 0.902021050
85671.419998168945 0.914133191
85671.740001678467 0.895826101
85672.060001373291 1.01299095
85672.380001068115 0.927316606
85672.700000762939 0.878258228
85673.020000457764 0.900182188
85673.340000152588 0.875714779
85673.659999847412 0.925266027
85673.979999542236 0.959832311
85674.299999237061 0.939494848
85674.619998931885 0.995378792
85674.939998626709 0.980083108
85675.259998321533 0.889916301
85675.580001831055 0.939027071
85675.900001525879 0.939274132
85676.220001220703 0.988957047
85676.540000915527 0.968062222
85676.860000610352 1.01766157
85677.180000305176 0.992542446
85677.500000000000 0.992147803
85677.819999694824 0.941507876
85678.139999389648 0.961500227
85678.459999084473 0.929584742
85678.779998779297 0.941480041
85679.099998474121 0.949310720
85679.419998168945 0.959060848
85679.740001678467 0.915213406
85680.059999998659 0.874040067
85680.379999995232 0.911004424
85680.699999988079 0.998951733
85681.019999980927 0.967841744
85681.340000033379 0.956937551
85681.659999966621 0.890749991
85681.980000019073 0.859421432
85682.299999952316 0.866452157
85682.619999885559 0.921691954
85682.940000057220 0.930272043
85683.259999990463 0.919018567
85683.579999923706 0.855721593
85683.900000095367 0.892659068
85684.219999790192 0.891818941
85684.539999961853 0.872635365
85684.860000133514 0.886396646
85685.179999828339 0.814233661
85685.500000000000 0.830074608
85685.820000171661 0.894654632
85686.139999866486 0.928977311
85686.460000038147 0.888848901
85686.780000209808 0.846308231
85687.099999904633 0.908849955
85687.420000076294 0.919057488
85687.739999771118 0.906705141
85688.060000419617 0.854176283
85688.380000114441 0.876103044
85688.699999809265 0.849828303
85689.020000457764 0.825617194
85689.340000152588 0.825210512
85689.659999847412 0.874422789
85689.979999542236 0.836737573
85690.300000190735 0.883596957
85690.619999885559 0.853841662
85690.939999580383 0.857925534
85691.260000228882 0.923896313
85691.579999923706 0.855799556
85691.899999618530 0.887452543
85692.220000267029 0.938186049
85692.539999961853 0.920340300
85692.859999656677 0.872499108
85693.180000305176 0.836550176
85693.500000000000 0.854568064
85693.819999694824 0.865809500
85694.140000343323 0.858690202
85694.460000038147 0.845099866
85694.779999732971 0.829528928
85695.100000381470 0.866510034
85695.420000076294 0.904958904
85695.739999771118 0.826198757
85696.059999465942 0.866771400
85696.379999160767 0.894624770
85696.700000762939 0.913194776
85697.020000457764 0.908855319
85697.340000152588 0.881129265
85697.659999847412 0.906534851
85697.979999542236 0.919128060
85698.299999237061 0.865990520
85698.620000839233 0.893326998
85698.940000534058 0.942799568
85699.260000228882 0.903832912
85699.579999923706 0.867168367
85699.899999618530 0.898063064
85700.219999313354 0.858030975
85700.540000915527 0.865272522
85700.860000610352 0.842171371
85701.180000305176 0.865509748
85701.500000000000 0.852246583
85701.819999694824 0.891774952
85702.139999389648 0.902159929
85702.459999084473 0.921741426
85702.780000686646 0.898163497
85703.100000381470 0.902527988
85703.420000076294 0.929212451
85703.739999771118 0.910026789
85704.059999465942 0.851233304
85704.379999160767 0.856300950
85704.700000762939 0.845803440
85705.020000457764 0.882366955
85705.340000152588 0.918257833
85705.659999847412 0.874796629
85705.979999542236 0.902848125
85706.299999237061 0.950147688
85706.620000839233 0.914574146
85706.940000534058 0.850576639
85707.260000228882 0.894681454
85707.579999923706 0.885110974
85707.899999618530 0.868040264
85708.219999313354 0.837692738
85708.540000915527 0.865914047
85708.860000610352 0.877473652
85709.180000305176 0.877176285
85709.500000000000 0.862740993
85709.819999694824 0.889537990
85710.139999389648 0.890947461
85710.459999084473 0.869364977
85710.780000686646 0.943816781
85711.100000381470 0.931232274
85711.420000076294 0.926274538
85711.739999771118 0.895759463
85712.060001373291 0.897583067
85712.380001068115 0.880518734
85712.700000762939 0.885134220
85713.020000457764 0.883943081
85713.340000152588 0.865524709
85713.659999847412 0.880189121
85713.979999542236 0.942639291
85714.299999237061 0.901285112
85714.619998931885 0.890731335
85714.939998626709 0.916892052
85715.259998321533 0.824779093
85715.580001831055 0.878322542
85715.900001525879 0.884690642
85716.220001220703 0.920846939
85716.540000915527 0.878274143
85716.860000610352 0.901783288
85717.180000305176 0.907878757
85717.500000000000 0.940601647
85717.819999694824 0.928662419
85718.139999389648 0.911414623
85718.459999084473 0.916903019
85718.779998779297 0.900916040
85719.099998474121 0.912940800
85719.419998168945 0.935183525
85719.740001678467 0.884955227
85720.060001373291 0.910114586
85720.380001068115 0.919443548
85720.700000762939 0.934079826
85721.020000457764 0.939374745
85721.340000152588 0.921430290
85721.659999847412 0.896505892
85721.979999542236 0.932609379
85722.299999237061 0.895414293
85722.619998931885 0.840993583
85722.939998626709 0.886290729
85723.259998321533 0.874884844
85723.580001831055 0.909118831
85723.900001525879 0.908022821
85724.220001220703 0.838153660
85724.540000915527 0.922577560
85724.860000610352 0.936092138
85725.180000305176 0.954385757
85725.500000000000 0.896632433
85725.819999694824 0.902403533
85726.139999389648 0.874351680
85726.459999084473 0.866071939
85726.779998779297 0.841798484
85727.099998474121 0.900123477
85727.419998168945 0.866818428
85727.740001678467 0.877176762
85728.060001373291 0.883074403
85728.380001068115 0.887649655
85728.700000762939 0.992758751
85729.020000457764 0.947446942
85729.340000152588 0.930455208
85729.659999847412 0.909817517
85729.979999542236 0.924662948
85730.299999237061 0.902131617
85730.619998931885 0.927820802
85730.939998626709 0.920498073
85731.259998321533 0.947076738
85731.580001831055 0.842098653
85731.900001525879 0.894536018
85732.220001220703 0.884333313
85732.540000915527 0.919029474
85732.860000610352 0.890087724
85733.180000305176 0.932757556
85733.500000000000 0.946195781
85733.819999694824 0.871312678
85734.139999389648 0.868801355
85734.459999084473 0.854351342
85734.779998779297 0.881957114
85735.099998474121 0.855856121
85735.419998168945 0.884128511
85735.740001678467 0.818445385
85736.060001373291 0.841767311
85736.380001068115 0.851655185
85736.700000762939 0.871727884
85737.020000457764 0.843897462
85737.340000152588 0.923167884
85737.659999847412 0.914560676
85737.979999542236 0.885108471
85738.299999237061 0.873177350
85738.619998931885 0.936429322
85738.939998626709 0.933948457
85739.259998321533 0.925119400
85739.580001831055 0.862578630
85739.900001525879 0.829967678
85740.219999998808 0.869506180
85740.540000021458 0.854348719
85740.860000014305 0.891990721
85741.179999947548 0.855310678
85741.500000000000 0.923284590
85741.820000052452 0.947734118
85742.140000104904 0.955878556
85742.460000038147 0.882332563
85742.779999971390 0.928554654
85743.099999904633 0.917883992
85743.420000076294 0.891039908
85743.740000009537 0.969779134
85744.059999942780 0.885589898
85744.380000114441 0.854996562
85744.699999809265 0.850865543
85745.019999980927 0.973562181
85745.340000152588 0.909402728
85745.659999847412 0.863150954
85745.980000019073 0.930615723
85746.300000190735 0.911569536
85746.619999885559 0.845353723
85746.940000057220 0.892272174
85747.260000228882 0.900111556
85747.579999923706 0.936739624
85747.900000095367 0.940857232
85748.220000267029 0.880230844
85748.539999961853 0.852130234
85748.859999656677 0.929095805
85749.180000305176 0.952810526
85749.500000000000 0.909579456
85749.819999694824 0.927651107
85750.140000343323 0.953667879
85750.460000038147 0.953063607
85750.779999732971 0.978775680
85751.100000381470 0.932976544
85751.420000076294 0.962199330
85751.739999771118 0.844756126
85752.060000419617 0.961260259
85752.380000114441 0.899817288
85752.699999809265 0.928322136
85753.020000457764 0.864993751
85753.340000152588 0.875592887
85753.659999847412 0.888351858
85753.979999542236 0.877582550
85754.300000190735 0.906734526
85754.619999885559 0.901953936
85754.939999580383 0.949354351
85755.260000228882 0.958804607
85755.579999923706 0.987584352
85755.899999618530 0.983166873
85756.219999313354 0.903038502
85756.540000915527 0.953321099
85756.860000610352 0.894749999
85757.180000305176 0.902103841
85757.500000000000 0.923066378
85757.819999694824 0.942074239
85758.139999389648 0.935991883
85758.459999084473 0.967938960
85758.780000686646 1.01014090
85759.100000381470 0.962394416
85759.420000076294 0.940006495
85759.739999771118 0.998224199
85760.059999465942 0.972851872
85760.379999160767 0.986994743
85760.700000762939 0.948670745
85761.020000457764 0.940351546
85761.340000152588 1.01828980
85761.659999847412 1.04446077
85761.979999542236 1.00088620
85762.299999237061 0.997692883
85762.620000839233 1.04970026
85762.940000534058 0.988656223
85763.260000228882 0.988621712
85763.579999923706 1.00945580
85763.899999618530 0.994503438
85764.219999313354 0.989216149
85764.540000915527 0.979041755
85764.860000610352 1.02916455
85765.180000305176 0.988794684
85765.500000000000 1.03228140
85765.819999694824 0.980808079
85766.139999389648 0.981074989
85766.459999084473 0.945757389
85766.780000686646 1.00686431
85767.100000381470 0.997421741
85767.420000076294 0.958426952
85767.739999771118 0.969179511
85768.059999465942 1.00048828
85768.379999160767 1.04870307
85768.700000762939 0.960606933
85769.020000457764 0.929708898
85769.340000152588 0.987991750
85769.659999847412 1.02386153
85769.979999542236 1.05246556
85770.299999237061 0.999097884
85770.620000839233 1.03163338
85770.940000534058 0.993159652
85771.260000228882 0.970624208
85771.579999923706 0.976154864
85771.899999618530 0.959075749
85772.220001220703 1.02895999
85772.540000915527 1.04274774
85772.860000610352 0.960066557
85773.180000305176 0.975980103
85773.500000000000 1.06035841
85773.819999694824 0.960169256
85774.139999389648 1.00797343
85774.459999084473 1.10126531
85774.779998779297 1.06458044
85775.099998474121 1.01786554
85775.419998168945 1.01488090
85775.740001678467 1.06525767
85776.060001373291 1.02689934
85776.380001068115 0.984819829
85776.700000762939 1.02064490
85777.020000457764 0.981436670
85777.340000152588 0.997531712
85777.659999847412 1.04414272
85777.979999542236 1.00690246
85778.299999237061 1.01651466
85778.619998931885 0.971007943
85778.939998626709 0.990823269
85779.259998321533 0.937859237
85779.580001831055 0.933373630
85779.900001525879 1.01835704
85780.220001220703 1.02521038
85780.540000915527 0.986888468
85780.860000610352 1.05865085
85781.180000305176 1.04834867
85781.500000000000 1.05464542
85781.819999694824 1.01412654
85782.139999389648 1.01184058
85782.459999084473 0.999799550
85782.779998779297 1.07851315
85783.099998474121 1.01259983
85783.419998168945 1.05954325
85783.740001678467 1.00247073
85784.060001373291 1.00453961
85784.380001068115 1.00285590
85784.700000762939 1.04550207
85785.020000457764 1.03086686
85785.340000152588 0.997172177
85785.659999847412 0.968862355
85785.979999542236 1.06082880
85786.299999237061 1.07297778
85786.619998931885 1.08696210
85786.939998626709 1.06386042
85787.259998321533 1.10424387
85787.580001831055 1.10834944
85787.900001525879 1.02838588
85788.220001220703 1.07099748
85788.540000915527 1.06730199
85788.860000610352 1.01356983
85789.180000305176 0.993989587
85789.500000000000 1.02917492
85789.819999694824 1.02560794
85790.139999389648 0.987723172
85790.459999084473 1.04045069
85790.779998779297 1.00008428
85791.099998474121 0.969497800
85791.419998168945 0.896817446
85791.740001678467 0.943908751
85792.060001373291 0.959976435
85792.380001068115 1.03697336
85792.700000762939 0.947851300
85793.020000457764 0.996704936
85793.340000152588 1.01019013
85793.659999847412 0.959257603
85793.979999542236 1.00742519
85794.299999237061 1.02947962
85794.619998931885 0.993448615
85794.939998626709 1.02595437
85795.259998321533 0.986162782
85795.580001831055 0.990189016
85795.900001525879 0.997171581
85796.220001220703 1.00959253
85796.540000915527 0.987973332
85796.860000610352 0.975177407
85797.180000305176 1.00225246
85797.500000000000 0.964448273
85797.819999694824 0.976188183
85798.139999389648 0.969843864
85798.459999084473 0.995682001
85798.779998779297 0.936608911
85799.099998474121 0.952014804
85799.419998168945 0.979525864
85799.740001678467 1.04524899
85800.059999998659 1.09377289
85800.379999995232 0.990064204
85800.699999988079 1.08046234
85801.019999980927 1.04115367
85801.340000033379 1.00478709
85801.659999966621 0.993087649
85801.980000019073 0.951748669
85802.299999952316 0.996076047
85802.619999885559 1.01016152
85802.940000057220 1.00877964
85803.259999990463 0.994996905
85803.579999923706 1.01121330
85803.900000095367 1.01336980
85804.219999790192 1.01107168
85804.539999961853 0.966885686
85804.860000133514 1.04261339
85805.179999828339 1.01457071
85805.500000000000 1.04630685
85805.820000171661 0.951558769
85806.139999866486 1.07559824
85806.460000038147 1.05104828
85806.780000209808 0.990813494
85807.099999904633 1.02922344
85807.420000076294 0.959410012
85807.739999771118 1.04540539
85808.060000419617 1.03342867
85808.380000114441 1.05711687
85808.699999809265 0.976167560
85809.020000457764 1.03307045
85809.340000152588 1.02919388
85809.659999847412 1.03513610
85809.979999542236 1.05886674
85810.300000190735 1.03413916
85810.619999885559 1.04800344
85810.939999580383 0.953266799
85811.260000228882 1.02647316
85811.579999923706 1.04669595
85811.899999618530 0.980959535
85812.220000267029 0.987106562
85812.539999961853 1.01136792
85812.859999656677 1.00888216
85813.180000305176 0.999185920
85813.500000000000 0.944035232
85813.819999694824 0.973437607
85814.140000343323 0.951043904
85814.460000038147 0.997150004
85814.779999732971 1.05569899
85815.100000381470 0.991802037
85815.420000076294 0.982976556
85815.739999771118 0.996707380
85816.059999465942 0.996431053
85816.379999160767 0.995287240
85816.700000762939 1.04167819
85817.020000457764 0.948163867
85817.340000152588 0.951784611
85817.659999847412 0.937506735
85817.979999542236 0.944454730
85818.299999237061 0.984515250
85818.620000839233 0.948525846
85818.940000534058 1.04073977
85819.260000228882 0.974653184
85819.579999923706 0.912970483
85819.899999618530 0.950107574
85820.219999313354 0.922276795
85820.540000915527 0.923831761
85820.860000610352 0.977956414
85821.180000305176 1.00130844
85821.500000000000 0.954660356
85821.819999694824 1.02050340
85822.139999389648 0.906923354
85822.459999084473 0.956829727
85822.780000686646 0.987789452
85823.100000381470 0.973598182
85823.420000076294 1.08580267
85823.739999771118 0.988110483
85824.059999465942 0.994987488
85824.379999160767 1.08693087
85824.700000762939 1.04537117
85825.020000457764 0.995638132
85825.340000152588 1.03447878
85825.659999847412 1.04507017
85825.979999542236 0.995106757
85826.299999237061 1.03252494
85826.620000839233 1.01814878
85826.940000534058 1.02415550
85827.260000228882 1.01554549
85827.579999923706 1.01866961
85827.899999618530 1.02147841
85828.219999313354 1.02745235
85828.540000915527 1.06785035
85828.860000610352 1.07933331
85829.180000305176 1.04345012
85829.500000000000 1.07165515
85829.819999694824 1.04701722
85830.139999389648 0.995174885
85830.459999084473 1.03937387
85830.780000686646 1.02018738
85831.100000381470 1.00789762
85831.420000076294 1.02446365
85831.739999771118 1.04172087
85832.060001373291 1.05935442
85832.380001068115 1.03883302
85832.700000762939 0.978508711
85833.020000457764 0.987848341
85833.340000152588 0.984360814
85833.659999847412 0.964805722
85833.979999542236 0.955496788
85834.299999237061 0.924457192
85834.619998931885 0.930445373
85834.939998626709 1.01040173
85835.259998321533 0.965061367
85835.580001831055 1.00174284
85835.900001525879 1.02803755
85836.220001220703 1.08601451
85836.540000915527 1.04445398
85836.860000610352 1.06399512
85837.180000305176 0.953635573
85837.500000000000 0.961837888
85837.819999694824 1.02908528
85838.139999389648 1.06405282
85838.459999084473 1.00359917
85838.779998779297 0.978111088
85839.099998474121 0.924931467
85839.419998168945 0.956028998
85839.740001678467 1.01742554
85840.060001373291 0.958747447
85840.380001068115 1.02169526
85840.700000762939 0.990914106
85841.020000457764 0.983592987
85841.340000152588 0.955064178
85841.659999847412 1.02334654
85841.979999542236 1.01451564
85842.299999237061 1.03794193
85842.619998931885 1.10622776
85842.939998626709 1.09217596
85843.259998321533 1.02548754
85843.580001831055 0.981154084
85843.900001525879 0.997834444
85844.220001220703 1.05780947
85844.540000915527 1.01646602
85844.860000610352 1.02795696
85845.180000305176 1.05025780
85845.500000000000 1.07084394
85845.819999694824 1.03788137
85846.139999389648 1.03130114
85846.459999084473 1.05799699
85846.779998779297 1.01206243
85847.099998474121 0.997142375
85847.419998168945 1.01730120
85847.740001678467 1.01725769
85848.060001373291 1.09110200
85848.380001068115 1.06171489
85848.700000762939 1.04382730
85849.020000457764 1.06642973
85849.340000152588 1.00128770
85849.659999847412 1.08229339
85849.979999542236 1.00157857
85850.299999237061 0.989554286
85850.619998931885 1.00830698
85850.939998626709 0.978211164
85851.259998321533 1.02274323
85851.580001831055 1.06460249
85851.900001525879 1.07961214
85852.220001220703 0.998560429
85852.540000915527 0.984530389
85852.860000610352 0.975367665
85853.180000305176 0.958216131
85853.500000000000 0.928791761
85853.819999694824 1.05148852
85854.139999389648 0.988052428
85854.459999084473 1.00370347
85854.779998779297 0.945626318
85855.099998474121 0.950214565
85855.419998168945 1.07151830
85855.740001678467 1.01495206
85856.060001373291 0.983809352
85856.380001068115 1.02291250
85856.700000762939 1.02635086
85857.020000457764 1.07580316
85857.340000152588 1.06976342
85857.659999847412 1.05297852
85857.979999542236 1.06621885
85858.299999237061 1.04571807
85858.619998931885 0.970368564
85858.939998626709 1.06974900
85859.259998321533 1.03703308
85859.580001831055 1.02971065
85859.900001525879 0.991416454
85860.219999998808 1.01147664
85860.540000021458 0.975852311
85860.860000014305 0.969552934
85861.179999947548 0.962156594
85861.500000000000 1.00620306
85861.820000052452 0.970929921
85862.140000104904 1.02939522
85862.460000038147 1.05748951
85862.779999971390 1.00417566
85863.099999904633 1.00467992
85863.420000076294 1.00251937
85863.740000009537 0.986393571
85864.059999942780 0.974594951
85864.380000114441 1.05128467
85864.699999809265 1.01649344
85865.019999980927 0.978289068
85865.340000152588 0.963546693
85865.659999847412 0.955073535
85865.980000019073 1.05440450
85866.300000190735 0.993846238
85866.619999885559 1.03851759
85866.940000057220 1.03699863
85867.260000228882 1.01953149
85867.579999923706 1.02990365
85867.900000095367 1.02898049
85868.220000267029 0.984761417
85868.539999961853 0.992267251
85868.859999656677 1.06738865
85869.180000305176 1.10922134
85869.500000000000 1.09751964
85869.819999694824 1.08964002
85870.140000343323 1.02958214
85870.460000038147 1.01874661
85870.779999732971 1.00825667
85871.100000381470 1.03069603
85871.420000076294 1.10830939
85871.739999771118 1.06260526
85872.060000419617 1.03166854
85872.380000114441 0.974841177
85872.699999809265 1.02590871
85873.020000457764 1.01096022
85873.340000152588 1.00114715
85873.659999847412 1.09211969
85873.979999542236 1.08302379
85874.300000190735 1.12208617
85874.619999885559 1.04398835
85874.939999580383 1.04868281
85875.260000228882 1.02459884
85875.579999923706 1.01400566
85875.899999618530 1.01827836
85876.219999313354 0.945866704
85876.540000915527 0.937124670
85876.860000610352 1.00238490
85877.180000305176 0.984270036
85877.500000000000 0.973540604
85877.819999694824 1.05785906
85878.139999389648 1.00988281
85878.459999084473 0.974611938
85878.780000686646 1.01199603
85879.100000381470 1.00580335
85879.420000076294 0.990399420
85879.739999771118 1.00733781
85880.059999465942 0.972043633
85880.379999160767 1.02594781
85880.700000762939 0.995894253
85881.020000457764 1.07163572
85881.340000152588 1.05310583
85881.659999847412 1.03079402
85881.979999542236 1.04944468
85882.299999237061 1.06890643
85882.620000839233 1.03823364
85882.940000534058 1.03138614
85883.260000228882 1.10472548
85883.579999923706 1.05095387
85883.899999618530 1.06908250
85884.219999313354 1.01175404
85884.540000915527 0.996767044
85884.860000610352 1.05877674
85885.180000305176 1.04263258
85885.500000000000 1.04080307
85885.819999694824 1.12178648
85886.139999389648 1.10121977
85886.459999084473 1.01811361
85886.780000686646 1.02784634
85887.100000381470 1.03623462
85887.420000076294 1.05297971
85887.739999771118 1.01722181
85888.059999465942 1.09782064
85888.379999160767 1.03583908
85888.700000762939 1.04886365
85889.020000457764 1.06604135
85889.340000152588 1.00452280
85889.659999847412 0.995824516
85889.979999542236 1.01189339
85890.299999237061 1.03189576
85890.620000839233 1.00319552
85890.940000534058 1.03690493
85891.260000228882 1.05392122
85891.579999923706 1.05307567
85891.899999618530 1.00842500
85892.220001220703 1.03082573
85892.540000915527 1.04849458
85892.860000610352 0.984838426
85893.180000305176 0.945115805
85893.500000000000 0.961896479
85893.819999694824 0.995827436
85894.139999389648 0.941705346
85894.459999084473 1.00325561
85894.779998779297 1.04367125
85895.099998474121 1.02227592
85895.419998168945 1.05658603
85895.740001678467 1.02576816
85896.060001373291 1.00720048
85896.380001068115 1.03520346
85896.700000762939 1.01370430
85897.020000457764 1.04313946
85897.340000152588 1.02438712
85897.659999847412 1.00554311
85897.979999542236 1.00293744
85898.299999237061 0.958673716
85898.619998931885 1.00380933
85898.939998626709 0.951861322
85899.259998321533 1.02370608
85899.580001831055 1.05267715
85899.900001525879 0.988509238
85900.220001220703 0.984455049
85900.540000915527 1.01373565
85900.860000610352 0.989646554
85901.180000305176 0.949346364
85901.500000000000 1.04875982
85901.819999694824 1.04557657
85902.139999389648 0.995864391
85902.459999084473 1.01442754
85902.779998779297 1.01695085
85903.099998474121 1.04194796
85903.419998168945 1.01739907
85903.740001678467 0.984826684
85904.060001373291 0.980977178
85904.380001068115 1.04310405
85904.700000762939 1.07373440
85905.020000457764 1.11112392
85905.340000152588 1.05741239
85905.659999847412 1.00456285
85905.979999542236 0.986131668
85906.299999237061 0.981815875
85906.619998931885 1.04286242
85906.939998626709 0.961534262
85907.259998321533 0.981892109
85907.580001831055 0.980816841
85907.900001525879 0.994287908
85908.220001220703 0.946008980
85908.540000915527 0.976859510
85908.860000610352 1.02816856
85909.180000305176 1.06995857
85909.500000000000 1.09475732
85909.819999694824 1.07373190
85910.139999389648 1.10729325
85910.459999084473 1.05984998
85910.779998779297 1.05964291
85911.099998474121 1.09419620
85911.419998168945 0.992559969
85911.740001678467 0.997274697
85912.060001373291 0.988883674
85912.380001068115 0.971591115
85912.700000762939 1.02192080
85913.020000457764 1.01913214
85913.340000152588 0.993639648
85913.659999847412 1.10405588
85913.979999542236 1.08837998
85914.299999237061 1.00692177
85914.619998931885 1.06387830
85914.939998626709 1.05872333
85915.259998321533 1.00209153
85915.580001831055 1.04564607
85915.900001525879 1.12428904
85916.220001220703 1.09225392
85916.540000915527 1.12186134
85916.860000610352 1.12144864
85917.180000305176 1.11479950
85917.500000000000 1.06770158
85917.819999694824 1.02601981
85918.139999389648 1.03966892
85918.459999084473 1.05773258
85918.779998779297 0.992781460
85919.099998474121 1.05240440
85919.419998168945 1.04558969
85919.740001678467 1.05270493
85920.059999998659 1.06031680
85920.379999995232 1.04153323
85920.699999988079 0.994446278
85921.019999980927 1.02986634
85921.340000033379 1.07014763
85921.659999966621 0.981041908
85921.980000019073 0.974186480
85922.299999952316 0.954076171
85922.619999885559 0.987360418
85922.940000057220 0.986456871
85923.259999990463 0.985149384
85923.579999923706 1.01236773
85923.900000095367 1.05852187
85924.219999790192 1.12781894
85924.539999961853 1.02447355
85924.860000133514 0.947872043
85925.179999828339 1.00750268
85925.500000000000 1.01138222
85925.820000171661 1.07168710
85926.139999866486 0.993700624
85926.460000038147 0.994738162
85926.780000209808 1.02049792
85927.099999904633 0.994902790
85927.420000076294 0.955475032
85927.739999771118 1.03635311
85928.060000419617 1.06042862
85928.380000114441 1.11061537
85928.699999809265 1.07094121
85929.020000457764 1.00054955
85929.340000152588 1.01462531
85929.659999847412 1.07436574
85929.979999542236 1.00580049
85930.300000190735 0.977285147
85930.619999885559 0.919890344
85930.939999580383 0.980306208
85931.260000228882 0.991662800
85931.579999923706 1.02131331
85931.899999618530 1.00037634
85932.220000267029 0.952102542
85932.539999961853 0.989337325
85932.859999656677 1.02818191
85933.180000305176 0.993302047
85933.500000000000 0.994105041
85933.819999694824 0.986593544
85934.140000343323 1.06136966
85934.460000038147 1.03805029
85934.779999732971 1.01237583
85935.100000381470 0.953390956
85935.420000076294 1.00920272
85935.739999771118 1.02008414
85936.059999465942 0.984072804
85936.379999160767 0.929783881
85936.700000762939 0.988825917
85937.020000457764 0.973255992
85937.340000152588 0.988446295
85937.659999847412 1.00828576
85937.979999542236 1.01265240
85938.299999237061 1.03969657
85938.620000839233 1.02742934
85938.940000534058 1.04222536
85939.260000228882 0.960913062
85939.579999923706 0.971077085
85939.899999618530 1.02745211
85940.219999313354 0.977811694
85940.540000915527 0.999718666
85940.860000610352 1.06217289
85941.180000305176 1.05187714
85941.500000000000 1.09512627
85941.819999694824 1.04913557
85942.139999389648 1.00082588
85942.459999084473 1.01482463
85942.780000686646 0.990825176
85943.100000381470 1.01571167
85943.420000076294 1.02408504
85943.739999771118 1.08900249
85944.059999465942 1.08413005
85944.379999160767 1.02947104
85944.700000762939 1.00809503
85945.020000457764 1.02475059
85945.340000152588 1.03099954
85945.659999847412 1.01665580
85945.979999542236 1.01948297
85946.299999237061 1.03404450
85946.620000839233 0.995321274
85946.940000534058 0.969233274
85947.260000228882 0.988268375
85947.579999923706 1.03265429
85947.899999618530 1.03100657
85948.219999313354 1.00256968
85948.540000915527 0.950272441
85948.860000610352 0.929177582
85949.180000305176 1.00547755
85949.500000000000 0.964994133
85949.819999694824 0.981623113
85950.139999389648 0.956508279
85950.459999084473 1.06582069
85950.780000686646 1.00247800
85951.100000381470 0.975757182
85951.420000076294 1.02907181
85951.739999771118 0.949484587
85952.060001373291 0.990266979
85952.380001068115 1.00769162
85952.700000762939 1.01269615
85953.020000457764 0.957698882
85953.340000152588 0.941133916
85953.659999847412 0.973571599
85953.979999542236 0.937278211
85954.299999237061 0.938883483
85954.619998931885 1.03255391
85954.939998626709 0.974125206
85955.259998321533 1.01072633
85955.580001831055 1.02262211
85955.900001525879 0.981406689
85956.220001220703 0.983132601
85956.540000915527 0.992678702
85956.860000610352 0.971902013
85957.180000305176 0.931238651
85957.500000000000 0.993572831
85957.819999694824 1.01323736
85958.139999389648 0.960634291
85958.459999084473 0.994466424
85958.779998779297 0.982007921
85959.099998474121 0.981353641
85959.419998168945 1.05413902
85959.740001678467 1.05138004
85960.060001373291 0.993416190
85960.380001068115 0.995139837
85960.700000762939 0.948336065
85961.020000457764 1.01259422
85961.340000152588 0.969732404
85961.659999847412 0.991593599
85961.979999542236 0.927922308
85962.299999237061 1.00607979
85962.619998931885 1.01837826
85962.939998626709 1.02818966
85963.259998321533 0.934579790
85963.580001831055 0.908055067
85963.900001525879 1.00360513
85964.220001220703 0.994907737
85964.540000915527 0.982290745
85964.860000610352 0.980741322
85965.180000305176 0.976568401
85965.500000000000 1.03907931
85965.819999694824 0.950662613
85966.139999389648 0.953914046
85966.459999084473 0.977331996
85966.779998779297 1.00781393
85967.099998474121 0.925758779
85967.419998168945 0.942324579
85967.740001678467 0.967311621
85968.060001373291 1.05216348
85968.380001068115 0.992150187
85968.700000762939 1.00226152
85969.020000457764 1.07224500
85969.340000152588 1.06139183
85969.659999847412 1.10073709
85969.979999542236 1.07367611
85970.299999237061 0.988222361
85970.619998931885 1.00696528
85970.939998626709 0.998785555
85971.259998321533 0.979382813
85971.580001831055 0.990430117
85971.900001525879 0.980510592
85972.220001220703 0.985190153
85972.540000915527 1.04847395
85972.860000610352 1.03770506
85973.180000305176 1.02978861
85973.500000000000 0.956065059
85973.819999694824 0.972811222
85974.139999389648 0.999495029
85974.459999084473 1.09215808
85974.779998779297 1.00310028
85975.099998474121 1.04587889
85975.419998168945 1.03633165
85975.740001678467 1.01022422
85976.060001373291 0.956297994
85976.380001068115 0.934002399
85976.700000762939 0.934814274
85977.020000457764 0.992276490
85977.340000152588 1.00169456
85977.659999847412 0.980340779
85977.979999542236 0.933656216
85978.299999237061 0.981204212
85978.619998931885 0.939636886
85978.939998626709 1.01517189
85979.259998321533 0.989450395
85979.580001831055 1.00557745
85979.900001525879 1.00341344
85980.219999998808 1.09028924
85980.540000021458 0.978566766
85980.860000014305 0.976466060
85981.179999947548 0.983877599
85981.500000000000 0.989349067
85981.820000052452 1.01216435
85982.140000104904 1.05646014
85982.460000038147 0.943067968
85982.779999971390 0.951525450
85983.099999904633 0.949442267
85983.420000076294 0.959313929
85983.740000009537 0.985384762
85984.059999942780 0.953254938
85984.380000114441 0.948879838
85984.699999809265 0.977638781
85985.019999980927 0.921857893
85985.340000152588 0.925975323
85985.659999847412 0.959590614
85985.980000019073 0.964843512
85986.300000190735 1.00248194
85986.619999885559 0.970887959
85986.940000057220 1.03643012
85987.260000228882 0.945488036
85987.579999923706 0.972479880
85987.900000095367 0.957451999
85988.220000267029 0.935538650
85988.539999961853 0.956469893
85988.859999656677 0.963564575
85989.180000305176 0.995404899
85989.500000000000 0.962136030
85989.819999694824 0.965156436
85990.140000343323 0.976521254
85990.460000038147 0.959778488
85990.779999732971 0.927794278
85991.100000381470 0.906968832
85991.420000076294 0.968990862
85991.739999771118 1.00559461
85992.060000419617 0.972908139
85992.380000114441 0.983238637
85992.699999809265 1.01746976
85993.020000457764 0.977891266
85993.340000152588 0.976193368
85993.659999847412 0.976169646
85993.979999542236 0.939533293
85994.300000190735 0.909826934
85994.619999885559 0.987569153
85994.939999580383 0.967659891
85995.260000228882 1.01389873
85995.579999923706 0.971236467
85995.899999618530 1.07373667
85996.219999313354 1.05075657
85996.540000915527 1.00030124
85996.860000610352 0.979737699
85997.180000305176 0.952867985
85997.500000000000 0.979244113
85997.819999694824 0.995472610
85998.139999389648 1.02202749
85998.459999084473 0.958761573
85998.780000686646 1.02680755
85999.100000381470 1.04071271
85999.420000076294 1.03094208
85999.739999771118 1.04536700
86000.059999465942 1.04639745
86000.379999160767 0.987017095
86000.700000762939 0.999187052
86001.020000457764 0.969266295
86001.340000152588 0.962094843
86001.659999847412 1.04789674
86001.979999542236 0.983886123
86002.299999237061 0.980962873
86002.620000839233 1.03801250
86002.940000534058 1.05403864
86003.260000228882 1.00189412
86003.579999923706 0.991043806
86003.899999618530 0.982448399
86004.219999313354 1.01216352
86004.540000915527 1.02478337
86004.860000610352 0.983507514
86005.180000305176 0.992801428
86005.500000000000 0.978905201
86005.819999694824 1.03461969
86006.139999389648 1.00651646
86006.459999084473 1.02075648
86006.780000686646 1.01027870
86007.100000381470 1.01167679
86007.420000076294 1.03250217
86007.739999771118 1.01543772
86008.059999465942 0.980926096
86008.379999160767 1.01245725
86008.700000762939 0.942213356
86009.020000457764 0.942312717
86009.340000152588 0.962705851
86009.659999847412 0.954610407
86009.979999542236 0.991432667
86010.299999237061 0.953107715
86010.620000839233 0.944202483
86010.940000534058 1.01994121
86011.260000228882 0.993670762
86011.579999923706 1.01068437
86011.899999618530 0.971649587
86012.220001220703 1.02863204
86012.540000915527 0.990075231
86012.860000610352 1.01048303
86013.180000305176 0.947901964
86013.500000000000 0.942047060
86013.819999694824 1.02939272
86014.139999389648 0.971182525
86014.459999084473 0.953896582
86014.779998779297 1.03737044
86015.099998474121 1.03726482
86015.419998168945 0.949570298
86015.740001678467 0.997078538
86016.060001373291 1.04646289
86016.380001068115 0.952710092
86016.700000762939 0.965580046
86017.020000457764 0.970464587
86017.340000152588 0.994787216
86017.659999847412 0.946311474
86017.979999542236 0.966656685
86018.299999237061 0.958939731
86018.619998931885 0.968150258
86018.939998626709 1.01206720
86019.259998321533 0.972563565
86019.580001831055 0.972339034
86019.900001525879 0.962453067
86020.220001220703 0.970773995
86020.540000915527 0.973545432
86020.860000610352 0.946022928
86021.180000305176 0.989449322
86021.500000000000 0.990476847
86021.819999694824 0.992329419
86022.139999389648 0.958562315
86022.459999084473 0.969660819
86022.779998779297 0.971498907
86023.099998474121 0.928205311
86023.419998168945 0.930381656
86023.740001678467 0.940837502
86024.060001373291 0.929417670
86024.380001068115 0.969260454
86024.700000762939 0.958038807
86025.020000457764 0.976447582
86025.340000152588 0.963119268
86025.659999847412 0.985618114
86025.979999542236 0.948301494
86026.299999237061 0.965179503
86026.619998931885 1.01701987
86026.939998626709 0.987799525
86027.259998321533 0.995252728
86027.580001831055 0.986523509
86027.900001525879 1.00221872
86028.220001220703 0.979325294
86028.540000915527 0.941598892
86028.860000610352 1.02234066
86029.180000305176 1.01216245
86029.500000000000 0.988724232
86029.819999694824 1.00337601
86030.139999389648 0.977347136
86030.459999084473 0.913848817
86030.779998779297 0.978101611
86031.099998474121 0.972033203
86031.419998168945 0.953319192
86031.740001678467 0.973032057
86032.060001373291 0.938762069
86032.380001068115 0.986064434
86032.700000762939 0.990627289
86033.020000457764 0.960632384
86033.340000152588 0.998058617
86033.659999847412 0.973708689
86033.979999542236 0.963953555
86034.299999237061 0.945326030
86034.619998931885 0.953838110
86034.939998626709 0.951967478
86035.259998321533 0.966743410
86035.580001831055 0.996028960
86035.900001525879 0.939802408
86036.220001220703 0.983778656
86036.540000915527 0.964684963
86036.860000610352 0.961198747
86037.180000305176 0.991131067
86037.500000000000 0.993159711
86037.819999694824 0.960189223
86038.139999389648 0.873089671
86038.459999084473 0.936582565
86038.779998779297 0.955279827
86039.099998474121 0.999459863
86039.419998168945 1.00427449
86039.740001678467 0.989881933
86040.059999998659 0.961037397
86040.379999995232 0.935973167
86040.699999988079 0.910409391
86041.019999980927 0.941282332
86041.340000033379 0.976582527
86041.659999966621 0.959303677
86041.980000019073 0.988371551
86042.299999952316 0.997629404
86042.619999885559 0.966529727
86042.940000057220 0.928370655
86043.259999990463 0.951146901
86043.579999923706 0.976675272
86043.900000095367 0.951489329
86044.219999790192 0.954095423
86044.539999961853 1.02129996
86044.860000133514 1.04683304
86045.179999828339 1.06582034
86045.500000000000 1.04786348
86045.820000171661 1.02055216
86046.139999866486 0.982503772
86046.460000038147 0.998265207
86046.780000209808 0.973060906
86047.099999904633 0.971800625
86047.420000076294 0.938357472
86047.739999771118 0.964185596
86048.060000419617 0.953208387
86048.380000114441 0.960328341
86048.699999809265 0.908738196
86049.020000457764 0.957977116
86049.340000152588 0.937758863
86049.659999847412 0.984542370
86049.979999542236 0.996568382
86050.300000190735 0.932876229
86050.619999885559 0.954920769
86050.939999580383 0.940378010
86051.260000228882 0.944743693
