85037.206999999995 1.05665600
85037.206999999995 1.05665600
85037.846000000005 0.948243380
85038.486000000004 1.00476491
85039.126000000004 1.07212210
85039.766000000003 1.09537029
85040.406000000003 1.05291033
85041.046000000002 1.24763095
85041.686000000002 0.935245335
85042.326000000001 1.08481145
85042.966000000000 1.24595487
85043.606000000000 1.04740584
85044.245999999999 0.719866812
85044.885999999999 0.764001191
85045.525999999998 0.955978692
85046.165999999997 0.968169689
85046.805999999997 0.761229753
85047.445999999996 0.765284598
85048.085999999996 0.991503060
85048.725999999995 1.00337636
85049.365999999995 1.04241848
85050.005999999994 0.908399343
85050.645999999993 0.914152443
85051.285999999993 0.965059817
85051.926000000007 1.02406836
85052.566000000006 0.994526923
85053.206000000006 0.995378792
85053.846000000005 1.04754412
85054.486000000004 0.943349600
85055.126000000004 1.00555682
85055.766000000003 1.26768076
85056.406000000003 1.13393462
85057.046000000002 1.03934240
85057.686000000002 1.00187409
85058.326000000001 0.871547282
85058.966000000000 0.947404146
85059.606000000000 0.923306882
85060.245999999999 0.935164511
85060.885999999999 1.02163053
85061.525999999998 0.904210389
85062.165999999997 1.14726043
85062.805999999997 1.04768360
85063.445999999996 1.07934391
85064.085999999996 0.795168579
85064.725999999995 0.756824851
85065.365999999995 0.878305316
85066.005999999994 0.853779972
85066.645999999993 0.925160050
85067.285999999993 0.920671880
85067.926000000007 0.889142871
85068.566000000006 0.999900758
85069.206000000006 1.02776897
85069.846000000005 1.05571723
85070.486000000004 1.01269615
85071.126000000004 0.916871369
85071.766000000003 1.01684690
85072.406000000003 0.917053640
85073.046000000002 1.17014503
85073.686000000002 0.989539027
85074.326000000001 1.11176562
85074.966000000000 0.958284020
85075.606000000000 1.13291180
85076.245999999999 1.05098951
85076.885999999999 1.04893112
85077.525999999998 0.953492880
85078.165999999997 0.901840270
85078.805999999997 0.956606984
85079.445999999996 0.965102851
85080.085999999996 0.950292826
85080.725999999995 1.04510427
85081.365999999995 1.01345003
85082.005999999994 0.933277786
85082.645999999993 1.07150400
85083.285999999993 1.19953144
85083.926000000007 1.15750408
85084.566000000006 1.00631654
85085.206000000006 1.15643394
85085.846000000005 1.05116796
85086.486000000004 1.13708055
85087.126000000004 1.14795089
85087.766000000003 1.15128267
85088.406000000003 1.11203361
85089.046000000002 1.10701609
85089.686000000002 1.13452816
85090.326000000001 1.02359891
85090.966000000000 0.974831760
85091.606000000000 0.989950716
85092.245999999999 0.928611934
85092.885999999999 0.951244891
85093.525999999998 0.869216144
85094.165999999997 1.22768664
85094.805999999997 0.955145657
85095.445999999996 1.01004553
85096.085999999996 1.20643902
85096.725999999995 1.05308127
85097.365999999995 1.04564047
85098.005999999994 0.991870403
85098.645999999993 1.04317343
85099.285999999993 0.997540712
85099.926000000007 1.12658620
85100.566000000006 0.992349267
85101.206000000006 1.14393449
85101.846000000005 1.18750608
85102.486000000004 1.01669359
85103.126000000004 1.07537091
85103.766000000003 1.02208924
85104.406000000003 0.998715580
85105.046000000002 0.907518864
85105.686000000002 1.03898990
85106.326000000001 1.00205863
85106.966000000000 0.825870335
85107.606000000000 0.997325122
85108.245999999999 1.02469587
85108.885999999999 1.09747005
85109.525999999998 1.04424477
85110.165999999997 1.04027545
85110.805999999997 1.10192978
85111.445999999996 0.974816024
85112.085999999996 0.947374880
85112.725999999995 1.02116525
85113.365999999995 1.06554985
85114.005999999994 1.00851715
85114.645999999993 0.977786839
85115.285999999993 1.14954877
85115.926000000007 1.12454796
85116.566000000006 1.21652234
85117.206000000006 1.02991796
85117.846000000005 0.993031383
85118.486000000004 1.05289292
85119.126000000004 0.780890882
85119.766000000003 0.900925875
85120.406000000003 1.00027466
85121.046000000002 0.990186751
85121.686000000002 1.04850388
85122.326000000001 0.847007573
85122.966000000000 1.16442394
85123.606000000000 1.22507966
85124.245999999999 0.992907166
85124.885999999999 0.959371746
85125.525999999998 1.04750729
85126.165999999997 0.929129004
85126.805999999997 1.14118266
85127.445999999996 1.03679478
85128.085999999996 1.00693846
85128.725999999995 1.08096302
85129.365999999995 1.07452917
85130.005999999994 1.01808238
85130.645999999993 0.987320602
85131.285999999993 1.02403605
85131.926000000007 0.912692785
85132.566000000006 0.884107292
85133.206000000006 1.02244115
85133.846000000005 0.962998033
85134.486000000004 1.12175214
85135.126000000004 0.999786437
85135.766000000003 1.04119456
85136.406000000003 0.961643755
85137.046000000002 1.23920786
85137.686000000002 0.898394585
85138.326000000001 0.811858237
85138.966000000000 0.883711517
85139.606000000000 1.04937029
85140.245999999999 1.01025820
85140.885999999999 1.05297744
85141.525999999998 1.11637020
85142.165999999997 0.881989360
85142.805999999997 1.00704384
85143.445999999996 1.00005174
85144.085999999996 0.895050764
85144.725999999995 0.931547225
85145.365999999995 0.963611782
85146.005999999994 0.993194342
85146.645999999993 0.895769835
85147.285999999993 1.18312085
85147.926000000007 1.18090570
85148.566000000006 1.11402440
85149.206000000006 1.05279970
85149.846000000005 1.04415262
85150.486000000004 1.17252016
85151.126000000004 1.04520571
85151.766000000003 1.05930853
85152.406000000003 0.977169752
85153.046000000002 1.18317246
85153.686000000002 1.13239264
85154.326000000001 1.14735091
85154.966000000000 1.12994206
85155.606000000000 0.886858881
85156.245999999999 1.06216002
85156.885999999999 1.09899616
85157.525999999998 1.01642132
85158.165999999997 0.946934044
85158.805999999997 1.05025578
85159.445999999996 0.985960662
85160.085999999996 0.947118998
85160.725999999995 0.780266881
85161.365999999995 1.05456877
85162.005999999994 0.889594734
85162.645999999993 0.784299493
85163.285999999993 0.904941976
85163.926000000007 0.819223583
85164.566000000006 0.863505960
85165.206000000006 0.858215749
85165.846000000005 0.700725079
85166.486000000004 1.03165960
85167.126000000004 1.07206726
85167.766000000003 1.07583737
85168.406000000003 0.951019585
85169.046000000002 0.814276695
85169.686000000002 0.707449198
85170.326000000001 0.707339764
85170.966000000000 0.847106099
85171.606000000000 0.780282199
85172.245999999999 0.961772025
85172.885999999999 1.02666140
85173.525999999998 0.943074346
85174.165999999997 0.977332294
85174.805999999997 0.756553769
85175.445999999996 0.813048542
85176.085999999996 0.817172766
85176.725999999995 0.870875537
85177.365999999995 0.959451139
85178.005999999994 0.994349301
85178.645999999993 0.803027809
85179.285999999993 0.741722584
85179.926000000007 0.844662428
85180.566000000006 0.910339773
85181.206000000006 1.03465402
85181.846000000005 1.02270830
85182.486000000004 0.906927645
85183.126000000004 0.925844789
85183.766000000003 0.981669188
85184.406000000003 1.09812534
85185.046000000002 0.978693485
85185.686000000002 1.06367552
85186.326000000001 1.10256755
85186.966000000000 1.16917229
85187.606000000000 1.12740445
85188.245999999999 0.968343079
85188.885999999999 0.817241013
85189.525999999998 0.864051342
85190.165999999997 0.895930290
85190.805999999997 0.966711581
85191.445999999996 1.07515430
85192.085999999996 1.04605091
85192.725999999995 1.03701770
85193.365999999995 1.01445401
85194.005999999994 0.932777703
85194.645999999993 0.888299227
85195.285999999993 0.865151763
85195.926000000007 0.659177780
85196.566000000006 0.842559099
85197.205000000002 0.932935655
85197.845000000001 0.946041167
85198.485000000001 0.975213945
85199.125000000000 1.18077838
85199.764999999999 0.993963778
85200.404999999999 0.986335278
85201.044999999998 0.974485457
85201.684999999998 1.10035539
85202.324999999997 1.07736611
85202.964999999997 1.06309628
85203.604999999996 0.978357017
85204.244999999995 1.08011985
85204.884999999995 1.10286546
85205.524999999994 1.10612500
85206.164999999994 1.00098586
85206.804999999993 1.02622104
85207.445000000007 1.08604109
85208.085000000006 1.04963481
85208.725000000006 0.843609869
85209.365000000005 1.14495659
85210.005000000005 1.08952093
85210.645000000004 0.969959855
85211.285000000003 0.972980142
85211.925000000003 0.939106524
85212.565000000002 0.851708710
85213.205000000002 0.988471925
85213.845000000001 1.05183864
85214.485000000001 0.957493603
85215.125000000000 0.978791416
85215.764999999999 0.869247377
85216.404999999999 0.940876901
85217.044999999998 1.09585238
85217.684999999998 0.979384661
85218.324999999997 1.03319955
85218.964999999997 1.00791705
85219.604999999996 1.05511498
85220.244999999995 0.955755174
85220.884999999995 0.914539099
85221.524999999994 1.00615823
85222.164999999994 1.11427712
85222.804999999993 1.09254682
85223.445000000007 1.02156258
85224.085000000006 0.993912101
85224.725000000006 0.858553171
85225.365000000005 1.13357353
85226.005000000005 0.904345095
85226.645000000004 0.726788580
85227.285000000003 0.819771588
85227.925000000003 0.815003932
85228.565000000002 0.914407313
85229.205000000002 1.03047574
85229.845000000001 1.02672422
85230.485000000001 0.983280241
85231.125000000000 1.14587271
85231.764999999999 0.859243691
85232.404999999999 0.981349826
85233.044999999998 1.06389606
85233.684999999998 1.14944780
85234.324999999997 0.994250417
85234.964999999997 0.925307214
85235.604999999996 0.902686477
85236.244999999995 0.873719335
85236.884999999995 0.862324595
85237.524999999994 0.912273526
85238.164999999994 1.04739082
85238.804999999993 1.03530169
85239.445000000007 0.892671883
85240.085000000006 0.848015487
85240.725000000006 1.03246677
85241.365000000005 1.15726650
85242.005000000005 1.09992349
85242.645000000004 1.11127341
85243.285000000003 1.07448995
85243.925000000003 1.16510057
85244.565000000002 1.00568974
85245.205000000002 1.01121938
85245.845000000001 1.02279139
85246.485000000001 1.05320311
85247.125000000000 0.842462480
85247.764999999999 0.860689223
85248.404999999999 0.881555617
85249.044999999998 0.971253872
85249.684999999998 1.00191247
85250.324999999997 1.07324970
85250.964999999997 0.923392475
85251.604999999996 0.941544950
85252.244999999995 1.11065614
85252.884999999995 1.00913835
85253.524999999994 1.23936903
85254.164999999994 0.984455645
85254.804999999993 1.16456437
85255.445000000007 1.07014561
85256.085000000006 1.03480995
85256.725000000006 1.03192043
85257.365000000005 1.03775847
85258.005000000005 0.977232337
85258.645000000004 0.907387197
85259.285000000003 1.00916016
85259.925000000003 0.909942091
85260.565000000002 1.07147467
85261.205000000002 0.961176395
85261.845000000001 1.00177693
85262.485000000001 0.821829259
85263.125000000000 0.809755623
85263.764999999999 0.844582260
85264.404999999999 0.923102260
85265.044999999998 0.965659618
85265.684999999998 0.926530063
85266.324999999997 1.06092119
85266.964999999997 1.00536656
85267.604999999996 1.00362659
85268.244999999995 1.14342582
85268.884999999995 1.05025125
85269.524999999994 0.968638361
85270.164999999994 1.00390089
85270.804999999993 1.02018642
85271.445000000007 0.931003213
85272.085000000006 1.05816793
85272.725000000006 0.974234939
85273.365000000005 1.02379858
85274.005000000005 0.879085958
85274.645000000004 0.908829391
85275.285000000003 1.01788116
85275.925000000003 0.950607181
85276.565000000002 0.994887054
85277.205000000002 1.02451932
85277.845000000001 1.17317951
85278.485000000001 1.01980495
85279.125000000000 1.04222691
85279.764999999999 0.974828362
85280.404999999999 0.923856795
85281.044999999998 1.01636374
85281.684999999998 1.03614986
85282.324999999997 1.01396859
85282.964999999997 1.12310004
85283.604999999996 1.02467728
85284.244999999995 1.06538427
85284.884999999995 1.17456782
85285.524999999994 1.15903354
85286.164999999994 1.06706440
85286.804999999993 1.11172342
85287.445000000007 0.970537186
85288.085000000006 1.10364044
85288.725000000006 1.03902483
85289.365000000005 0.743851364
85290.005000000005 0.906911850
85290.645000000004 1.04647911
85291.285000000003 1.02548540
85291.925000000003 0.856421173
85292.565000000002 0.972725868
85293.205000000002 0.868930757
85293.845000000001 0.832831502
85294.485000000001 0.915024221
85295.125000000000 0.875659525
85295.764999999999 0.850495100
85296.404999999999 0.990380406
85297.044999999998 0.866965473
85297.684999999998 0.724283576
85298.324999999997 0.961113274
85298.964999999997 1.14248455
85299.604999999996 1.18170357
85300.244999999995 1.01890337
85300.884999999995 0.919435859
85301.524999999994 0.997139633
85302.164999999994 0.951206803
85302.804999999993 0.875502229
85303.445000000007 0.911827326
85304.085000000006 0.972508430
85304.725000000006 0.928181767
85305.365000000005 1.03625858
85306.005000000005 1.07475042
85306.645000000004 0.997729063
85307.285000000003 0.986807466
85307.925000000003 1.13569283
85308.565000000002 1.05683875
85309.205000000002 1.16895068
85309.845000000001 0.892828465
85310.485000000001 0.909416676
85311.125000000000 0.935972154
85311.764999999999 0.998109460
85312.404999999999 1.05338144
85313.044999999998 1.11606717
85313.684999999998 0.938914835
85314.324999999997 0.884136558
85314.964999999997 0.945762157
85315.604999999996 1.02334344
85316.244999999995 0.859041929
85316.884999999995 1.03374553
85317.524999999994 0.992541730
85318.164999999994 0.938750744
85318.804999999993 0.936822057
85319.445000000007 0.988523424
85320.085000000006 1.14116979
85320.725000000006 1.06417215
85321.365000000005 1.05271125
85322.005000000005 0.892486811
85322.645000000004 0.980820239
85323.285000000003 0.994552612
85323.925000000003 1.00013351
85324.565000000002 0.800716519
85325.205000000002 0.806023180
85325.845000000001 0.862153411
85326.485000000001 0.856072605
85327.125000000000 0.920413077
85327.764999999999 0.855598450
85328.404999999999 1.08312535
85329.044999999998 1.08740366
85329.684999999998 0.923325658
85330.324999999997 0.820266306
85330.964999999997 1.08057439
85331.604999999996 1.15773916
85332.244999999995 0.905516744
85332.884999999995 0.929034829
85333.524999999994 1.00007737
85334.164999999994 1.08559656
85334.804999999993 1.13465583
85335.445000000007 1.14382434
85336.085000000006 0.996836662
85336.725000000006 1.01959336
85337.365000000005 0.776429057
85338.005000000005 1.01605105
85338.645000000004 1.01154649
85339.285000000003 0.954274595
85339.925000000003 1.11378372
85340.565000000002 0.960779846
85341.205000000002 0.947833359
85341.845000000001 1.04379308
85342.485000000001 1.07305849
85343.125000000000 0.941378832
85343.764999999999 1.10279453
85344.404999999999 1.04360437
85345.044999999998 1.05307734
85345.684999999998 0.936878324
85346.324999999997 1.02173579
85346.964999999997 1.08288407
85347.604999999996 1.16324914
85348.244999999995 1.14971137
85348.884999999995 0.846159220
85349.524999999994 1.07770097
85350.164999999994 1.00651383
85350.804999999993 0.987903416
85351.445000000007 1.02488601
85352.085000000006 0.971146286
85352.725000000006 0.843667150
85353.365000000005 0.953491211
85354.005000000005 0.981305838
85354.645000000004 0.961852729
85355.285000000003 0.912137866
85355.925000000003 0.908220470
85355.565000000002 1.07489920
85356.203999999998 0.628726184
85356.843999999997 0.849961936
85357.483999999997 0.982241511
85358.123999999996 1.02718306
85358.763999999996 1.03330255
85359.403999999995 1.05840087
85360.043999999994 0.990497351
85360.683999999994 1.08284664
85361.323999999993 0.884250700
85361.964000000007 0.727332532
85362.604000000007 0.827681184
85363.244000000006 0.843447268
85363.884000000005 1.04723549
85364.524000000005 0.910440683
85365.164000000004 0.815192282
85365.804000000004 0.951960623
85366.444000000003 0.929397881
85367.084000000003 1.01188874
85367.724000000002 0.980487823
85368.364000000001 0.843175173
85369.004000000001 1.05156541
85369.644000000000 0.929997325
85370.284000000000 0.999882519
85370.923999999999 1.13900030
85371.563999999998 1.03402269
85372.203999999998 1.16642880
85372.843999999997 1.00841033
85373.483999999997 0.954045653
85374.123999999996 1.11095643
85374.763999999996 1.05918086
85375.403999999995 0.929638207
85376.043999999994 1.14867687
85376.683999999994 0.889463902
85377.323999999993 0.995740592
85377.964000000007 0.967204869
85378.604000000007 1.01104307
85379.244000000006 0.835495353
85379.884000000005 1.01716197
85380.524000000005 1.05605674
85381.164000000004 1.10445499
85381.804000000004 1.14059472
85382.444000000003 0.925023198
85383.084000000003 1.07417214
85383.724000000002 1.13872302
85384.364000000001 0.813665628
85385.004000000001 1.05432522
85385.644000000000 1.02555037
85386.284000000000 0.937480569
85386.923999999999 0.985653102
85387.563999999998 0.938126981
85388.203999999998 1.12105453
85388.843999999997 1.09422112
85389.483999999997 1.15821695
85390.123999999996 1.09822011
85390.763999999996 1.08728933
85391.403999999995 0.934749663
85392.043999999994 1.24380720
85392.683999999994 0.999269664
85393.323999999993 1.05837703
85393.964000000007 1.08268464
85394.604000000007 1.15989137
85395.244000000006 0.936522007
85395.884000000005 0.849451423
85396.524000000005 1.05231702
85397.164000000004 1.00699234
85397.804000000004 0.887088418
85398.444000000003 0.983649075
85399.084000000003 0.796855509
85399.724000000002 1.11229420
85400.364000000001 1.04785156
85401.004000000001 1.08652151
85401.644000000000 0.999726295
85402.284000000000 1.06515443
85402.923999999999 1.05064762
85403.563999999998 1.09307754
85404.203999999998 1.01590574
85404.843999999997 1.11112940
85405.483999999997 1.13040841
85406.123999999996 1.06077397
85406.763999999996 1.03233492
85407.403999999995 1.16609597
85408.043999999994 0.962429702
85408.683999999994 0.891494930
85409.323999999993 1.02529824
85409.964000000007 1.01081860
85410.604000000007 1.16434216
85411.244000000006 0.881757379
85411.884000000005 0.988014579
85412.524000000005 0.998661339
85413.164000000004 0.953818500
85413.804000000004 1.13203359
85414.444000000003 0.959056258
85415.084000000003 1.06234562
85415.724000000002 0.992248714
85416.364000000001 1.05937195
85417.004000000001 0.976669133
85417.644000000000 1.00812495
85418.284000000000 0.864769399
85418.923999999999 1.00287437
85419.563999999998 0.825044513
85420.203999999998 1.00376344
85420.843999999997 0.916573048
85421.483999999997 0.984819591
85422.123999999996 1.01041067
85422.763999999996 1.02838159
85423.403999999995 1.20394552
85424.043999999994 1.03797066
85424.683999999994 0.999525130
85425.323999999993 1.11525702
85425.964000000007 1.05722117
85426.604000000007 1.11648512
85427.244000000006 1.10106993
85427.884000000005 1.21254349
85428.524000000005 1.21075416
85429.164000000004 1.09288418
85429.804000000004 1.08603489
85430.444000000003 1.23347008
85431.084000000003 0.996325135
85431.724000000002 1.01959956
85432.364000000001 1.15099192
85433.004000000001 1.12306833
85433.644000000000 1.20861006
85434.284000000000 1.21611094
85434.923999999999 1.07014275
85435.563999999998 1.12398422
85436.203999999998 1.21125114
85436.843999999997 1.06786621
85437.483999999997 1.30969906
85438.123999999996 1.03005123
85438.763999999996 1.06655157
85439.403999999995 1.13322890
85440.043999999994 1.15904355
85440.683999999994 1.35330582
85441.323999999993 1.14710104
85441.964000000007 1.11628473
85442.604000000007 1.10872781
85443.244000000006 1.14584374
85443.884000000005 1.08230972
85444.524000000005 0.942131937
85445.164000000004 1.05026400
85445.804000000004 1.13735616
85446.444000000003 0.974391818
85447.084000000003 0.938294053
85447.724000000002 1.21019030
85448.364000000001 1.05277944
85449.004000000001 0.853809834
85449.644000000000 0.828701437
85450.284000000000 0.727528811
85450.923999999999 0.922489345
85451.563999999998 0.903103888
85452.203999999998 0.949468374
85452.843999999997 0.969431579
85453.483999999997 1.00314474
85454.123999999996 0.990906835
85454.763999999996 1.13041365
85455.403999999995 0.916481376
85456.043999999994 0.948768020
85456.683999999994 0.750438750
85457.323999999993 0.732288837
85457.964000000007 0.958951831
85458.604000000007 0.996337891
85459.244000000006 0.922084928
85459.884000000005 1.06544399
85460.524000000005 1.06674027
85461.164000000004 0.904112041
85461.804000000004 1.13619184
85462.444000000003 0.988654792
85463.084000000003 0.851875246
85463.724000000002 0.864100695
85464.364000000001 1.10314584
85465.004000000001 1.14308667
85465.644000000000 1.04258490
85466.284000000000 0.989020824
85466.923999999999 1.07130420
85467.563999999998 1.07776201
85468.203999999998 0.954939663
85468.843999999997 0.978653610
85469.483999999997 1.02926278
85470.123999999996 1.14991713
85470.763999999996 1.05263269
85471.403999999995 1.16258156
85472.043999999994 1.06538367
85472.683999999994 1.09565938
85473.323999999993 1.00108528
85473.964000000007 1.05230117
85474.604000000007 1.02410829
85475.244000000006 0.978871942
85475.884000000005 0.983497620
85476.524000000005 1.08615839
85477.164000000004 0.924179375
85477.804000000004 0.951171458
85478.444000000003 1.01178718
85479.084000000003 1.03058589
85479.724000000002 1.21865094
85480.364000000001 1.16828442
85481.004000000001 1.06946290
85481.644000000000 1.07760155
85482.284000000000 0.993056595
85482.923999999999 1.17821062
85483.563999999998 1.07878745
85484.203999999998 1.04219532
85484.843999999997 0.923542738
85485.483999999997 1.05250883
85486.123999999996 1.05433226
85486.763999999996 1.00713205
85487.403999999995 1.07116663
85488.043999999994 0.908869565
85488.683999999994 1.07875121
85489.323999999993 0.982578754
85489.964000000007 0.977783859
85490.604000000007 1.02986360
85491.244000000006 0.943354189
85491.884000000005 0.963030815
85492.524000000005 0.931151152
85493.164000000004 1.16380525
85493.804000000004 0.821018875
85494.444000000003 0.945477068
85495.084000000003 0.961790740
85495.724000000002 0.861801565
85496.364000000001 1.02106631
85497.002999999997 0.985319376
85497.642999999996 1.02217662
85498.282999999996 0.935517371
85498.922999999995 0.844515204
85499.562999999995 1.00895917
85500.202999999994 0.926608682
85500.842999999993 1.03950274
85501.482999999993 0.983817756
85502.123000000007 1.03445232
85502.763000000006 0.928212821
85503.403000000006 0.843919635
85504.043000000005 0.907335818
85504.683000000005 0.879783034
85505.323000000004 0.893114746
85505.963000000003 0.888506234
85506.603000000003 1.06163335
85507.243000000002 0.761150360
85507.883000000002 1.04241192
85508.523000000001 0.861493587
85509.163000000000 1.01539636
85509.803000000000 0.972375810
85510.442999999999 0.985467255
85511.082999999999 1.04862130
85511.722999999998 1.10916460
85512.362999999998 0.915755153
85513.002999999997 0.899175048
85513.642999999996 1.16294539
85514.282999999996 1.11629212
85514.922999999995 0.981599092
85515.562999999995 1.07097268
85516.202999999994 0.937632501
85516.842999999993 0.925014615
85517.482999999993 0.762362838
85518.123000000007 0.816972315
85518.763000000006 0.806956530
85519.403000000006 0.901104867
85520.043000000005 0.970765948
85520.683000000005 0.846671641
85521.323000000004 0.854897618
85521.963000000003 0.775760055
85522.603000000003 1.11566496
85523.243000000002 0.847722471
85523.883000000002 0.910175323
85524.523000000001 0.928743124
85525.163000000000 0.775937259
85525.803000000000 0.861852229
85526.442999999999 0.975211084
85527.082999999999 1.03813756
85527.722999999998 0.940043032
85528.362999999998 1.06739950
85529.002999999997 1.14397120
85529.642999999996 1.00201261
85530.282999999996 0.900877833
85530.922999999995 0.945190847
85531.562999999995 1.03354156
85532.202999999994 1.03307104
85532.842999999993 0.978741169
85533.482999999993 0.979675233
85534.123000000007 0.984746277
85534.763000000006 0.988795400
85535.403000000006 0.943591535
85536.043000000005 1.00019801
85536.683000000005 1.01132798
85537.323000000004 1.00302768
85537.963000000003 0.990644693
85538.603000000003 1.04735291
85539.243000000002 1.02437949
85539.883000000002 0.980532169
85540.523000000001 1.13654625
85541.163000000000 1.05214012
85541.803000000000 0.990697205
85542.442999999999 1.00708663
85543.082999999999 0.824068546
85543.722999999998 0.988764048
85544.362999999998 0.976469696
85545.002999999997 0.988272369
85545.642999999996 1.08322203
85546.282999999996 1.03993261
85546.922999999995 0.968357861
85547.562999999995 1.06153166
85548.202999999994 0.963925779
85548.842999999993 1.11940944
85549.482999999993 0.856739044
85550.123000000007 1.01956105
85550.763000000006 0.974940062
85551.403000000006 1.10740650
85552.043000000005 0.923040450
85552.683000000005 0.997488558
85553.323000000004 0.929560363
85553.963000000003 0.948040783
85554.603000000003 0.878720045
85555.243000000002 0.890087008
85555.883000000002 1.10290623
85556.523000000001 0.938659847
85557.163000000000 1.09389937
85557.803000000000 0.962228417
85558.442999999999 0.962065399
85559.082999999999 0.982859433
85559.722999999998 1.07970619
85560.362999999998 1.10114884
85561.002999999997 1.00886631
85561.642999999996 0.954144597
85562.282999999996 0.960142732
85562.922999999995 1.10346127
85563.562999999995 1.11550999
85564.202999999994 1.01238143
85564.842999999993 1.08022571
85565.482999999993 1.07180524
85566.123000000007 1.12397575
85566.763000000006 1.05500221
85567.403000000006 1.02814448
85568.043000000005 1.05127192
85568.683000000005 0.998874128
85569.323000000004 0.912732244
85569.963000000003 0.764315665
85570.603000000003 0.802753150
85571.243000000002 0.957406759
85571.883000000002 0.990315974
85572.523000000001 1.05691481
85573.163000000000 1.05624247
85573.803000000000 1.16605890
85574.442999999999 1.18652284
85575.082999999999 0.984634101
85575.722999999998 0.994072616
85576.362999999998 0.968811035
85577.002999999997 0.915296555
85577.642999999996 1.06897211
85578.282999999996 1.13911259
85578.922999999995 0.986275673
85579.562999999995 0.831120372
85580.202999999994 1.03113973
85580.842999999993 1.06561971
85581.482999999993 1.01947999
85582.123000000007 1.12388706
85582.763000000006 1.07821810
85583.403000000006 1.03358209
85584.043000000005 1.05808258
85584.683000000005 1.12469983
85585.323000000004 1.10047996
85585.963000000003 1.06013632
85586.603000000003 1.06760180
85587.243000000002 1.07759881
85587.883000000002 0.971797466
85588.523000000001 1.10703850
85589.163000000000 1.17661965
85589.803000000000 1.05133486
85590.442999999999 0.944053650
85591.082999999999 1.08448267
85591.722999999998 0.967355609
85592.362999999998 1.00957489
85593.002999999997 1.07067251
85593.642999999996 1.07154858
85594.282999999996 1.12981153
85594.922999999995 1.03753865
85595.562999999995 1.07777917
85596.202999999994 1.35778463
85596.842999999993 1.20813560
85597.482999999993 1.08511913
85598.123000000007 1.04349196
85598.763000000006 1.02062702
85599.403000000006 1.12588239
85600.043000000005 1.21429074
85600.683000000005 1.05429327
85601.323000000004 1.25369489
85601.963000000003 0.868625164
85602.603000000003 1.14713550
85603.243000000002 1.04863656
85603.883000000002 0.882911265
85604.523000000001 1.15231490
85605.163000000000 1.15089893
85605.803000000000 1.06266153
85606.442999999999 1.11953139
85607.082999999999 1.10668981
85607.722999999998 1.11442077
85608.362999999998 1.15398705
85609.002999999997 1.00492799
85609.642999999996 1.01754296
85610.282999999996 0.988689065
85610.922999999995 1.04261315
85611.562999999995 0.996624231
85612.202999999994 1.20315957
85612.842999999993 1.08452249
85613.482999999993 0.997297525
85614.123000000007 1.03544998
85614.763000000006 1.18562484
85615.403000000006 1.11690521
85616.043000000005 1.12384415
85616.683000000005 1.10743785
85617.323000000004 1.06955338
85617.963000000003 1.13309276
85618.603000000003 1.12968099
85619.243000000002 1.09206474
85619.883000000002 0.963264644
85620.523000000001 1.07868481
85621.163000000000 0.945235252
85621.803000000000 0.950959325
85622.442999999999 0.744159579
85623.082999999999 0.913400710
85623.722999999998 1.04617643
85624.362999999998 0.858685195
85625.002999999997 1.03279030
85625.642999999996 0.750464380
85626.282999999996 0.987045288
85626.922999999995 1.12208712
85627.562999999995 0.949684978
85628.202999999994 1.02623856
85628.842999999993 0.979764402
85629.482999999993 0.948796093
85630.123000000007 1.07385957
85630.763000000006 1.01598704
85631.403000000006 0.966985106
85632.043000000005 0.920425475
85632.683000000005 0.940239489
85633.323000000004 0.913734198
85633.963000000003 0.683360577
85634.603000000003 0.775729716
85635.243000000002 0.805668294
85635.883000000002 0.580874503
85636.523000000001 0.699815214
85637.163000000000 0.680909038
85637.801999999996 0.558147550
85638.441999999995 0.498379409
85639.081999999995 0.589439034
85639.721999999994 0.540665150
85640.361999999994 0.456514686
85641.001999999993 0.418135434
85641.642000000007 0.419561207
85642.282000000007 0.403089345
85642.922000000006 0.437754273
85643.562000000005 0.519385397
85644.202000000005 0.416883051
85644.842000000004 0.428626716
85645.482000000004 0.445013285
85646.122000000003 0.448591262
85646.762000000002 0.427532256
85647.402000000002 0.431718737
85648.042000000001 0.481649339
85648.682000000001 0.417508483
85649.322000000000 0.422933042
85649.962000000000 0.443136036
85650.601999999999 0.529705524
85651.241999999998 0.451135993
85651.881999999998 0.328611284
85652.521999999997 0.399717748
85653.161999999997 0.308532596
85653.801999999996 0.491392255
85654.441999999995 0.428526312
85655.081999999995 0.490859807
85655.721999999994 0.365636885
85656.361999999994 0.366221011
85657.001999999993 0.358553648
85657.642000000007 0.392774671
85658.282000000007 0.331779748
85658.922000000006 0.352329940
85659.562000000005 0.357984155
85660.202000000005 0.397107899
85660.842000000004 0.485325307
85661.482000000004 0.415716738
85662.122000000003 0.403316528
85662.762000000002 0.446684182
85663.402000000002 0.298200548
85664.042000000001 0.342249453
85664.682000000001 0.395438492
85665.322000000000 0.460200399
85665.962000000000 0.421078652
85666.601999999999 0.404301137
85667.241999999998 0.460156977
85667.881999999998 0.368095934
85668.521999999997 0.405224353
85669.161999999997 0.343393087
85669.801999999996 0.388447553
85670.441999999995 0.403606176
85671.081999999995 0.390998691
85671.721999999994 0.340379447
85672.361999999994 0.356908500
85673.001999999993 0.380779624
85673.642000000007 0.411038816
85674.282000000007 0.394550800
85674.922000000006 0.414916039
85675.562000000005 0.406271100
85676.202000000005 0.419991791
85676.842000000004 0.451037526
85677.482000000004 0.272006184
85678.122000000003 0.382027984
85678.762000000002 0.298456520
85679.402000000002 0.340405524
85680.042000000001 0.260910362
85680.682000000001 0.432173669
85681.322000000000 0.342469692
85681.962000000000 0.398145497
85682.601999999999 0.274802446
85683.241999999998 0.376340896
85683.881999999998 0.393117249
85684.521999999997 0.336131632
85685.161999999997 0.377052635
85685.801999999996 0.386955351
85686.441999999995 0.388699085
85687.081999999995 0.431066602
85687.721999999994 0.317054957
85688.361999999994 0.412721157
85689.001999999993 0.238064319
85689.642000000007 0.284098685
85690.282000000007 0.394345284
85690.922000000006 0.277512699
85691.562000000005 0.343628347
85692.202000000005 0.264734268
85692.842000000004 0.372319013
85693.482000000004 0.402547449
85694.122000000003 0.442565143
85694.762000000002 0.394988298
85695.402000000002 0.346303254
85696.042000000001 0.372580618
85696.682000000001 0.453293532
85697.322000000000 0.401090175
85697.962000000000 0.286225826
85698.601999999999 0.388710380
85699.241999999998 0.350700587
85699.881999999998 0.341188908
85700.521999999997 0.422998160
85701.161999999997 0.379189670
85701.801999999996 0.409372240
85702.441999999995 0.432673544
85703.081999999995 0.411843121
85703.721999999994 0.436563313
85704.361999999994 0.381348997
85705.001999999993 0.391534597
85705.642000000007 0.461605757
85706.282000000007 0.419777066
85706.922000000006 0.400573939
85707.562000000005 0.462576479
85708.202000000005 0.355918646
85708.842000000004 0.456005991
85709.482000000004 0.425053149
85710.122000000003 0.384088218
85710.762000000002 0.356830001
85711.402000000002 0.343241096
85712.042000000001 0.443892688
85712.682000000001 0.369238883
85713.322000000000 0.445975155
85713.962000000000 0.424380571
85714.601999999999 0.427479535
85715.241999999998 0.343977690
85715.881999999998 0.378128886
85716.521999999997 0.362948269
85717.161999999997 0.397730798
85717.801999999996 0.431443691
85718.441999999995 0.394553602
85719.081999999995 0.464565665
85719.721999999994 0.329410225
85720.361999999994 0.351867169
85721.001999999993 0.356602252
85721.642000000007 0.458947539
85722.282000000007 0.307990849
85722.922000000006 0.468992174
85723.562000000005 0.475676626
85724.202000000005 0.449401438
85724.842000000004 0.354393780
85725.482000000004 0.449736774
85726.122000000003 0.382640123
85726.762000000002 0.385146439
85727.402000000002 0.370830595
85728.042000000001 0.412941664
85728.682000000001 0.422869623
85729.322000000000 0.359824002
85729.962000000000 0.371956885
85730.601999999999 0.385689229
85731.241999999998 0.422543854
85731.881999999998 0.432405144
85732.521999999997 0.435912907
85733.161999999997 0.451446921
85733.801999999996 0.336110443
85734.441999999995 0.318013221
85735.081999999995 0.359299541
85735.721999999994 0.478992790
85736.361999999994 0.361293256
85737.001999999993 0.386497766
85737.642000000007 0.394819319
85738.282000000007 0.413305551
85738.922000000006 0.413563907
85739.562000000005 0.412113816
85740.202000000005 0.350857168
85740.842000000004 0.358004034
85741.482000000004 0.428441972
85742.122000000003 0.455430776
85742.762000000002 0.502623260
85743.402000000002 0.414351285
85744.042000000001 0.391554594
85744.682000000001 0.448828071
85745.322000000000 0.477838963
85745.962000000000 0.466419965
85746.601999999999 0.447969317
85747.241999999998 0.363837898
85747.881999999998 0.370585084
85748.521999999997 0.404820532
85749.161999999997 0.390760720
85749.801999999996 0.375808895
85750.441999999995 0.392254502
85751.081999999995 0.410029203
85751.721999999994 0.437598258
85752.361999999994 0.488489598
85753.001999999993 0.472402871
85753.642000000007 0.403360993
85754.282000000007 0.410310924
85754.922000000006 0.390155554
85755.562000000005 0.441677183
85756.202000000005 0.493748456
85756.842000000004 0.363882959
85757.482000000004 0.318368226
85758.122000000003 0.400442034
85758.762000000002 0.394919693
85759.402000000002 0.370720714
85760.042000000001 0.479716003
85760.682000000001 0.362224668
85761.322000000000 0.460519254
85761.962000000000 0.447202772
85762.601999999999 0.427037507
85763.241999999998 0.501613915
85763.881999999998 0.441860884
85764.521999999997 0.483493686
85765.161999999997 0.490636945
85765.801999999996 0.426518351
85766.441999999995 0.485638946
85767.081999999995 0.476955086
85767.721999999994 0.450676382
85768.361999999994 0.439087659
85769.001999999993 0.442605227
85769.642000000007 0.482355177
85770.282000000007 0.539845943
85770.922000000006 0.476213396
85771.562000000005 0.520495594
85772.202000000005 0.593815804
85772.842000000004 0.518751860
85773.482000000004 0.491743118
85774.122000000003 0.408993959
85774.762000000002 0.621318877
85775.402000000002 0.515847623
85776.042000000001 0.685770333
85776.682000000001 0.728750229
85777.322000000000 0.586199760
85777.962000000000 0.777300835
85778.600999999995 0.771435440
85779.240999999995 0.942062080
85779.880999999994 0.831356287
85780.520999999993 0.879392803
85781.160999999993 0.886018276
85781.801000000007 0.842348754
85782.441000000006 0.926714301
85783.081000000006 0.923969746
85783.721000000005 1.03226244
85784.361000000004 0.877591550
85785.001000000004 0.907875001
85785.641000000003 1.14933252
85786.281000000003 1.09489858
85786.921000000002 1.06430173
85787.561000000002 1.04424942
85788.201000000001 0.928628266
85788.841000000000 1.05621421
85789.481000000000 1.00228834
85790.120999999999 0.997130334
85790.760999999999 0.937713683
85791.400999999998 1.11041009
85792.040999999997 1.13082826
85792.680999999997 1.11403787
85793.320999999996 1.06704950
85793.960999999996 0.984275937
85794.600999999995 1.15868676
85795.240999999995 1.18904209
85795.880999999994 1.15070844
85796.520999999993 0.943055570
85797.160999999993 1.02727830
85797.801000000007 1.33087063
85798.441000000006 1.11595511
85799.081000000006 1.18960023
85799.721000000005 1.08004010
85800.361000000004 0.978170514
85801.001000000004 1.17671013
85801.641000000003 0.977779210
85802.281000000003 1.14851105
85802.921000000002 1.23291910
85803.561000000002 1.19569790
85804.201000000001 1.06891024
85804.841000000000 0.866138995
85805.481000000000 1.05850899
85806.120999999999 0.994582832
85806.760999999999 0.821173489
85807.400999999998 1.02748895
85808.040999999997 1.10301530
85808.680999999997 1.20772922
85809.320999999996 1.02362192
85809.960999999996 1.02352333
85810.600999999995 0.920377970
85811.240999999995 1.07904267
85811.880999999994 1.05176759
85812.520999999993 0.940067947
85813.160999999993 0.794739366
85813.801000000007 0.997453988
85814.441000000006 0.770863116
85815.081000000006 0.924892485
85815.721000000005 0.969084084
85816.361000000004 0.916029036
85817.001000000004 0.504530430
85817.641000000003 1.12415648
85818.281000000003 0.866851211
85818.921000000002 1.09026229
85819.561000000002 0.698265731
85820.201000000001 0.862589300
85820.841000000000 0.917698324
85821.481000000000 1.06203187
85822.120999999999 1.24497938
85822.760999999999 1.02110386
85823.400999999998 1.06084383
85824.040999999997 1.05517495
85824.680999999997 1.04553223
85825.320999999996 0.972225070
85825.960999999996 1.09912694
85826.600999999995 1.04389966
85827.240999999995 1.00200593
85827.880999999994 0.976118207
85828.520999999993 0.967286050
85829.160999999993 0.994225681
85829.801000000007 1.15857291
85830.441000000006 1.04917288
85831.081000000006 0.947273552
85831.721000000005 0.818018317
85832.361000000004 1.01327884
85833.001000000004 1.05830038
85833.641000000003 1.12101436
85834.281000000003 1.19725513
85834.921000000002 1.13696194
85835.561000000002 0.939655483
85836.201000000001 0.923154771
85836.841000000000 1.08614838
85837.481000000000 1.07721496
85838.120999999999 1.02217829
85838.760999999999 0.972793162
85839.400999999998 0.833549321
85840.040999999997 1.10868776
85840.680999999997 0.916003525
85841.320999999996 1.20187390
85841.960999999996 0.985887229
85842.600999999995 1.00443804
85843.240999999995 1.07315576
85843.880999999994 1.04227865
85844.520999999993 1.14121115
85845.160999999993 0.686076999
85845.801000000007 1.15766108
85846.441000000006 1.01095247
85847.081000000006 0.887425184
85847.721000000005 1.03011191
85848.361000000004 1.09412134
85849.001000000004 1.09021747
85849.641000000003 1.09921610
85850.281000000003 0.928362846
85850.921000000002 1.13849258
85851.561000000002 1.14605713
85852.201000000001 1.08902431
85852.841000000000 1.02596378
85853.481000000000 0.961187243
85854.120999999999 0.954583466
85854.760999999999 0.842487633
85855.400999999998 1.00567043
85856.040999999997 1.04368901
85856.680999999997 0.904605865
85857.320999999996 0.985375583
85857.960999999996 1.07109284
85858.600999999995 0.880198956
85859.240999999995 0.938777924
85859.880999999994 1.14270806
85860.520999999993 1.10189867
85861.160999999993 0.995054483
85861.801000000007 1.19033194
85862.441000000006 1.31598759
85863.081000000006 1.08222866
85863.721000000005 1.10658300
85864.361000000004 1.07891262
85865.001000000004 1.01321495
85865.641000000003 0.806617260
85866.281000000003 1.10409963
85866.921000000002 1.02040780
85867.561000000002 1.08609807
85868.201000000001 1.06258976
85868.841000000000 0.938457787
85869.481000000000 1.12907505
85870.120999999999 0.928876877
85870.760999999999 1.13005173
85871.400999999998 0.886052608
85872.040999999997 1.03541815
85872.680999999997 0.920858622
85873.320999999996 1.10349810
85873.960999999996 1.12544477
85874.600999999995 0.987481713
85875.240999999995 0.999604702
85875.880999999994 1.15158737
85876.520999999993 0.922834039
85877.160999999993 0.827561259
85877.801000000007 0.997850418
85878.441000000006 1.05094302
85879.081000000006 1.01289284
85879.721000000005 0.894053161
85880.361000000004 1.04820645
85881.001000000004 0.993720949
85881.641000000003 0.878599524
85882.281000000003 1.17159927
85882.921000000002 1.08830547
85883.561000000002 1.18084431
85884.201000000001 1.07046437
85884.841000000000 1.11844969
85885.481000000000 0.917652071
85886.120999999999 0.861339331
85886.760999999999 1.07788360
85887.400999999998 1.00722504
85888.040999999997 0.903805912
85888.680999999997 0.881925941
85889.320999999996 0.978397548
85889.960999999996 1.05446804
85890.600999999995 1.00781000
85891.240999999995 1.03459263
85891.880999999994 0.907355726
85892.520999999993 0.954216480
85893.160999999993 1.02821302
85893.801000000007 1.04664934
85894.441000000006 1.02183247
85895.081000000006 1.01986146
85895.721000000005 0.874334157
85896.361000000004 0.919005752
85897.001000000004 1.07844007
85897.641000000003 1.07902765
85898.281000000003 1.05706275
85898.921000000002 0.905504942
85899.561000000002 0.935006022
85900.201000000001 0.826264203
85900.841000000000 0.938769877
85901.481000000000 1.10265696
85902.120999999999 0.850846052
85902.760999999999 0.953450799
85903.400999999998 0.981595218
85904.040999999997 0.970286906
85904.680999999997 0.994800389
85905.320999999996 0.980210483
85905.960999999996 0.903268039
85906.600999999995 0.962153971
85907.240999999995 0.857956111
85907.880999999994 0.844857812
85908.520999999993 1.02256405
85909.160999999993 1.00366259
85909.801000000007 0.940097809
85910.441000000006 1.05651200
85911.081000000006 0.814576864
85911.721000000005 0.967378855
85912.361000000004 1.01630652
85913.001000000004 1.04443240
85913.641000000003 0.919996738
85914.281000000003 0.912703454
85914.921000000002 1.00203168
85915.561000000002 0.715935171
85916.201000000001 1.03835762
85916.841000000000 1.10131598
85917.481000000000 0.898414671
85918.120999999999 1.03281403
85918.760999999999 1.05503380
85919.399999999994 0.900505185
85920.039999999994 1.08011281
85920.679999999993 1.12296915
85921.320000000007 0.957053125
85921.960000000006 0.943030119
85922.600000000006 1.11289406
85923.240000000005 1.05144882
85923.880000000005 1.00879741
85924.520000000004 1.00947428
85925.160000000003 0.874943137
85925.800000000003 0.925662756
85926.440000000002 0.970275044
85927.080000000002 0.939148128
85927.720000000001 1.04591393
85928.360000000001 0.935661077
85929.000000000000 1.12186074
85929.639999999999 1.00529432
85930.279999999999 1.10608256
85930.919999999998 1.00036514
85931.559999999998 0.975003541
85932.199999999997 0.889401734
85932.839999999997 0.879774570
85933.479999999996 1.13550329
85934.119999999995 0.919362068
85934.759999999995 0.991270363
85935.399999999994 1.11238086
85936.039999999994 1.01689577
85936.679999999993 1.06268132
85937.320000000007 1.09283793
85937.960000000006 0.887182713
85938.600000000006 1.07305169
85939.240000000005 0.944871604
85939.880000000005 1.01439869
85940.520000000004 0.951689541
85941.160000000003 0.959164441
85941.800000000003 0.983194411
85942.440000000002 0.973468602
85943.080000000002 0.887524188
85943.720000000001 0.869266152
85944.360000000001 0.844763458
85945.000000000000 0.914611995
85945.639999999999 0.943695247
85946.279999999999 0.923954785
85946.919999999998 0.966305792
85947.559999999998 1.01187074
85948.199999999997 0.954445839
85948.839999999997 0.900510550
85949.479999999996 0.859039366
85950.119999999995 0.966589332
85950.759999999995 0.803707123
85951.399999999994 0.760744095
85952.039999999994 0.860827506
85952.679999999993 0.835006475
85953.320000000007 0.946555614
85953.960000000006 0.938094378
85954.600000000006 0.897882938
85955.240000000005 1.01488245
85955.880000000005 0.960100293
85956.520000000004 1.10293603
85957.160000000003 0.838358700
85957.800000000003 1.05725586
85958.440000000002 1.01921082
85959.080000000002 1.00817978
85959.720000000001 0.980177104
85960.360000000001 0.926230967
85961.000000000000 0.940353036
85961.639999999999 0.979709983
85962.279999999999 0.976125360
85962.919999999998 0.727985919
85963.559999999998 0.747411788
85964.199999999997 1.04008722
85964.839999999997 1.03167391
85965.479999999996 0.992219329
85966.119999999995 1.04014981
85966.759999999995 1.04936564
85967.399999999994 1.06214273
85968.039999999994 0.946727693
85968.679999999993 0.983895242
85969.320000000007 1.09891343
85969.960000000006 1.02649474
85970.600000000006 1.04969049
85971.240000000005 1.15826356
85971.880000000005 1.12651062
85972.520000000004 1.04593205
85973.160000000003 1.06305921
85973.800000000003 1.04710245
85974.440000000002 1.08364773
85975.080000000002 1.07146287
85975.720000000001 0.815997958
85976.360000000001 0.999353409
85977.000000000000 1.04081619
85977.639999999999 0.937729061
85978.279999999999 0.958299458
85978.919999999998 1.06818497
85979.559999999998 1.06316555
85980.199999999997 1.08467472
85980.839999999997 0.919038713
85981.479999999996 1.00277734
85982.119999999995 0.786927760
85982.759999999995 0.943421006
85983.399999999994 0.948533654
85984.039999999994 0.974485219
85984.679999999993 0.860780120
85985.320000000007 1.00276029
85985.960000000006 0.836995184
85986.600000000006 0.923212469
85987.240000000005 0.911445796
85987.880000000005 1.02302122
85988.520000000004 0.902219832
85989.160000000003 0.800072730
85989.800000000003 0.892069697
85990.440000000002 0.945696056
85991.080000000002 0.865749776
85991.720000000001 1.10613906
85992.360000000001 0.868555129
85993.000000000000 0.862545907
85993.639999999999 0.920468569
85994.279999999999 0.915821612
85994.919999999998 0.874895275
85995.559999999998 0.939380646
85996.199999999997 0.855607510
85996.839999999997 0.935606539
85997.479999999996 0.882728457
85998.119999999995 0.918296576
85998.759999999995 0.866005659
85999.399999999994 0.854273617
86000.039999999994 0.891470015
86000.679999999993 0.896716356
86001.320000000007 0.984738708
86001.960000000006 0.954856932
86002.600000000006 0.979066849
86003.240000000005 0.804164946
86003.880000000005 0.877796531
86004.520000000004 0.821496964
86005.160000000003 0.866518140
86005.800000000003 0.624360561
86006.440000000002 0.641185164
86007.080000000002 0.895738602
86007.720000000001 0.825492501
86008.360000000001 0.962994576
86009.000000000000 0.971021950
86009.639999999999 0.832680702
86010.279999999999 0.845326006
86010.919999999998 0.885254323
86011.559999999998 0.962607443
86012.199999999997 0.957720459
86012.839999999997 0.936578453
86013.479999999996 0.779852092
86014.119999999995 0.847155571
86014.759999999995 0.730984449
86015.399999999994 0.976743162
86016.039999999994 0.991369009
86016.679999999993 0.972311676
86017.320000000007 0.765954971
86017.960000000006 0.897914052
86018.600000000006 0.973415732
86019.240000000005 1.10643470
86019.880000000005 0.976746798
86020.520000000004 1.08650756
86021.160000000003 1.01491559
86021.800000000003 1.01557982
86022.440000000002 0.935815156
86023.080000000002 1.05190766
86023.720000000001 0.938832223
86024.360000000001 1.02518177
86025.000000000000 0.746139288
86025.639999999999 0.984749913
86026.279999999999 0.994548142
86026.919999999998 1.05974698
86027.559999999998 0.968325555
86028.199999999997 1.09609103
86028.839999999997 0.873374343
86029.479999999996 0.914414823
86030.119999999995 1.00390458
86030.759999999995 1.01079154
86031.399999999994 1.04588509
86032.039999999994 0.950299144
86032.679999999993 0.921449065
86033.320000000007 1.06677604
86033.960000000006 1.05214381
86034.600000000006 1.08278227
86035.240000000005 0.924313068
86035.880000000005 0.979915977
86036.520000000004 1.02955449
86037.160000000003 0.973709524
86037.800000000003 1.05679691
86038.440000000002 1.18270242
86039.080000000002 1.03456128
86039.720000000001 1.26814258
86040.360000000001 1.10329843
86041.000000000000 0.953440547
86041.639999999999 0.993756533
86042.279999999999 1.11488426
86042.919999999998 1.21485627
86043.559999999998 1.16037917
86044.199999999997 1.24824405
86044.839999999997 1.08119333
86045.479999999996 1.21804690
86046.119999999995 1.18843579
86046.759999999995 1.09020567
86047.399999999994 1.10637152
86048.039999999994 1.06629384
86048.679999999993 1.28185809
86049.320000000007 1.08306599
86049.960000000006 1.20700312
86050.600000000006 0.998439491
86051.240000000005 0.962041616
86051.880000000005 0.806156158
86052.520000000004 1.00290322
86053.160000000003 0.957736492
86053.800000000003 1.00743151
86054.440000000002 0.967590690
86055.080000000002 1.08633769
86055.720000000001 1.15715253
86056.360000000001 1.02277052
86057.000000000000 1.01903415
86057.639999999999 0.925961256
86058.279999999999 1.09151268
86058.919999999998 0.850959420
86059.559999999998 1.04905164
86060.198999999993 0.978058875
86060.839000000007 1.11783183
86061.479000000007 1.08571875
86062.119000000006 1.05194807
86062.759000000005 0.978605390
86063.399000000005 1.00693119
86064.039000000004 1.16098273
86064.679000000004 0.981704891
86065.319000000003 1.09183574
86065.959000000003 1.10026836
86066.599000000002 1.07044375
86067.239000000001 0.872614145
86067.879000000001 0.870136738
86068.519000000000 0.868756056
86069.159000000000 0.979344666
86069.798999999999 1.01577544
86070.438999999998 0.848107278
86071.078999999998 0.956734717
86071.718999999997 0.954802513
86072.358999999997 0.997911990
86072.998999999996 0.925276279
86073.638999999996 0.889123976
86074.278999999995 0.766669512
86074.918999999994 1.09502244
86075.558999999994 0.850105524
86076.198999999993 1.04303336
86076.839000000007 0.972369492
86077.479000000007 0.963763654
86078.119000000006 1.04469943
86078.759000000005 0.802635193
86079.399000000005 1.04013371
86080.039000000004 1.04911447
86080.679000000004 1.00814068
86081.319000000003 0.902408779
86081.959000000003 0.920058906
86082.599000000002 0.854111969
86083.239000000001 0.990961194
86083.879000000001 0.930697918
86084.519000000000 1.03864646
86085.159000000000 0.932480514
86085.798999999999 1.00325942
86086.438999999998 0.940931439
86087.078999999998 0.942299664
86087.718999999997 0.991937995
86088.358999999997 0.923470736
86088.998999999996 1.06268620
86089.638999999996 0.695780516
86090.278999999995 1.06582987
86090.918999999994 0.996503651
86091.558999999994 1.09469211
86092.198999999993 1.10189474
86092.839000000007 0.870750725
86093.479000000007 0.854985774
86094.119000000006 0.957119763
86094.759000000005 0.987322271
86095.399000000005 1.02327847
86096.039000000004 1.04392326
86096.679000000004 0.998117030
86097.319000000003 1.07332456
86097.959000000003 0.946517229
86098.599000000002 0.969384730
86099.239000000001 0.984479606
86099.879000000001 1.09004343
86100.519000000000 1.05630803
86101.159000000000 1.03649318
86101.798999999999 0.826161861
86102.438999999998 0.952090085
86103.078999999998 0.809783816
86103.718999999997 1.04417491
86104.358999999997 1.03526843
86104.998999999996 0.880082726
86105.638999999996 0.951206505
86106.278999999995 0.811664879
86106.918999999994 1.05828393
86107.558999999994 1.03284574
86108.198999999993 0.944290698
86108.839000000007 0.905920863
86109.479000000007 1.04670703
86110.119000000006 1.14333844
86110.759000000005 0.902038872
86111.399000000005 0.850873232
86112.039000000004 0.981672525
86112.679000000004 0.942930758
86113.319000000003 0.939658463
86113.959000000003 0.858543694
86114.599000000002 0.981262386
86115.239000000001 1.10750258
86115.879000000001 1.00878692
86116.519000000000 0.845203996
86117.159000000000 1.04327190
86117.798999999999 0.922498524
86118.438999999998 1.16738605
86119.078999999998 1.26805294
86119.718999999997 1.01831710
86120.358999999997 1.03531253
86120.998999999996 1.16948605
86121.638999999996 0.937445164
86122.278999999995 0.804284751
86122.918999999994 0.822663844
86123.558999999994 1.04674006
86124.198999999993 0.994568169
86124.839000000007 0.871173799
86125.479000000007 0.857960701
86126.119000000006 0.952365696
86126.759000000005 0.991345704
86127.399000000005 0.875622392
86128.039000000004 0.807869554
86128.679000000004 1.07566953
86129.319000000003 0.975376606
86129.959000000003 1.05636775
86130.599000000002 0.938264549
86131.239000000001 0.914203823
86131.879000000001 0.927491665
86132.519000000000 0.708317339
86133.159000000000 0.967699051
86133.798999999999 1.05257118
86134.438999999998 0.977223933
86135.078999999998 1.02255368
86135.718999999997 0.911989510
86136.358999999997 1.05701184
86136.998999999996 0.957506299
86137.638999999996 0.915025234
86138.278999999995 0.960730672
86138.918999999994 0.976564109
86139.558999999994 0.850109875
86140.198999999993 0.878335178
86140.839000000007 1.02728570
86141.479000000007 1.01418948
86142.119000000006 1.05262625
86142.759000000005 0.975208700
86143.399000000005 1.03410566
86144.039000000004 0.979153872
86144.679000000004 0.968186796
86145.319000000003 0.706500053
86145.959000000003 0.954770863
86146.599000000002 0.881359220
86147.239000000001 0.968006790
86147.879000000001 0.864825308
86148.519000000000 0.845097959
86149.159000000000 0.946417272
86149.798999999999 0.743050337
86150.438999999998 0.921190500
86151.078999999998 0.957603991
86151.718999999997 1.20364642
86152.358999999997 1.02551436
86152.998999999996 0.953463137
86153.638999999996 1.20568693
86154.278999999995 1.02165782
86154.918999999994 1.08876860
86155.558999999994 0.991636336
86156.198000000004 0.812592804
86156.838000000003 1.17082298
86157.478000000003 0.699385643
86158.118000000002 0.944308221
86158.758000000002 0.997671962
86159.398000000001 1.07245851
86160.038000000000 1.09266889
86160.678000000000 0.975616336
86161.317999999999 0.947192311
86161.957999999999 1.06157517
86162.597999999998 0.972428679
86163.237999999998 0.890528679
86163.877999999997 1.03164148
86164.517999999996 0.976784408
86165.157999999996 0.967227101
86165.797999999995 1.22883761
86166.437999999995 0.924598992
86167.077999999994 1.05797362
86167.717999999993 0.926108062
86168.357999999993 0.873031020
86168.998000000007 0.783870459
86169.638000000006 0.808113098
86170.278000000006 0.771336675
86170.918000000005 1.01131523
86171.558000000005 0.985448360
86172.198000000004 1.00191343
86172.838000000003 1.22355056
86173.478000000003 1.16693306
86174.118000000002 1.10801959
86174.758000000002 1.07376122
86175.398000000001 1.09144008
86176.038000000000 1.18329501
86176.678000000000 1.21908402
86177.317999999999 1.13555515
86177.957999999999 1.11180389
86178.597999999998 1.11863613
86179.237999999998 1.00205600
86179.877999999997 1.03278875
86180.517999999996 1.15777791
86181.157999999996 0.938183665
86181.797999999995 1.04230523
86182.437999999995 1.05541599
86183.077999999994 1.16410446
86183.717999999993 1.17351496
86184.357999999993 1.05503941
86184.998000000007 0.960735500
86185.638000000006 1.04791439
86186.278000000006 1.20340228
86186.918000000005 1.11309612
86187.558000000005 1.08832049
86188.198000000004 1.02959383
86188.838000000003 1.09295642
86189.478000000003 0.995836556
86190.118000000002 1.25742912
86190.758000000002 1.12665343
86191.398000000001 1.10871649
86192.038000000000 1.04481399
86192.678000000000 1.06123066
86193.317999999999 1.04816127
86193.957999999999 1.21973062
86194.597999999998 1.14536071
86195.237999999998 1.10868871
86195.877999999997 1.15440178
86196.517999999996 0.927041292
86197.157999999996 1.23448586
86197.797999999995 1.17962742
86198.437999999995 1.02490449
86199.077999999994 1.17342401
86199.717999999993 1.09605253
86200.357999999993 0.998220265
86200.998000000007 0.937707305
86201.638000000006 0.919854999
86202.278000000006 0.938831806
86202.918000000005 0.848203301
86203.558000000005 1.05957055
86204.198000000004 1.18073618
86204.838000000003 1.17805302
86205.478000000003 1.09306872
86206.118000000002 1.15078759
86206.758000000002 1.04914153
86207.398000000001 0.972416162
86208.038000000000 1.26838219
86208.678000000000 0.987552881
86209.317999999999 1.09193790
86209.957999999999 1.19175911
86210.597999999998 1.07538640
86211.237999999998 1.07778811
86211.877999999997 1.06764889
86212.517999999996 1.06029034
86213.157999999996 0.992738724
86213.797999999995 0.837794721
86214.437999999995 0.985007823
86215.077999999994 1.11535740
86215.717999999993 0.800668657
86216.357999999993 1.13232541
86216.998000000007 0.939537168
86217.638000000006 1.01561546
86218.278000000006 1.07526064
86218.918000000005 1.00942218
86219.558000000005 0.963577867
86220.198000000004 1.11484635
86220.838000000003 1.01332319
86221.478000000003 1.12412179
86222.118000000002 0.954450369
86222.758000000002 0.987071931
86223.398000000001 1.20613599
86224.038000000000 1.08506179
86224.678000000000 1.31144333
86225.317999999999 1.06797791
86225.957999999999 1.12894750
86226.597999999998 1.04063237
86227.237999999998 0.979430914
86227.877999999997 0.977564931
86228.517999999996 1.08446741
86229.157999999996 1.07940078
86229.797999999995 1.02564538
86230.437999999995 1.02761412
86231.077999999994 0.903741241
86231.717999999993 1.02481151
86232.357999999993 0.864269793
86232.998000000007 1.09669542
86233.638000000006 0.995128810
86234.278000000006 1.01178539
86234.918000000005 1.03963792
86235.558000000005 1.04134691
86236.198000000004 0.999788523
86236.838000000003 1.05991662
86237.478000000003 1.03337467
86238.118000000002 1.02174354
86238.758000000002 1.14476752
