85430.210000000006 1.13466525
85430.369999999995 0.995506048
85430.529999999999 0.958577156
85430.690000000002 1.03179324
85430.850000000006 0.904840648
85431.009999999995 1.10986698
85431.169999999998 1.08675098
85431.330000000002 0.985800743
85431.490000000005 1.08507943
85431.649999999994 1.00304782
85431.809999999998 1.05860579
85431.970000000001 0.980627537
85432.130000000005 0.964776993
85432.289999999994 1.04128134
85432.449999999997 0.992696583
85432.610000000001 1.02959931
85432.770000000004 1.14703119
85432.929999999993 1.17769134
85433.089999999997 1.15227866
85433.250000000000 1.04149532
85433.410000000003 0.939247549
85433.570000000007 0.940290213
85433.729999999996 0.942889273
85433.889999999999 0.998460829
85434.050000000003 1.07251143
85434.210000000006 1.07704175
85434.369999999995 1.01805174
85434.529999999999 1.07754195
85434.690000000002 0.905296564
85434.850000000006 0.831718147
85435.009999999995 0.930680811
85435.169999999998 0.884207249
85435.330000000002 0.946775138
85435.490000000005 0.993518293
85435.649999999994 1.03320003
85435.809999999998 1.08975577
85435.970000000001 1.01698804
85436.130000000005 1.10629988
85436.289999999994 1.05927348
85436.449999999997 0.904364228
85436.610000000001 0.981118619
85436.770000000004 0.966681838
85436.929999999993 1.07703793
85437.089999999997 0.976772726
85437.250000000000 1.08950591
85437.410000000003 0.863537312
85437.570000000007 0.893776894
85437.729999999996 1.00178754
85437.889999999999 0.913805425
85438.050000000003 0.771165729
85438.210000000006 0.947502673
85438.369999999995 1.01566327
85438.529999999999 0.870794237
85438.690000000002 0.961261332
85438.850000000006 1.06077194
85439.009999999995 0.879516423
85439.169999999998 0.960631609
85439.330000000002 0.988679528
85439.490000000005 0.873497069
85439.649999999994 0.880774081
85439.809999999998 0.864600897
85439.970000000001 0.951636136
85440.130000000005 0.871893406
85440.289999999994 1.12496638
85440.449999999997 0.982627749
85440.610000000001 1.00591457
85440.770000000004 0.995207191
85440.929999999993 0.874412894
85441.089999999997 0.939234614
85441.250000000000 0.989261985
85441.410000000003 0.963702440
85441.570000000007 1.09173572
85441.729999999996 1.00707507
85441.889999999999 0.953794777
85442.050000000003 1.01808846
85442.210000000006 1.01689076
85442.369999999995 1.07997429
85442.529999999999 0.892569959
85442.690000000002 1.05838525
85442.850000000006 0.883615851
85443.009999999995 0.978950679
85443.169999999998 0.996294141
85443.330000000002 0.980766356
85443.490000000005 1.03233099
85443.649999999994 0.961288929
85443.809999999998 0.971173108
85443.970000000001 0.824470460
85444.130000000005 0.829286098
85444.289999999994 0.989507079
85444.449999999997 1.09365451
85444.610000000001 0.908173561
85444.770000000004 1.01262474
85444.929999999993 1.03723764
85445.089999999997 1.12355471
85445.250000000000 0.962986052
85445.410000000003 1.03790390
85445.570000000007 1.08559060
85445.729999999996 1.07746315
85445.889999999999 0.976156592
85446.050000000003 0.923890829
85446.210000000006 1.04457092
85446.369999999995 1.03429437
85446.529999999999 1.02687526
85446.690000000002 1.03491151
85446.850000000006 1.10420418
85447.009999999995 1.13019347
85447.169999999998 0.889855683
85447.330000000002 1.02417040
85447.490000000005 1.00975645
85447.649999999994 0.940543056
85447.809999999998 0.946226954
85447.970000000001 1.02656174
85448.130000000005 0.971012533
85448.289999999994 1.04430032
85448.449999999997 1.13010263
85448.610000000001 0.946538448
85448.770000000004 0.937029779
85448.929999999993 0.882710159
85449.089999999997 0.889340937
85449.250000000000 1.04340148
85449.410000000003 0.930893421
85449.570000000007 0.962623656
85449.729999999996 0.873138845
85449.889999999999 0.971594393
85450.050000000003 1.07634377
85450.210000000006 0.952036679
85450.369999999995 1.08063984
85450.529999999999 1.08839130
85450.690000000002 1.02286994
85450.850000000006 0.997232974
85451.009999999995 0.859496057
85451.169999999998 1.02891636
85451.330000000002 0.998971999
85451.490000000005 0.970937371
85451.649999999994 1.02423465
85451.809999999998 0.994419158
85451.970000000001 0.876064360
85452.130000000005 0.931071699
85452.289999999994 0.979985178
85452.449999999997 1.09956169
85452.610000000001 1.01374269
85452.770000000004 0.949495554
85452.929999999993 0.898608446
85453.089999999997 0.983056426
85453.250000000000 0.978584707
85453.410000000003 0.958893538
85453.570000000007 0.992647827
85453.729999999996 0.951868594
85453.889999999999 1.00380063
85454.050000000003 1.05474722
85454.210000000006 0.920289874
85454.369999999995 1.01703823
85454.529999999999 0.980157971
85454.690000000002 0.954070747
85454.850000000006 0.956913650
85455.009999999995 0.900644243
85455.169999999998 0.981451631
85455.330000000002 0.913855970
85455.490000000005 0.953049898
85455.649999999994 1.02024114
85455.809999999998 0.962737620
85455.970000000001 0.942591429
85456.130000000005 0.931215286
85456.289999999994 0.957455873
85456.449999999997 0.938027501
85456.610000000001 1.01416528
85456.770000000004 1.01648808
85456.929999999993 0.923833728
85457.089999999997 0.855831444
85457.250000000000 0.991176069
85457.410000000003 1.02647495
85457.570000000007 1.04583848
85457.729999999996 0.941912234
85457.889999999999 0.821037829
85458.050000000003 0.983204782
85458.210000000006 0.918653011
85458.369999999995 0.881381333
85458.529999999999 1.01059103
85458.690000000002 1.07524872
85458.850000000006 1.00465167
85459.009999999995 0.967365861
85459.169999999998 0.822034061
85459.330000000002 0.950402200
85459.490000000005 0.959075749
85459.649999999994 0.978728235
85459.809999999998 1.00038254
85459.970000000001 0.863766968
85460.130000000005 0.895516753
85460.289999999994 1.11959851
85460.449999999997 1.06952906
85460.610000000001 1.02241921
85460.770000000004 0.981604993
85460.929999999993 1.02252030
85461.089999999997 1.05852413
85461.250000000000 0.962986529
85461.410000000003 0.927241385
85461.570000000007 1.04776001
85461.729999999996 0.988350511
85461.889999999999 1.01426136
85462.050000000003 1.00424314
85462.210000000006 1.05592012
85462.369999999995 0.954591930
85462.529999999999 0.934862733
85462.690000000002 1.00318992
85462.850000000006 0.932746708
85463.009999999995 0.905545592
85463.169999999998 0.850322068
85463.330000000002 0.866625130
85463.490000000005 1.03738379
85463.649999999994 1.02076864
85463.809999999998 0.836362422
85463.970000000001 0.929028809
85464.130000000005 0.977771163
85464.289999999994 1.04722393
85464.449999999997 0.960362315
85464.610000000001 1.00381625
85464.770000000004 0.906139851
85464.929999999993 1.05178738
85465.089999999997 0.917685986
85465.250000000000 0.969526649
85465.410000000003 0.891507626
85465.570000000007 0.972614646
85465.729999999996 0.915768325
85465.889999999999 0.985493481
85466.050000000003 0.944207489
85466.210000000006 1.01929677
85466.369999999995 0.836869121
85466.529999999999 0.845771790
85466.690000000002 0.925851882
85466.850000000006 0.965700805
85467.009999999995 0.942937374
85467.169999999998 0.984198749
85467.330000000002 0.934167862
85467.490000000005 0.942064762
85467.649999999994 0.933453321
85467.809999999998 1.03145027
85467.970000000001 0.956790030
85468.130000000005 0.989580989
85468.289999999994 0.934863389
85468.449999999997 0.912412047
85468.610000000001 1.03167272
85468.770000000004 1.03188133
85468.929999999993 1.00414157
85469.089999999997 0.985394120
85469.250000000000 0.963705301
85469.410000000003 1.04540300
85469.570000000007 0.875382006
85469.729999999996 1.08657253
85469.889999999999 0.883116603
85470.050000000003 0.849883974
85470.210000000006 0.979157031
85470.369999999995 1.08156788
85470.529999999999 1.05373466
85470.690000000002 1.12418687
85470.850000000006 1.07275677
85471.009999999995 0.945804894
85471.169999999998 1.01762068
85471.330000000002 1.01179445
85471.490000000005 1.02349317
85471.649999999994 1.02103901
85471.809999999998 1.04986167
85471.970000000001 1.12707603
85472.130000000005 0.963488758
85472.289999999994 1.04074979
85472.449999999997 1.09906018
85472.610000000001 1.08402824
85472.770000000004 1.17817724
85472.929999999993 1.01233375
85473.089999999997 1.01456189
85473.250000000000 0.865680039
85473.410000000003 1.02875531
85473.570000000007 0.994706988
85473.729999999996 0.856960356
85473.889999999999 0.943377197
85474.050000000003 1.01033497
85474.210000000006 1.00735319
85474.369999999995 1.10521626
85474.529999999999 1.14525080
85474.690000000002 1.07032645
85474.850000000006 1.00795829
85475.009999999995 1.15467608
85475.169999999998 1.08200407
85475.330000000002 1.06257427
85475.490000000005 1.03502285
85475.649999999994 1.01728392
85475.809999999998 0.998650312
85475.970000000001 0.962972045
85476.130000000005 0.982304037
85476.289999999994 1.07393956
85476.449999999997 0.962581456
85476.610000000001 1.11642730
85476.770000000004 0.972776175
85476.929999999993 1.12324131
85477.089999999997 1.14011550
85477.250000000000 0.979951620
85477.410000000003 1.18333864
85477.570000000007 0.986614466
85477.729999999996 0.927808642
85477.889999999999 0.910408497
85478.050000000003 0.968347728
85478.210000000006 0.883574426
85478.369999999995 0.874877095
85478.529999999999 0.932312310
85478.690000000002 1.04998827
85478.850000000006 1.07825887
85479.009999999995 1.02699995
85479.169999999998 1.14890051
85479.330000000002 1.06329644
85479.490000000005 1.03803957
85479.649999999994 0.949480176
85479.809999999998 0.954428136
85479.970000000001 1.05525231
85480.130000000005 1.00913608
85480.289999999994 1.09697127
85480.449999999997 1.16726005
85480.610000000001 1.11337698
85480.770000000004 1.07698214
85480.929999999993 1.08351934
85481.089999999997 0.967361629
85481.250000000000 0.862773180
85481.410000000003 0.996320426
85481.570000000007 0.873047709
85481.729999999996 0.984996617
85481.889999999999 1.14068055
85482.050000000003 1.04938459
85482.210000000006 1.07174492
85482.369999999995 1.08256376
85482.529999999999 1.11538577
85482.690000000002 0.921998322
85482.850000000006 0.860650003
85483.009999999995 0.891197205
85483.169999999998 0.915495157
85483.330000000002 0.908877909
85483.490000000005 1.06164503
85483.649999999994 1.06343412
85483.809999999998 0.865433216
85483.970000000001 0.849753559
85484.130000000005 1.13324583
85484.289999999994 1.11547792
85484.449999999997 1.03314793
85484.610000000001 1.07827640
85484.770000000004 1.07270217
85484.929999999993 1.10826206
85485.089999999997 0.936744988
85485.250000000000 1.06746089
85485.410000000003 1.04076970
85485.570000000007 0.978580534
85485.729999999996 1.08307958
85485.889999999999 1.14320028
85486.050000000003 1.09151292
85486.210000000006 1.14250815
85486.369999999995 1.07335508
85486.529999999999 0.982986450
85486.690000000002 0.977907360
85486.850000000006 1.02206051
85487.009999999995 1.01223111
85487.169999999998 0.929081738
85487.330000000002 1.00799739
85487.490000000005 0.969455838
85487.649999999994 1.04068220
85487.809999999998 1.08364809
85487.970000000001 1.09745419
85488.130000000005 1.04219389
85488.289999999994 1.01600301
85488.449999999997 1.06365311
85488.610000000001 1.03868854
85488.770000000004 0.975185215
85488.929999999993 1.04088521
85489.089999999997 1.06501043
85489.250000000000 0.998751700
85489.410000000003 1.15817189
85489.570000000007 1.17711627
85489.729999999996 1.00348759
85489.889999999999 1.04273343
85490.050000000003 1.16554022
85490.210000000006 0.977180719
85490.369999999995 1.08618736
85490.529999999999 1.03011656
85490.690000000002 0.990547955
85490.850000000006 1.15869701
85491.009999999995 0.985906899
85491.169999999998 1.02608418
85491.330000000002 1.00333345
85491.490000000005 1.04504943
85491.649999999994 1.00224769
85491.809999999998 1.02254367
85491.970000000001 1.00286174
85492.130000000005 1.14145839
85492.289999999994 1.01900947
85492.449999999997 1.11527979
85492.610000000001 1.11931419
85492.770000000004 1.06197751
85492.929999999993 0.945530832
85493.089999999997 0.931514502
85493.250000000000 0.962511003
85493.410000000003 0.995132327
85493.570000000007 1.02744615
85493.729999999996 0.898411810
85493.889999999999 0.959964752
85494.050000000003 0.977114677
85494.210000000006 0.990696073
85494.369999999995 1.09885693
85494.529999999999 1.03720891
85494.690000000002 0.987888932
85494.850000000006 0.966572762
85495.009999999995 1.03638947
85495.169999999998 0.993399799
85495.330000000002 0.971810579
85495.490000000005 0.894631863
85495.649999999994 0.881704748
85495.809999999998 0.955899239
85495.970000000001 0.967538953
85496.130000000005 1.13641274
85496.289999999994 0.997151911
85496.449999999997 0.975611448
85496.610000000001 1.04840457
85496.770000000004 1.11899149
85496.929999999993 1.07548702
85497.089999999997 1.00419629
85497.250000000000 1.05044448
85497.410000000003 0.948387146
85497.570000000007 0.894472837
85497.729999999996 0.966942191
85497.889999999999 0.918366730
85498.050000000003 1.06431055
85498.210000000006 1.07668865
85498.369999999995 1.05769205
85498.529999999999 1.08335447
85498.690000000002 1.07645726
85498.850000000006 1.17788875
85499.009999999995 1.01263273
85499.169999999998 1.00203228
85499.330000000002 0.926305830
85499.490000000005 1.02407813
85499.649999999994 1.03812110
85499.809999999998 0.907257378
85499.970000000001 0.943702757
85500.130000000005 0.996640265
85500.289999999994 0.977436006
85500.449999999997 1.00423503
85500.610000000001 0.859441102
85500.770000000004 0.902185440
85500.929999999993 1.07204628
85501.089999999997 1.04304600
85501.250000000000 1.08499026
85501.410000000003 0.973539889
85501.570000000007 1.07354033
85501.729999999996 1.04308045
85501.889999999999 1.11730540
85502.050000000003 1.07101071
85502.210000000006 1.20160437
85502.369999999995 1.10551524
85502.529999999999 1.08697093
85502.690000000002 1.06709886
85502.850000000006 1.16803002
85503.009999999995 1.09639466
85503.169999999998 1.17215788
85503.330000000002 1.19084537
85503.490000000005 1.19050574
85503.649999999994 1.20045340
85503.809999999998 1.10760188
85503.970000000001 1.10130227
85504.130000000005 1.11831415
85504.289999999994 1.02352488
85504.449999999997 1.26327944
85504.610000000001 1.21625578
85504.770000000004 1.21996689
85504.929999999993 1.25273812
85505.089999999997 1.24064386
85505.250000000000 1.06675923
85505.410000000003 1.01114523
85505.570000000007 1.03570640
85505.729999999996 1.04973376
85505.889999999999 1.04623497
85506.050000000003 1.01384377
85506.210000000006 1.09143531
85506.369999999995 0.995448291
85506.529999999999 1.01027393
85506.690000000002 1.01972044
85506.850000000006 1.00633907
85507.009999999995 0.813117743
85507.169999999998 0.991345227
85507.330000000002 1.01695561
85507.490000000005 0.996389031
85507.649999999994 0.928303540
85507.809999999998 0.972303987
85507.970000000001 1.06267571
85508.130000000005 0.969653189
85508.289999999994 1.04694963
85508.449999999997 0.937171221
85508.610000000001 0.935210466
85508.770000000004 1.12310123
85508.929999999993 1.00010383
85509.089999999997 1.05274427
85509.250000000000 0.999346435
85509.410000000003 0.954406857
85509.570000000007 1.01227725
85509.729999999996 1.10237539
85509.889999999999 0.974862456
85510.050000000003 0.979673743
85510.210000000006 1.02937293
85510.369999999995 1.04772043
85510.529999999999 0.945666611
85510.690000000002 1.01690471
85510.850000000006 1.16146910
85511.009999999995 1.11977935
85511.169999999998 1.09260273
85511.330000000002 1.14175105
85511.490000000005 1.09543049
85511.649999999994 1.06223190
85511.809999999998 0.947524607
85511.970000000001 1.04262722
85512.130000000005 1.14607811
85512.289999999994 0.916382909
85512.449999999997 1.05536652
85512.610000000001 1.15635717
85512.770000000004 0.959875286
85512.929999999993 1.00053334
85513.089999999997 1.11069465
85513.250000000000 1.00713623
85513.410000000003 0.907345116
85513.570000000007 1.01944661
85513.729999999996 1.02333808
85513.889999999999 1.00029051
85514.050000000003 0.974175572
85514.210000000006 0.992569387
85514.369999999995 1.06455112
85514.529999999999 1.01250339
85514.690000000002 1.09897435
85514.850000000006 1.03840113
85515.009999999995 0.982775033
85515.169999999998 0.997901022
85515.330000000002 1.03528965
85515.490000000005 1.03307796
85515.649999999994 1.07143962
85515.809999999998 1.13945222
85515.970000000001 1.00915170
85516.130000000005 1.01569831
85516.289999999994 1.01749265
85516.449999999997 1.04549909
85516.610000000001 0.960783541
85516.770000000004 0.922051907
85516.929999999993 0.995656788
85517.089999999997 0.983703196
85517.250000000000 1.00594759
85517.410000000003 1.02740264
85517.570000000007 0.955125630
85517.729999999996 1.04804909
85517.889999999999 0.891709149
85518.050000000003 1.03469765
85518.210000000006 1.07971394
85518.369999999995 0.918692470
85518.529999999999 0.970848918
85518.690000000002 0.867753625
85518.850000000006 0.976210713
85519.009999999995 0.988999844
85519.169999999998 0.980291486
85519.330000000002 0.994633973
85519.490000000005 0.989218891
85519.649999999994 0.918595493
85519.809999999998 0.898546994
85519.970000000001 1.02283657
85520.130000000005 0.923177242
85520.289999999994 0.959926069
85520.449999999997 0.939585268
85520.610000000001 1.00400507
85520.770000000004 0.877162099
85520.929999999993 0.912865400
85521.089999999997 0.900789082
85521.250000000000 0.910501599
85521.410000000003 0.959391296
85521.570000000007 0.773666143
85521.729999999996 0.915633500
85521.889999999999 0.846302509
85522.050000000003 0.907867312
85522.210000000006 0.922764480
85522.369999999995 1.05591321
85522.529999999999 0.917625546
85522.690000000002 0.896993697
85522.850000000006 1.01484728
85523.009999999995 1.05633473
85523.169999999998 0.906868100
85523.330000000002 1.02172530
85523.490000000005 1.09576118
85523.649999999994 1.09205580
85523.809999999998 1.07047153
85523.970000000001 1.05630112
85524.130000000005 1.04723990
85524.289999999994 1.09018338
85524.449999999997 0.999251902
85524.610000000001 0.936669052
85524.770000000004 1.01832891
85524.929999999993 0.873940885
85525.089999999997 0.927580893
85525.250000000000 0.982465267
85525.410000000003 1.05031943
85525.570000000007 1.11819291
85525.729999999996 1.00998902
85525.889999999999 1.09158862
85526.050000000003 1.02222598
85526.210000000006 1.00149024
85526.369999999995 0.948331535
85526.529999999999 0.990756392
85526.690000000002 1.00552213
85526.850000000006 0.935949087
85527.009999999995 0.961357832
85527.169999999998 0.874459743
85527.330000000002 1.02848077
85527.490000000005 1.09297919
85527.649999999994 0.887624562
85527.809999999998 0.890373647
85527.970000000001 0.864683568
85528.130000000005 0.962096155
85528.289999999994 1.02015269
85528.449999999997 0.951106966
85528.610000000001 0.945860803
85528.770000000004 0.953990757
85528.929999999993 0.917017817
85529.089999999997 0.825413525
85529.250000000000 0.965554535
85529.410000000003 0.890283406
85529.570000000007 0.847648680
85529.729999999996 0.891672611
85529.889999999999 0.863047481
85530.050000000003 0.880199075
85530.210000000006 0.853575766
85530.369999999995 0.921412587
85530.529999999999 1.05142689
85530.690000000002 0.962553442
85530.850000000006 0.980014503
85531.009999999995 0.911994755
85531.169999999998 0.918633401
85531.330000000002 0.944505513
85531.490000000005 1.03943121
85531.649999999994 0.871013105
85531.809999999998 0.826421380
85531.970000000001 0.987406135
85532.130000000005 0.877686739
85532.289999999994 0.927022219
85532.449999999997 0.890418410
85532.610000000001 1.03966177
85532.770000000004 1.09302604
85532.929999999993 1.07788944
85533.089999999997 1.06765354
85533.250000000000 1.04576397
85533.410000000003 1.07162642
85533.570000000007 1.01599300
85533.729999999996 1.10650110
85533.889999999999 1.03804493
85534.050000000003 1.03743303
85534.210000000006 0.964825451
85534.369999999995 1.01691854
85534.529999999999 0.930214167
85534.690000000002 0.875752985
85534.850000000006 0.922699690
85535.009999999995 0.893089533
85535.169999999998 0.971303403
85535.330000000002 1.02674329
85535.490000000005 0.977655470
85535.649999999994 1.02159560
85535.809999999998 0.952757239
85535.970000000001 1.04472303
85536.130000000005 0.945703924
85536.289999999994 0.935548127
85536.449999999997 1.03691065
85536.610000000001 1.04345095
85536.770000000004 0.986235559
85536.929999999993 1.00086725
85537.089999999997 1.02909780
85537.250000000000 0.997401893
85537.410000000003 1.07240832
85537.570000000007 0.927375793
85537.729999999996 0.993652225
85537.889999999999 0.985459149
85538.050000000003 0.897758543
85538.210000000006 1.11161935
85538.369999999995 1.03207862
85538.529999999999 1.00139952
85538.690000000002 1.01355839
85538.850000000006 0.890586019
85539.009999999995 0.962837517
85539.169999999998 0.853668153
85539.330000000002 0.935526371
85539.490000000005 1.04236591
85539.649999999994 1.00385571
85539.809999999998 1.13519430
85539.970000000001 0.910322547
85540.130000000005 0.960259199
85540.289999999994 0.912517428
85540.449999999997 1.07916951
85540.610000000001 1.06430221
85540.770000000004 1.12400711
85540.929999999993 1.00036538
85541.089999999997 0.977345467
85541.250000000000 1.01773322
85541.410000000003 1.06573915
85541.570000000007 0.958718240
85541.729999999996 0.904125392
85541.889999999999 0.901791096
85542.050000000003 0.901957870
85542.210000000006 0.778384924
85542.369999999995 0.898563147
85542.529999999999 1.05805945
85542.690000000002 1.02810156
85542.850000000006 0.957994938
85543.009999999995 0.928590238
85543.169999999998 0.863754511
85543.330000000002 0.909062445
85543.490000000005 1.02563632
85543.649999999994 1.00284290
85543.809999999998 0.953747690
85543.970000000001 0.927344501
85544.130000000005 0.843484521
85544.289999999994 0.993022323
85544.449999999997 0.979231954
85544.610000000001 0.978546679
85544.770000000004 0.978430629
85544.929999999993 0.996687293
85545.089999999997 1.04424191
85545.250000000000 0.907635272
85545.410000000003 0.886378765
85545.570000000007 0.951729119
85545.729999999996 0.961464643
85545.889999999999 1.00900030
85546.050000000003 0.980004072
85546.210000000006 1.05165279
85546.369999999995 0.967467129
85546.529999999999 1.04861784
85546.690000000002 0.897467494
85546.850000000006 0.955139458
85547.009999999995 0.874075234
85547.169999999998 0.913879871
85547.330000000002 1.03739738
85547.490000000005 0.929657519
85547.649999999994 0.879565299
85547.809999999998 1.06374443
85547.970000000001 1.01823890
85548.130000000005 0.962665439
85548.289999999994 0.942452550
85548.449999999997 0.990206718
85548.610000000001 1.07138658
85548.770000000004 0.943871081
85548.929999999993 0.981950164
85549.089999999997 1.08493495
85549.250000000000 0.940799057
85549.410000000003 1.05476034
85549.570000000007 1.03106463
85549.729999999996 0.960734904
85549.889999999999 1.04683948
85550.050000000003 0.938835979
85550.210000000006 0.978897512
85550.369999999995 0.935597062
85550.529999999999 0.945114017
85550.690000000002 0.948517144
85550.850000000006 0.982230425
85551.009999999995 0.844572842
85551.169999999998 0.856879890
85551.330000000002 0.874952435
85551.490000000005 0.916880310
85551.649999999994 1.01230454
85551.809999999998 0.997296989
85551.970000000001 0.975714207
85552.130000000005 0.895039141
85552.289999999994 0.994205415
85552.449999999997 0.944757044
85552.610000000001 0.828271925
85552.770000000004 0.922604144
85552.929999999993 1.04419088
85553.089999999997 1.05471110
85553.250000000000 1.01505637
85553.410000000003 0.872035086
85553.570000000007 0.916246474
85553.729999999996 0.940630972
85553.889999999999 0.995481789
85554.050000000003 1.03597009
85554.210000000006 0.987358451
85554.369999999995 1.03131223
85554.529999999999 1.01610065
85554.690000000002 1.06323969
85554.850000000006 0.985141218
85555.009999999995 1.10620880
85555.169999999998 1.02361679
85555.330000000002 1.11445630
85555.490000000005 1.09563899
85555.649999999994 0.877116740
85555.809999999998 1.00487518
85555.970000000001 0.966366172
85556.130000000005 0.974007547
85556.289999999994 1.03862476
85556.449999999997 0.952054799
85556.610000000001 1.00960469
85556.770000000004 0.846104801
85556.929999999993 1.05741322
85557.089999999997 1.03340435
85557.250000000000 0.858723938
85557.410000000003 1.00455832
85557.570000000007 1.00932157
85557.729999999996 0.879383624
85557.889999999999 0.985993445
85558.050000000003 1.00499344
85558.210000000006 0.985795856
85558.369999999995 0.899453282
85558.529999999999 1.06831706
85558.690000000002 1.05824065
85558.850000000006 0.998533189
85559.009999999995 1.07373106
85559.169999999998 1.04351759
85559.330000000002 0.746937931
85559.490000000005 1.06871796
85559.649999999994 1.06952584
85559.809999999998 0.899534404
85559.970000000001 1.01945400
85560.130000000005 0.874775887
85560.289999999994 1.01811898
85560.449999999997 0.959598720
85560.610000000001 0.971227527
85560.770000000004 0.927543521
85560.929999999993 0.979965150
85561.089999999997 0.997845829
85561.250000000000 0.931827247
85561.410000000003 0.898064435
85561.570000000007 0.884029090
85561.729999999996 1.01736760
85561.889999999999 0.996064723
85562.050000000003 0.951246023
85562.210000000006 0.967509389
85562.369999999995 0.816122890
85562.529999999999 1.01201129
85562.690000000002 0.895459831
85562.850000000006 0.919555962
85563.009999999995 1.11678135
85563.169999999998 0.928957164
85563.330000000002 0.880418718
85563.490000000005 1.00754368
85563.649999999994 0.901834905
85563.809999999998 0.973151326
85563.970000000001 0.887360513
85564.130000000005 0.734047890
85564.289999999994 0.980391860
85564.449999999997 1.03453183
85564.610000000001 1.07030296
85564.770000000004 0.881403208
85564.929999999993 1.07864428
85565.089999999997 0.981621623
85565.250000000000 1.05839860
85565.410000000003 1.07876539
85565.570000000007 1.07328784
85565.729999999996 1.06408536
85565.889999999999 1.01527512
85566.050000000003 1.09854221
85566.210000000006 1.08637810
85566.369999999995 0.967545509
85566.529999999999 1.03236973
85566.690000000002 0.989294827
85566.850000000006 0.906439722
85567.009999999995 1.14001155
85567.169999999998 1.01720500
85567.330000000002 1.08980882
85567.490000000005 0.985715210
85567.649999999994 1.11814070
85567.809999999998 1.03485477
85567.970000000001 1.17813683
85568.130000000005 1.12872303
85568.289999999994 1.08513165
85568.449999999997 1.15767336
85568.610000000001 1.15767002
85568.770000000004 1.03941762
85568.929999999993 1.01120174
85569.089999999997 1.08686662
85569.250000000000 1.12824667
85569.410000000003 1.08310163
85569.570000000007 1.27188241
85569.729999999996 0.963854015
85569.889999999999 1.03461039
85570.050000000003 1.09240735
85570.210000000006 1.05137610
85570.369999999995 1.09142208
85570.529999999999 0.940207303
85570.690000000002 1.00422084
85570.850000000006 0.938784182
85571.009999999995 0.981658578
85571.169999999998 0.886387885
85571.330000000002 0.977666974
85571.490000000005 0.817079484
85571.649999999994 0.919245005
85571.809999999998 0.936663091
85571.970000000001 0.897010386
85572.130000000005 1.17390585
85572.289999999994 0.951315641
85572.449999999997 0.821319640
85572.610000000001 1.00784147
85572.770000000004 0.959000885
85572.929999999993 0.975106716
85573.089999999997 0.832724094
85573.250000000000 0.870476007
85573.410000000003 0.893650949
85573.570000000007 0.910921574
85573.729999999996 1.03569436
85573.889999999999 0.917025208
85574.050000000003 1.00121379
85574.210000000006 0.985537767
85574.369999999995 0.905212820
85574.529999999999 0.824861109
85574.690000000002 0.823885441
85574.850000000006 0.934461713
85575.009999999995 0.912940621
85575.169999999998 0.995941401
85575.330000000002 0.993492842
85575.490000000005 1.00595760
85575.649999999994 1.10761952
85575.809999999998 1.07526851
85575.970000000001 0.983537078
85576.130000000005 0.991416931
85576.289999999994 1.16741383
85576.449999999997 1.02770483
85576.610000000001 1.22878110
85576.770000000004 1.09723008
85576.929999999993 1.02520835
85577.089999999997 1.09249198
85577.250000000000 0.977310956
85577.410000000003 0.991939187
85577.570000000007 0.913106918
85577.729999999996 1.08988583
85577.889999999999 1.01638293
85578.050000000003 0.972660422
85578.210000000006 0.976116955
85578.369999999995 1.04965425
85578.529999999999 0.917075455
85578.690000000002 1.00985670
85578.850000000006 1.03592336
85579.009999999995 1.11527395
85579.169999999998 1.09494054
85579.330000000002 1.13787603
85579.490000000005 0.932751298
85579.649999999994 1.15184128
85579.809999999998 0.941615582
85579.970000000001 1.08940458
85580.130000000005 1.09952021
85580.289999999994 1.15645325
85580.449999999997 1.02554619
85580.610000000001 0.989673257
85580.770000000004 0.937510550
85580.929999999993 1.07348704
85581.089999999997 1.04933560
85581.250000000000 0.982513785
85581.410000000003 1.17470872
85581.570000000007 1.06401610
85581.729999999996 1.02154422
85581.889999999999 0.993076503
85582.050000000003 1.05488825
85582.210000000006 0.860526502
85582.369999999995 0.971713960
85582.529999999999 0.865511358
85582.690000000002 1.04379344
85582.850000000006 1.10151231
85583.009999999995 0.856025398
85583.169999999998 1.05652916
85583.330000000002 1.14746547
85583.490000000005 0.954186261
85583.649999999994 0.963738024
85583.809999999998 1.05873585
85583.970000000001 1.17902076
85584.130000000005 0.995922446
85584.289999999994 0.946841538
85584.449999999997 0.924204469
85584.610000000001 1.08570862
85584.770000000004 1.06376326
85584.929999999993 1.12248397
85585.089999999997 0.964425445
85585.250000000000 0.932531118
85585.410000000003 0.957749188
85585.570000000007 1.14107668
85585.729999999996 0.925720513
85585.889999999999 0.988328040
85586.050000000003 1.00807965
85586.210000000006 1.10291386
85586.369999999995 1.08293891
85586.529999999999 1.02846825
85586.690000000002 1.17422748
85586.850000000006 1.00039804
85587.009999999995 0.979708612
85587.169999999998 1.03880847
85587.330000000002 1.17038345
85587.490000000005 1.22373748
85587.649999999994 1.09361970
85587.809999999998 1.03603542
85587.970000000001 1.01319218
85588.130000000005 0.945343792
85588.289999999994 1.00224209
85588.449999999997 1.04211509
85588.610000000001 1.07216883
85588.770000000004 0.871636748
85588.929999999993 0.851611018
85589.089999999997 1.05951917
85589.250000000000 0.922262847
85589.410000000003 0.873091638
85589.570000000007 0.930305421
85589.729999999996 1.17443109
85589.889999999999 0.955127776
85590.050000000003 1.02545869
85590.210000000006 1.05798948
85590.369999999995 0.931267560
85590.529999999999 0.994823635
85590.690000000002 1.12169659
85590.850000000006 1.06966627
85591.009999999995 0.892915964
85591.169999999998 1.16166914
85591.330000000002 1.08782244
85591.490000000005 1.08123517
85591.649999999994 1.04184401
85591.809999999998 1.10482872
85591.970000000001 1.07299781
85592.130000000005 1.11073959
85592.289999999994 1.21178770
85592.449999999997 1.19292557
85592.610000000001 1.17039514
85592.770000000004 1.13365328
85592.929999999993 1.05995786
85593.089999999997 1.08945799
85593.250000000000 1.05378819
85593.410000000003 1.03157389
85593.570000000007 0.959782958
85593.729999999996 1.07153094
85593.889999999999 1.15855813
85594.050000000003 1.20978987
85594.210000000006 1.12884331
85594.369999999995 1.14573574
85594.529999999999 0.970975876
85594.690000000002 1.09249127
85594.850000000006 1.03568220
85595.009999999995 0.970468819
85595.169999999998 1.00131404
85595.330000000002 1.13349366
85595.490000000005 1.11774051
85595.649999999994 1.05552208
85595.809999999998 1.12139022
85595.970000000001 1.02705550
85596.130000000005 1.04238164
85596.289999999994 0.990893662
85596.449999999997 1.06538391
85596.610000000001 1.01449978
85596.770000000004 1.17266715
85596.929999999993 1.01813006
85597.089999999997 0.987245560
85597.250000000000 1.02695942
85597.410000000003 0.957774222
85597.570000000007 1.06241977
85597.729999999996 0.965294957
85597.889999999999 1.11116672
85598.050000000003 1.19909322
85598.210000000006 1.10219896
85598.369999999995 1.02795315
85598.529999999999 1.09549403
85598.690000000002 0.984646618
85598.850000000006 1.03805935
85599.009999999995 0.966860175
85599.169999999998 0.985417306
85599.330000000002 1.04226410
85599.490000000005 0.943223953
85599.649999999994 1.08230007
85599.809999999998 1.08425343
85599.970000000001 0.925724626
85600.130000000005 1.01322424
85600.289999999994 1.04893327
85600.449999999997 0.897266269
85600.610000000001 0.947819352
85600.770000000004 0.979457080
85600.929999999993 1.02185416
85601.089999999997 0.934984565
85601.250000000000 0.892741084
85601.410000000003 1.03304923
85601.570000000007 0.993160069
85601.729999999996 0.993161142
85601.889999999999 0.995475113
85602.050000000003 1.03241622
85602.210000000006 0.971879482
85602.369999999995 0.938300014
85602.529999999999 1.04375219
85602.690000000002 0.961850643
85602.850000000006 0.923391879
85603.009999999995 0.883378983
85603.169999999998 1.15059268
85603.330000000002 1.01049685
85603.490000000005 0.928074360
85603.649999999994 0.995899379
85603.809999999998 0.763346493
85603.970000000001 0.787989795
85604.130000000005 0.880550146
85604.289999999994 0.751491725
85604.449999999997 0.738770008
85604.610000000001 0.796590865
85604.770000000004 0.776086211
85604.929999999993 0.652734697
85605.089999999997 0.590872526
85605.250000000000 0.877996385
85605.410000000003 0.761452258
85605.570000000007 0.864271283
85605.729999999996 0.773906171
85605.889999999999 0.784692168
85606.050000000003 0.788718164
85606.210000000006 0.667845070
85606.369999999995 0.695671737
85606.529999999999 0.614647031
85606.690000000002 0.712536395
85606.850000000006 0.664462090
85607.009999999995 0.554914236
85607.169999999998 0.618896842
85607.330000000002 0.674746156
85607.490000000005 0.652873814
85607.649999999994 0.602954984
85607.809999999998 0.512723505
85607.970000000001 0.600152135
85608.130000000005 0.501946032
85608.289999999994 0.653090954
85608.449999999997 0.560326457
85608.610000000001 0.557485104
85608.770000000004 0.584718287
85608.929999999993 0.616300941
85609.089999999997 0.650114238
85609.250000000000 0.579147577
85609.410000000003 0.576273561
85609.570000000007 0.521681368
85609.729999999996 0.540463030
85609.889999999999 0.559686899
85610.050000000003 0.687287390
85610.210000000006 0.497540474
85610.369999999995 0.626592398
85610.529999999999 0.541463435
85610.690000000002 0.537361562
85610.850000000006 0.553147256
85611.009999999995 0.533430398
85611.169999999998 0.512962639
85611.330000000002 0.398455411
85611.490000000005 0.591464698
85611.649999999994 0.491240621
85611.809999999998 0.536754131
85611.970000000001 0.507928610
85612.130000000005 0.572330713
85612.289999999994 0.578027189
85612.449999999997 0.472510666
85612.610000000001 0.474535704
85612.770000000004 0.447050452
85612.929999999993 0.505106390
85613.089999999997 0.540576756
85613.250000000000 0.578201711
85613.410000000003 0.537259340
85613.570000000007 0.481837362
85613.729999999996 0.570162177
85613.889999999999 0.470128000
85614.050000000003 0.480519742
85614.210000000006 0.391682059
85614.369999999995 0.566697657
85614.529999999999 0.478341699
85614.690000000002 0.548644125
85614.850000000006 0.479467601
85615.009999999995 0.531633794
85615.169999999998 0.490462363
85615.330000000002 0.527637243
85615.490000000005 0.425040871
85615.649999999994 0.414397120
85615.809999999998 0.446083009
85615.970000000001 0.377422512
85616.130000000005 0.475680053
85616.289999999994 0.429642022
85616.449999999997 0.517282844
85616.610000000001 0.439476639
85616.770000000004 0.529629827
85616.929999999993 0.539409518
85617.089999999997 0.575823188
85617.250000000000 0.584834278
85617.410000000003 0.493899107
85617.570000000007 0.577578545
85617.729999999996 0.567998946
85617.889999999999 0.519333303
85618.050000000003 0.490944475
85618.210000000006 0.483023167
85618.369999999995 0.485560715
85618.529999999999 0.465689778
85618.690000000002 0.396979958
85618.850000000006 0.646769881
85619.009999999995 0.489592612
85619.169999999998 0.398706704
85619.330000000002 0.405770183
85619.490000000005 0.504580736
85619.649999999994 0.553439856
85619.809999999998 0.479443908
85619.970000000001 0.501910031
85620.130000000005 0.541631877
85620.289999999994 0.380474776
85620.449999999997 0.507655799
85620.610000000001 0.460355699
85620.770000000004 0.543532133
85620.929999999993 0.422978252
85621.089999999997 0.466426075
85621.250000000000 0.483035862
85621.410000000003 0.510522842
85621.570000000007 0.513654053
85621.729999999996 0.400096387
85621.889999999999 0.583602011
85622.050000000003 0.451450229
85622.210000000006 0.529927611
85622.369999999995 0.482521921
85622.529999999999 0.469995111
85622.690000000002 0.431135535
85622.850000000006 0.547265708
85623.009999999995 0.457340300
85623.169999999998 0.438413382
85623.330000000002 0.460617065
85623.490000000005 0.358785719
85623.649999999994 0.302645415
85623.809999999998 0.478692770
85623.970000000001 0.387702018
85624.130000000005 0.581881523
85624.289999999994 0.387906164
85624.449999999997 0.414446354
85624.610000000001 0.365604550
85624.770000000004 0.481323212
85624.929999999993 0.390651643
85625.089999999997 0.474615991
85625.250000000000 0.425120205
85625.410000000003 0.397696584
85625.570000000007 0.272894740
85625.729999999996 0.425784826
85625.889999999999 0.407414824
85626.050000000003 0.422601342
85626.210000000006 0.470223755
85626.369999999995 0.472739697
85626.529999999999 0.390607685
85626.690000000002 0.409013420
85626.850000000006 0.323004156
85627.009999999995 0.390148699
85627.169999999998 0.493923247
85627.330000000002 0.381006032
85627.490000000005 0.474950403
85627.649999999994 0.345489413
85627.809999999998 0.418875575
85627.970000000001 0.455422550
85628.130000000005 0.495791823
85628.289999999994 0.391267836
85628.449999999997 0.399172246
85628.610000000001 0.422683895
85628.770000000004 0.467242807
85628.929999999993 0.471887916
85629.089999999997 0.455554992
85629.250000000000 0.452362061
85629.410000000003 0.444348216
85629.570000000007 0.413251430
85629.729999999996 0.413067609
85629.889999999999 0.453216612
85630.050000000003 0.551569700
85630.210000000006 0.435759366
85630.369999999995 0.577136397
85630.529999999999 0.535125792
85630.690000000002 0.520670772
85630.850000000006 0.436567634
85631.009999999995 0.578477800
85631.169999999998 0.487216413
85631.330000000002 0.454641461
85631.490000000005 0.381711543
85631.649999999994 0.450959593
85631.809999999998 0.485488564
85631.970000000001 0.516321182
85632.130000000005 0.563780844
85632.289999999994 0.444186985
85632.449999999997 0.441764861
85632.610000000001 0.487041891
85632.770000000004 0.344036222
85632.929999999993 0.492108881
85633.089999999997 0.407661438
85633.250000000000 0.560221732
85633.410000000003 0.494368404
85633.570000000007 0.453169644
85633.729999999996 0.446545064
85633.889999999999 0.395747989
85634.050000000003 0.478740484
85634.210000000006 0.468236327
85634.369999999995 0.450652212
85634.529999999999 0.434061706
85634.690000000002 0.454059184
85634.850000000006 0.473268598
85635.009999999995 0.492001832
85635.169999999998 0.416449010
85635.330000000002 0.426051795
85635.490000000005 0.462204903
85635.649999999994 0.468875647
85635.809999999998 0.445466906
85635.970000000001 0.314678580
85636.130000000005 0.457335949
85636.289999999994 0.450562119
85636.449999999997 0.431330472
85636.610000000001 0.374328911
85636.770000000004 0.418546230
85636.929999999993 0.349659443
85637.089999999997 0.413154662
85637.250000000000 0.434519708
85637.410000000003 0.366410285
85637.570000000007 0.440943956
85637.729999999996 0.443682104
85637.889999999999 0.427352428
85638.050000000003 0.408743113
85638.210000000006 0.357883453
85638.369999999995 0.491716355
85638.529999999999 0.360188544
85638.690000000002 0.397722781
85638.850000000006 0.511019707
85639.009999999995 0.435126871
85639.169999999998 0.358829856
85639.330000000002 0.542490661
85639.490000000005 0.312676460
85639.649999999994 0.418291450
85639.809999999998 0.397524685
85639.970000000001 0.455262005
85640.130000000005 0.386694819
85640.289999999994 0.452560574
85640.449999999997 0.439775795
85640.610000000001 0.451248854
85640.770000000004 0.489448547
85640.929999999993 0.557666421
85641.089999999997 0.554045320
85641.250000000000 0.484928221
85641.410000000003 0.454642832
85641.570000000007 0.522404373
85641.729999999996 0.407664597
85641.889999999999 0.390172124
85642.050000000003 0.487812847
85642.210000000006 0.444643945
85642.369999999995 0.556374133
85642.529999999999 0.356498569
85642.690000000002 0.383176535
85642.850000000006 0.427156001
85643.009999999995 0.468312591
85643.169999999998 0.447498500
85643.330000000002 0.493510604
85643.490000000005 0.568665147
85643.649999999994 0.392459601
85643.809999999998 0.522964954
85643.970000000001 0.426596165
85644.130000000005 0.454383552
85644.289999999994 0.416157812
85644.449999999997 0.407478154
85644.610000000001 0.440265834
85644.770000000004 0.486470044
85644.929999999993 0.509560883
85645.089999999997 0.509823859
85645.250000000000 0.463543177
85645.410000000003 0.504715681
85645.570000000007 0.382215947
85645.729999999996 0.408796966
85645.889999999999 0.371063679
85646.050000000003 0.431293190
85646.210000000006 0.413145393
85646.369999999995 0.514091015
85646.529999999999 0.434147060
85646.690000000002 0.523348331
85646.850000000006 0.519421041
85647.009999999995 0.412832141
85647.169999999998 0.512763202
85647.330000000002 0.505211353
85647.490000000005 0.415117145
85647.649999999994 0.505999565
85647.809999999998 0.503704846
85647.970000000001 0.406778634
85648.130000000005 0.371120334
85648.289999999994 0.476780593
85648.449999999997 0.537186921
85648.610000000001 0.511899710
85648.770000000004 0.523705125
85648.929999999993 0.469224811
85649.089999999997 0.371253759
85649.250000000000 0.446166188
85649.410000000003 0.510843635
85649.570000000007 0.453449309
85649.729999999996 0.491888940
85649.889999999999 0.401481718
85650.050000000003 0.536056638
85650.210000000006 0.457152039
85650.369999999995 0.455044270
85650.529999999999 0.527678907
85650.690000000002 0.479489118
85650.850000000006 0.498515040
85651.009999999995 0.374765664
85651.169999999998 0.433024824
85651.330000000002 0.509442389
85651.490000000005 0.513267040
85651.649999999994 0.515945077
85651.809999999998 0.452907890
85651.970000000001 0.422358125
85652.130000000005 0.459531397
85652.289999999994 0.501562119
85652.449999999997 0.461539686
85652.610000000001 0.411314964
85652.770000000004 0.494393289
85652.929999999993 0.451170594
85653.089999999997 0.463228464
85653.250000000000 0.439480454
85653.410000000003 0.413024932
85653.570000000007 0.411400408
85653.729999999996 0.452453434
85653.889999999999 0.434412688
85654.050000000003 0.545052528
85654.210000000006 0.483025253
85654.369999999995 0.578069270
85654.529999999999 0.496882468
85654.690000000002 0.481855869
85654.850000000006 0.538775563
85655.009999999995 0.543481469
85655.169999999998 0.567512751
85655.330000000002 0.532004952
85655.490000000005 0.561243057
85655.649999999994 0.457040012
85655.809999999998 0.393238246
85655.970000000001 0.482269198
85656.130000000005 0.437900245
85656.289999999994 0.499809533
85656.449999999997 0.501105547
85656.610000000001 0.474611193
85656.770000000004 0.386068374
85656.929999999993 0.389997423
85657.089999999997 0.512930632
85657.250000000000 0.558648229
85657.410000000003 0.396164715
85657.570000000007 0.525618315
85657.729999999996 0.386384010
85657.889999999999 0.499725938
85658.050000000003 0.492809266
85658.210000000006 0.472726047
85658.369999999995 0.581905782
85658.529999999999 0.564989686
85658.690000000002 0.456474572
85658.850000000006 0.379914880
85659.009999999995 0.392968237
85659.169999999998 0.489332825
85659.330000000002 0.478746980
85659.490000000005 0.422755033
85659.649999999994 0.459151000
85659.809999999998 0.459127665
85659.970000000001 0.513998747
85660.130000000005 0.546885073
85660.289999999994 0.417187482
85660.449999999997 0.468068600
85660.610000000001 0.468368858
85660.770000000004 0.528925657
85660.929999999993 0.542477548
85661.089999999997 0.530824423
85661.250000000000 0.410183549
85661.410000000003 0.418869823
85661.570000000007 0.501177669
85661.729999999996 0.528849304
85661.889999999999 0.432706952
85662.050000000003 0.484863102
85662.210000000006 0.490142286
85662.369999999995 0.466055006
85662.529999999999 0.450067312
85662.690000000002 0.534472287
85662.850000000006 0.554109871
85663.009999999995 0.501264036
85663.169999999998 0.636489987
85663.330000000002 0.606354415
85663.490000000005 0.538496673
85663.649999999994 0.552866757
85663.809999999998 0.635124743
85663.970000000001 0.582067251
85664.130000000005 0.581411600
85664.289999999994 0.636928678
85664.449999999997 0.594781101
85664.610000000001 0.563451588
85664.770000000004 0.492643505
85664.929999999993 0.499183536
85665.089999999997 0.536974072
85665.250000000000 0.450272918
85665.410000000003 0.536053598
85665.570000000007 0.474920839
85665.729999999996 0.513041854
85665.889999999999 0.588284850
85666.050000000003 0.431642950
85666.210000000006 0.517507613
85666.369999999995 0.609487534
85666.529999999999 0.621162176
85666.690000000002 0.568693638
85666.850000000006 0.569596827
85667.009999999995 0.474837452
85667.169999999998 0.583641648
85667.330000000002 0.475058973
85667.490000000005 0.498001456
85667.649999999994 0.462877244
85667.809999999998 0.453750044
85667.970000000001 0.446428895
85668.130000000005 0.570130885
85668.289999999994 0.537931621
85668.449999999997 0.401670963
85668.610000000001 0.603045404
85668.770000000004 0.552950084
85668.929999999993 0.556897342
85669.089999999997 0.588554621
85669.250000000000 0.604217529
85669.410000000003 0.576495290
85669.570000000007 0.598131359
85669.729999999996 0.591967404
85669.889999999999 0.630425334
85670.050000000003 0.502617955
85670.210000000006 0.461544722
85670.369999999995 0.478278250
85670.529999999999 0.561571538
85670.690000000002 0.536957860
85670.850000000006 0.522496462
85671.009999999995 0.410959005
85671.169999999998 0.536962867
85671.330000000002 0.613151848
85671.490000000005 0.547016263
85671.649999999994 0.369677216
85671.809999999998 0.452734441
85671.970000000001 0.505858958
85672.130000000005 0.557046711
85672.289999999994 0.551039696
85672.449999999997 0.594182849
85672.610000000001 0.541878581
85672.770000000004 0.573673904
85672.929999999993 0.534050524
85673.089999999997 0.407772630
85673.250000000000 0.578181684
85673.410000000003 0.564396203
85673.570000000007 0.503189802
85673.729999999996 0.549262047
85673.889999999999 0.530507565
85674.050000000003 0.619210005
85674.210000000006 0.572792530
85674.369999999995 0.579408109
85674.529999999999 0.516508460
85674.690000000002 0.546553731
85674.850000000006 0.529650092
85675.009999999995 0.505840242
85675.169999999998 0.643269837
85675.330000000002 0.690899074
85675.490000000005 0.600661099
85675.649999999994 0.494815588
85675.809999999998 0.603156984
85675.970000000001 0.482906491
85676.130000000005 0.463964969
85676.289999999994 0.531691313
85676.449999999997 0.627350450
85676.610000000001 0.474381268
85676.770000000004 0.638432920
85676.929999999993 0.597581208
85677.089999999997 0.550472975
85677.250000000000 0.666650593
85677.410000000003 0.559822738
85677.570000000007 0.553043067
85677.729999999996 0.658421934
85677.889999999999 0.510259211
85678.050000000003 0.566629946
85678.210000000006 0.492311418
85678.369999999995 0.586966634
85678.529999999999 0.596122503
85678.690000000002 0.481629968
85678.850000000006 0.543359637
85679.009999999995 0.480710655
85679.169999999998 0.573454320
85679.330000000002 0.545672476
85679.490000000005 0.602672637
85679.649999999994 0.529052079
85679.809999999998 0.574556351
85679.970000000001 0.683532894
85680.130000000005 0.513986766
85680.289999999994 0.646136105
85680.449999999997 0.620568693
85680.610000000001 0.496599585
85680.770000000004 0.492454529
85680.929999999993 0.540353477
85681.089999999997 0.647380412
85681.250000000000 0.652986705
85681.410000000003 0.658026218
85681.570000000007 0.602165759
85681.729999999996 0.569332361
85681.889999999999 0.615190089
85682.050000000003 0.659418881
85682.210000000006 0.680614769
85682.369999999995 0.658896744
85682.529999999999 0.647025406
85682.690000000002 0.653146982
85682.850000000006 0.687333345
85683.009999999995 0.704326689
85683.169999999998 0.728854060
85683.330000000002 0.772802770
85683.490000000005 0.773125350
85683.649999999994 0.584829152
85683.809999999998 0.788067520
85683.970000000001 0.749038935
85684.130000000005 0.767643988
85684.289999999994 0.661744177
85684.449999999997 0.718330085
85684.610000000001 0.711523712
85684.770000000004 0.788529336
85684.929999999993 0.852559686
85685.089999999997 0.740114987
85685.250000000000 0.879283547
85685.410000000003 0.838786602
85685.570000000007 0.818964541
85685.729999999996 0.788826823
85685.889999999999 0.813321114
85686.050000000003 0.720070958
85686.210000000006 0.854465604
85686.369999999995 0.958207130
85686.529999999999 0.816723824
85686.690000000002 0.700574934
85686.850000000006 0.854049146
85687.009999999995 0.769053876
85687.169999999998 0.775997341
85687.330000000002 0.752258599
85687.490000000005 0.705254734
85687.649999999994 0.796919167
85687.809999999998 0.713117182
85687.970000000001 0.804415107
85688.130000000005 0.724357188
85688.289999999994 0.813485324
85688.449999999997 0.735729516
85688.610000000001 0.795664132
85688.770000000004 0.777137280
85688.929999999993 0.794871032
85689.089999999997 0.851204813
85689.250000000000 0.796368599
85689.410000000003 0.656500578
85689.570000000007 0.743624091
85689.729999999996 0.622661471
85689.889999999999 0.654373109
85690.050000000003 0.731299996
85690.210000000006 0.631403863
85690.369999999995 0.723729074
85690.529999999999 0.848752499
85690.690000000002 0.650451183
85690.850000000006 0.656494260
85691.009999999995 0.631823361
85691.169999999998 0.722045362
85691.330000000002 0.681139708
85691.490000000005 0.599677086
85691.649999999994 0.699334979
85691.809999999998 0.685814261
85691.970000000001 0.775261581
85692.130000000005 0.626997352
85692.289999999994 0.638481975
85692.449999999997 0.639660001
85692.610000000001 0.818273664
85692.770000000004 0.677493334
85692.929999999993 0.687802017
85693.089999999997 0.721235454
85693.250000000000 0.597494185
85693.410000000003 0.642330229
85693.570000000007 0.728610933
85693.729999999996 0.773489475
85693.889999999999 0.662624121
85694.050000000003 0.615689158
85694.210000000006 0.685352564
85694.369999999995 0.695018232
85694.529999999999 0.730851054
85694.690000000002 0.679126620
85694.850000000006 0.720799267
85695.009999999995 0.626660228
85695.169999999998 0.579893827
85695.330000000002 0.590856969
85695.490000000005 0.712924242
85695.649999999994 0.677043319
85695.809999999998 0.635989606
85695.970000000001 0.658002257
85696.130000000005 0.627264082
85696.289999999994 0.546890855
85696.449999999997 0.520008445
85696.610000000001 0.491022617
85696.770000000004 0.583494604
85696.929999999993 0.635483742
85697.089999999997 0.493420869
85697.250000000000 0.518411160
85697.410000000003 0.552807570
85697.570000000007 0.494163424
85697.729999999996 0.608906448
85697.889999999999 0.453696012
85698.050000000003 0.549340189
85698.210000000006 0.471939415
85698.369999999995 0.477510601
85698.529999999999 0.551781297
85698.690000000002 0.663317561
85698.850000000006 0.600965142
85699.009999999995 0.552451611
85699.169999999998 0.579777777
85699.330000000002 0.486845702
85699.490000000005 0.494788647
85699.649999999994 0.482043922
85699.809999999998 0.608812094
85699.970000000001 0.411884069
85700.130000000005 0.524830818
85700.289999999994 0.552402020
85700.449999999997 0.563534379
85700.610000000001 0.498151988
85700.770000000004 0.543303907
85700.929999999993 0.637065768
85701.089999999997 0.552329063
85701.250000000000 0.555332661
85701.410000000003 0.526490688
85701.570000000007 0.428596616
85701.729999999996 0.583741784
85701.889999999999 0.506944001
85702.050000000003 0.538569510
85702.210000000006 0.568086922
85702.369999999995 0.530912042
85702.529999999999 0.459137112
85702.690000000002 0.453091949
85702.850000000006 0.548403144
85703.009999999995 0.571473897
85703.169999999998 0.488091171
85703.330000000002 0.533531606
85703.490000000005 0.539773583
85703.649999999994 0.539594293
85703.809999999998 0.535157084
85703.970000000001 0.487821400
85704.130000000005 0.536158025
85704.289999999994 0.480290800
85704.449999999997 0.549937129
85704.610000000001 0.630117893
85704.770000000004 0.584850192
85704.929999999993 0.618359983
85705.089999999997 0.488605797
85705.250000000000 0.521154642
85705.410000000003 0.551132739
85705.570000000007 0.526015818
85705.729999999996 0.532420993
85705.889999999999 0.441808462
85706.050000000003 0.465798229
85706.210000000006 0.566817999
85706.369999999995 0.520672202
85706.529999999999 0.539001882
85706.690000000002 0.675609171
85706.850000000006 0.627297580
85707.009999999995 0.492575288
85707.169999999998 0.493566692
85707.330000000002 0.431408972
85707.490000000005 0.573391795
85707.649999999994 0.454825670
85707.809999999998 0.556243002
85707.970000000001 0.600565910
85708.130000000005 0.469090670
85708.289999999994 0.449589968
85708.449999999997 0.511895835
85708.610000000001 0.505148113
85708.770000000004 0.465051115
85708.929999999993 0.543272913
85709.089999999997 0.443403631
85709.250000000000 0.590402007
85709.410000000003 0.473018497
85709.570000000007 0.531242251
85709.729999999996 0.565487862
85709.889999999999 0.502302825
85710.050000000003 0.561018944
85710.210000000006 0.476277083
85710.369999999995 0.531490743
85710.529999999999 0.416493803
85710.690000000002 0.473339260
85710.850000000006 0.462007225
85711.009999999995 0.518766165
85711.169999999998 0.485016495
85711.330000000002 0.593081534
85711.490000000005 0.508462310
85711.649999999994 0.499680847
85711.809999999998 0.499671191
85711.970000000001 0.526473463
85712.130000000005 0.393571258
85712.289999999994 0.444378197
85712.449999999997 0.519181907
85712.610000000001 0.498600781
85712.770000000004 0.539457738
85712.929999999993 0.494779766
85713.089999999997 0.510998845
85713.250000000000 0.454959303
85713.410000000003 0.506020963
85713.570000000007 0.549076438
85713.729999999996 0.442135513
85713.889999999999 0.440640956
85714.050000000003 0.451206058
85714.210000000006 0.546610355
85714.369999999995 0.594188154
85714.529999999999 0.460233450
85714.690000000002 0.588456035
85714.850000000006 0.537743926
85715.009999999995 0.605404198
85715.169999999998 0.532009363
85715.330000000002 0.532568574
85715.490000000005 0.585631430
85715.649999999994 0.583684623
85715.809999999998 0.479276806
85715.970000000001 0.595393598
85716.130000000005 0.484528512
85716.289999999994 0.549839139
85716.449999999997 0.491686732
85716.610000000001 0.479183614
85716.770000000004 0.467109442
85716.929999999993 0.519055843
85717.089999999997 0.471754223
85717.250000000000 0.467289746
85717.410000000003 0.436033398
85717.570000000007 0.420613676
85717.729999999996 0.513240993
85717.889999999999 0.555231750
85718.050000000003 0.572499156
85718.210000000006 0.543113530
85718.369999999995 0.537991226
85718.529999999999 0.605249286
85718.690000000002 0.480069458
85718.850000000006 0.484428704
85719.009999999995 0.536058664
85719.169999999998 0.583230734
85719.330000000002 0.511881232
85719.490000000005 0.538433254
85719.649999999994 0.452246994
85719.809999999998 0.571308196
85719.970000000001 0.543274164
85720.130000000005 0.328767091
85720.289999999994 0.515447795
85720.449999999997 0.538278878
85720.610000000001 0.325340122
85720.770000000004 0.310261637
85720.929999999993 0.491963327
85721.089999999997 0.463371813
85721.250000000000 0.540166676
85721.410000000003 0.465243727
85721.570000000007 0.476427019
85721.729999999996 0.518399000
85721.889999999999 0.469703734
85722.050000000003 0.523119569
85722.210000000006 0.466991037
85722.369999999995 0.531614721
85722.529999999999 0.373575717
85722.690000000002 0.387971163
85722.850000000006 0.546902716
85723.009999999995 0.500306368
85723.169999999998 0.434090555
85723.330000000002 0.395366848
85723.490000000005 0.404305488
85723.649999999994 0.416649640
85723.809999999998 0.343349725
85723.970000000001 0.561877668
85724.130000000005 0.477998763
85724.289999999994 0.448409259
85724.449999999997 0.469243407
85724.610000000001 0.491646379
85724.770000000004 0.466361493
85724.929999999993 0.418916732
85725.089999999997 0.349353641
85725.250000000000 0.491579771
85725.410000000003 0.433171511
85725.570000000007 0.436181486
85725.729999999996 0.395173609
85725.889999999999 0.385142803
85726.050000000003 0.526780307
85726.210000000006 0.400405169
85726.369999999995 0.454585135
85726.529999999999 0.463089108
85726.690000000002 0.477603704
85726.850000000006 0.455528378
85727.009999999995 0.487146676
85727.169999999998 0.420223415
85727.330000000002 0.487949789
85727.490000000005 0.431556642
85727.649999999994 0.409379631
85727.809999999998 0.415846050
85727.970000000001 0.411362767
85728.130000000005 0.429519445
85728.289999999994 0.384092540
85728.449999999997 0.434301108
85728.610000000001 0.440521151
85728.770000000004 0.384580046
85728.929999999993 0.365732998
85729.089999999997 0.447757900
85729.250000000000 0.430732608
85729.410000000003 0.402835876
85729.570000000007 0.320718855
85729.729999999996 0.436048776
85729.889999999999 0.437684327
85730.050000000003 0.407243133
85730.210000000006 0.446619272
85730.369999999995 0.440290630
85730.529999999999 0.371751845
85730.690000000002 0.229324475
85730.850000000006 0.541947424
85731.009999999995 0.487367362
85731.169999999998 0.456772745
85731.330000000002 0.564898789
85731.490000000005 0.414008975
85731.649999999994 0.511194885
85731.809999999998 0.474764794
85731.970000000001 0.545420349
85732.130000000005 0.436885327
85732.289999999994 0.520766675
85732.449999999997 0.512326479
85732.610000000001 0.460783988
85732.770000000004 0.390730679
85732.929999999993 0.522457838
85733.089999999997 0.477531165
85733.250000000000 0.448696941
85733.410000000003 0.447097152
85733.570000000007 0.486616641
85733.729999999996 0.390295684
85733.889999999999 0.520875037
85734.050000000003 0.475628793
85734.210000000006 0.569092214
85734.369999999995 0.461976141
85734.529999999999 0.425232261
85734.690000000002 0.541261256
85734.850000000006 0.541405857
85735.009999999995 0.463963807
85735.169999999998 0.372274905
85735.330000000002 0.517177165
85735.490000000005 0.395856053
85735.649999999994 0.423528939
85735.809999999998 0.394026399
85735.970000000001 0.346833169
85736.130000000005 0.485307008
85736.289999999994 0.497569591
85736.449999999997 0.521136642
85736.610000000001 0.480725735
85736.770000000004 0.462034464
85736.929999999993 0.438994199
85737.089999999997 0.498768538
85737.250000000000 0.505327165
85737.410000000003 0.556569815
85737.570000000007 0.553871393
85737.729999999996 0.567853630
85737.889999999999 0.380806059
85738.050000000003 0.369520724
85738.210000000006 0.367342800
85738.369999999995 0.538414598
85738.529999999999 0.405791998
85738.690000000002 0.336907864
85738.850000000006 0.357622504
85739.009999999995 0.516801596
85739.169999999998 0.445703685
85739.330000000002 0.523865402
85739.490000000005 0.532582462
85739.649999999994 0.543763459
85739.809999999998 0.489337027
85739.970000000001 0.467801362
85740.130000000005 0.467910588
85740.289999999994 0.462039500
85740.449999999997 0.585400939
85740.610000000001 0.516065598
85740.770000000004 0.492908657
85740.929999999993 0.284746259
85741.089999999997 0.467306942
85741.250000000000 0.526580393
85741.410000000003 0.439235359
85741.570000000007 0.449387163
85741.729999999996 0.505505204
85741.889999999999 0.499044925
85742.050000000003 0.405577153
85742.210000000006 0.519136310
85742.369999999995 0.420929432
85742.529999999999 0.456375182
85742.690000000002 0.520037651
85742.850000000006 0.442650855
85743.009999999995 0.449003488
85743.169999999998 0.492061347
85743.330000000002 0.446810514
85743.490000000005 0.485658139
85743.649999999994 0.542553127
85743.809999999998 0.524774313
85743.970000000001 0.517377138
85744.130000000005 0.505774021
85744.289999999994 0.483135551
85744.449999999997 0.459049195
85744.610000000001 0.457195759
85744.770000000004 0.496527880
85744.929999999993 0.514855981
85745.089999999997 0.510943353
85745.250000000000 0.487690151
85745.410000000003 0.465394348
85745.570000000007 0.388202935
85745.729999999996 0.449358404
85745.889999999999 0.511238873
85746.050000000003 0.506966531
85746.210000000006 0.490366668
85746.369999999995 0.425180793
85746.529999999999 0.429171652
85746.690000000002 0.504144073
85746.850000000006 0.466477364
85747.009999999995 0.588580549
85747.169999999998 0.529162288
85747.330000000002 0.520479620
85747.490000000005 0.442240268
85747.649999999994 0.424636126
85747.809999999998 0.543549061
85747.970000000001 0.395920664
85748.130000000005 0.492432415
85748.289999999994 0.482577622
85748.449999999997 0.429042995
85748.610000000001 0.464837044
85748.770000000004 0.537659824
85748.929999999993 0.350268751
85749.089999999997 0.490258217
85749.250000000000 0.401259065
85749.410000000003 0.448992282
85749.570000000007 0.584182441
85749.729999999996 0.479779124
85749.889999999999 0.552449644
85750.050000000003 0.552660525
85750.210000000006 0.379788339
85750.369999999995 0.506216228
85750.529999999999 0.457722157
85750.690000000002 0.550781906
85750.850000000006 0.439219028
85751.009999999995 0.475025594
85751.169999999998 0.500172675
85751.330000000002 0.522218227
85751.490000000005 0.419764578
85751.649999999994 0.502491057
85751.809999999998 0.542559981
85751.970000000001 0.454946846
85752.130000000005 0.529001772
85752.289999999994 0.525874794
85752.449999999997 0.529055953
85752.610000000001 0.516113520
85752.770000000004 0.543485463
85752.929999999993 0.475835890
85753.089999999997 0.535093665
85753.250000000000 0.470643640
85753.410000000003 0.490150362
85753.570000000007 0.508192182
85753.729999999996 0.460907012
85753.889999999999 0.460153729
85754.050000000003 0.371472567
85754.210000000006 0.533877671
85754.369999999995 0.493007243
85754.529999999999 0.503414273
85754.690000000002 0.478157461
85754.850000000006 0.435191840
85755.009999999995 0.479483694
85755.169999999998 0.504767597
85755.330000000002 0.519897521
85755.490000000005 0.507921457
85755.649999999994 0.398813337
85755.809999999998 0.559688509
85755.970000000001 0.440399975
85756.130000000005 0.457833022
85756.289999999994 0.465992421
85756.449999999997 0.470426202
85756.610000000001 0.609478831
85756.770000000004 0.532325685
85756.929999999993 0.566761136
85757.089999999997 0.521793723
85757.250000000000 0.477963120
85757.410000000003 0.441713601
85757.570000000007 0.582599759
85757.729999999996 0.598161101
85757.889999999999 0.607624352
85758.050000000003 0.444667518
85758.210000000006 0.411090434
85758.369999999995 0.608060896
85758.529999999999 0.478277713
85758.690000000002 0.590943396
85758.850000000006 0.416752666
85759.009999999995 0.495491236
85759.169999999998 0.481913388
85759.330000000002 0.542886615
85759.490000000005 0.474348009
85759.649999999994 0.508369565
85759.809999999998 0.627747655
85759.970000000001 0.545676231
85760.130000000005 0.576095045
85760.289999999994 0.543705404
85760.449999999997 0.552429438
85760.610000000001 0.498984724
85760.770000000004 0.590690911
85760.929999999993 0.539179087
85761.089999999997 0.604067802
85761.250000000000 0.495636761
85761.410000000003 0.618518531
85761.570000000007 0.498734027
85761.729999999996 0.609695494
85761.889999999999 0.511813700
85762.050000000003 0.545895875
85762.210000000006 0.642696381
85762.369999999995 0.632785738
85762.529999999999 0.559058905
85762.690000000002 0.574294746
85762.850000000006 0.556918442
85763.009999999995 0.628517210
85763.169999999998 0.561413705
85763.330000000002 0.561147332
85763.490000000005 0.564251781
85763.649999999994 0.536276102
85763.809999999998 0.501720667
85763.970000000001 0.554521322
85764.130000000005 0.601326048
85764.289999999994 0.483003795
85764.449999999997 0.517333269
85764.610000000001 0.529242158
85764.770000000004 0.615547121
85764.929999999993 0.566009760
85765.089999999997 0.603918374
85765.250000000000 0.598202944
85765.410000000003 0.647685707
85765.570000000007 0.550280213
85765.729999999996 0.498121798
85765.889999999999 0.608186066
85766.050000000003 0.669601738
85766.210000000006 0.520713329
85766.369999999995 0.580380321
85766.529999999999 0.606391311
85766.690000000002 0.677723765
85766.850000000006 0.676426709
85767.009999999995 0.605145335
85767.169999999998 0.628522217
85767.330000000002 0.583097339
85767.490000000005 0.613036156
85767.649999999994 0.758248210
85767.809999999998 0.648830950
85767.970000000001 0.628611386
85768.130000000005 0.673347354
85768.289999999994 0.616632402
85768.449999999997 0.549843848
85768.610000000001 0.527447164
85768.770000000004 0.617259502
85768.929999999993 0.526808679
85769.089999999997 0.666674912
85769.250000000000 0.675185025
85769.410000000003 0.671305954
85769.570000000007 0.626565218
85769.729999999996 0.761143804
85769.889999999999 0.807147443
85770.050000000003 0.671294689
85770.210000000006 0.636058688
85770.369999999995 0.648076355
85770.529999999999 0.763886988
85770.690000000002 0.743940473
85770.850000000006 0.735906899
85771.009999999995 0.734199941
85771.169999999998 0.695119798
85771.330000000002 0.784095943
85771.490000000005 0.697559953
85771.649999999994 0.771523952
85771.809999999998 0.889971077
85771.970000000001 0.888913393
85772.130000000005 0.845767081
85772.289999999994 0.795818508
85772.449999999997 0.794313192
85772.610000000001 0.844832778
85772.770000000004 0.894626915
85772.929999999993 0.913089991
85773.089999999997 0.946722448
85773.250000000000 0.966001987
85773.410000000003 0.849071205
85773.570000000007 0.812698126
85773.729999999996 0.748617589
85773.889999999999 0.710296392
85774.050000000003 0.894481957
85774.210000000006 0.954516351
85774.369999999995 0.872429132
85774.529999999999 0.891122937
85774.690000000002 0.903103948
85774.850000000006 0.877954781
85775.009999999995 0.915436149
85775.169999999998 0.888950646
85775.330000000002 0.958951712
85775.490000000005 0.872541845
85775.649999999994 0.833971024
85775.809999999998 0.865447462
85775.970000000001 0.985721052
85776.130000000005 0.871670246
85776.289999999994 0.889492929
85776.449999999997 1.06074512
85776.610000000001 0.941332459
85776.770000000004 0.939074039
85776.929999999993 0.931622267
85777.089999999997 0.904669881
85777.250000000000 0.928490162
85777.410000000003 0.929630578
85777.570000000007 0.954990387
85777.729999999996 0.985219300
85777.889999999999 1.03475761
85778.050000000003 0.914190054
85778.210000000006 0.851961017
85778.369999999995 1.03101349
85778.529999999999 1.06252491
85778.690000000002 1.05616820
85778.850000000006 0.976442039
85779.009999999995 1.05887198
85779.169999999998 0.937214911
85779.330000000002 1.04451704
85779.490000000005 1.01265991
85779.649999999994 0.940903008
85779.809999999998 1.02790987
85779.970000000001 0.881314874
85780.130000000005 0.972775698
85780.289999999994 0.945264459
85780.449999999997 0.891467094
85780.610000000001 0.825204670
85780.770000000004 0.992466152
85780.929999999993 1.05101788
85781.089999999997 0.889127791
85781.250000000000 0.918394148
85781.410000000003 0.861570060
85781.570000000007 0.853722930
85781.729999999996 0.874526322
85781.889999999999 0.883650661
85782.050000000003 0.943217278
85782.210000000006 1.03955185
85782.369999999995 0.997338414
85782.529999999999 0.914286137
85782.690000000002 0.913986623
85782.850000000006 0.984617472
85783.009999999995 0.990547717
85783.169999999998 1.06884062
85783.330000000002 0.955227554
85783.490000000005 0.892513752
85783.649999999994 1.14423108
85783.809999999998 1.04345691
85783.970000000001 0.934819639
85784.130000000005 0.945877671
85784.289999999994 1.09776914
85784.449999999997 0.946874380
85784.610000000001 0.976577222
85784.770000000004 1.05434930
85784.929999999993 1.00067890
85785.089999999997 0.946706355
85785.250000000000 1.04226756
85785.410000000003 0.908986986
85785.570000000007 0.918219626
85785.729999999996 0.871436238
85785.889999999999 0.884914577
85786.050000000003 0.977549553
85786.210000000006 0.920465827
85786.369999999995 0.931415081
85786.529999999999 0.937402308
85786.690000000002 0.982887983
85786.850000000006 0.946912766
85787.009999999995 0.942540705
85787.169999999998 0.920565069
85787.330000000002 0.949266553
85787.490000000005 0.914853394
85787.649999999994 0.969789505
85787.809999999998 0.919618309
85787.970000000001 0.818731606
85788.130000000005 1.02536535
85788.289999999994 0.901860058
85788.449999999997 0.934907913
85788.610000000001 0.962934494
85788.770000000004 0.904379725
85788.929999999993 0.850239098
85789.089999999997 0.948010683
85789.250000000000 0.889608085
85789.410000000003 0.747478843
85789.570000000007 0.968773425
85789.729999999996 0.976926148
85789.889999999999 0.997525692
85790.050000000003 0.994522512
85790.210000000006 1.01540816
85790.369999999995 1.03836405
85790.529999999999 1.09170449
85790.690000000002 0.876676679
85790.850000000006 0.946160972
85791.009999999995 0.883063674
85791.169999999998 0.968669891
85791.330000000002 1.06406021
85791.490000000005 1.05536330
85791.649999999994 0.950150669
85791.809999999998 0.985872209
85791.970000000001 0.822042406
85792.130000000005 1.01020503
85792.289999999994 1.14763165
85792.449999999997 0.933102846
85792.610000000001 0.905384958
85792.770000000004 1.06780100
85792.929999999993 1.02490044
85793.089999999997 0.984218180
85793.250000000000 1.02059042
85793.410000000003 1.03563166
85793.570000000007 0.997632205
85793.729999999996 1.01480389
85793.889999999999 1.00330842
85794.050000000003 0.952266872
85794.210000000006 0.910388172
85794.369999999995 0.891328931
85794.529999999999 0.897138655
85794.690000000002 0.923950672
85794.850000000006 1.02895415
85795.009999999995 0.941649735
85795.169999999998 1.05200410
85795.330000000002 1.00913763
85795.490000000005 0.974623859
85795.649999999994 1.02839828
85795.809999999998 1.20754790
85795.970000000001 1.03435981
85796.130000000005 0.934293032
85796.289999999994 0.952198267
85796.449999999997 0.962446511
85796.610000000001 1.01453102
85796.770000000004 0.943198681
85796.929999999993 0.904648721
85797.089999999997 0.946631074
85797.250000000000 0.899625957
85797.410000000003 0.860414743
85797.570000000007 0.915753305
85797.729999999996 1.01740277
85797.889999999999 0.923677981
85798.050000000003 1.02039039
85798.210000000006 0.917317390
85798.369999999995 0.950603545
85798.529999999999 0.996918738
85798.690000000002 1.04592323
85798.850000000006 0.944061458
85799.009999999995 0.932661176
85799.169999999998 0.987944424
85799.330000000002 1.13781035
85799.490000000005 1.10474789
85799.649999999994 0.966011643
85799.809999999998 1.06783497
85799.970000000001 1.14045429
85800.130000000005 0.975257754
85800.289999999994 1.04054821
85800.449999999997 0.989268899
85800.610000000001 1.04825687
85800.770000000004 1.10839868
85800.929999999993 1.14965880
85801.089999999997 1.05390739
85801.250000000000 1.05353546
85801.410000000003 1.02324426
85801.570000000007 1.05782831
85801.729999999996 1.16646111
85801.889999999999 1.10715592
85802.050000000003 0.946835935
85802.210000000006 0.986003578
85802.369999999995 0.996435106
85802.529999999999 0.970054030
85802.690000000002 0.990430593
85802.850000000006 0.766489387
85803.009999999995 0.819688559
85803.169999999998 0.962371707
85803.330000000002 0.966224432
85803.490000000005 0.861608684
85803.649999999994 0.905119896
85803.809999999998 0.902070284
85803.970000000001 1.04556620
85804.130000000005 0.982087910
85804.289999999994 0.963161469
85804.449999999997 1.00006247
85804.610000000001 1.06733525
85804.770000000004 0.796339989
85804.929999999993 1.08919179
85805.089999999997 0.964362204
85805.250000000000 1.10814643
85805.410000000003 0.904827714
85805.570000000007 1.11212647
85805.729999999996 1.06185412
85805.889999999999 0.902814090
85806.050000000003 1.03908789
85806.210000000006 0.902564287
85806.369999999995 1.01641321
85806.529999999999 1.12886703
85806.690000000002 1.18371415
85806.850000000006 1.13773286
85807.009999999995 0.907390654
85807.169999999998 0.820186138
85807.330000000002 1.00623930
85807.490000000005 0.967062294
85807.649999999994 0.915887535
85807.809999999998 1.05804014
85807.970000000001 0.927573919
85808.130000000005 1.01902342
85808.289999999994 0.948059320
85808.449999999997 0.879055798
85808.610000000001 0.808937907
85808.770000000004 1.02324510
85808.929999999993 0.846156180
85809.089999999997 1.02989888
85809.250000000000 0.930507243
85809.410000000003 0.915702462
85809.570000000007 0.903354883
85809.729999999996 1.01147521
85809.889999999999 0.948069453
85810.050000000003 0.998834968
85810.210000000006 0.798787355
85810.369999999995 0.993874967
85810.529999999999 0.979990304
85810.690000000002 1.10637379
85810.850000000006 1.12315178
85811.009999999995 0.988036752
85811.169999999998 0.985033453
85811.330000000002 0.986141503
85811.490000000005 0.906469584
85811.649999999994 0.884650886
85811.809999999998 0.969387889
85811.970000000001 0.858327508
85812.130000000005 0.834237874
85812.289999999994 0.996401429
85812.449999999997 0.983532250
85812.610000000001 0.785159707
85812.770000000004 0.899559855
85812.929999999993 0.914874494
85813.089999999997 0.823919296
85813.250000000000 0.802638710
85813.410000000003 0.952219129
85813.570000000007 0.891434073
85813.729999999996 0.960484028
85813.889999999999 0.877732158
85814.050000000003 0.924411118
85814.210000000006 0.883824110
85814.369999999995 0.904528677
85814.529999999999 0.917550504
85814.690000000002 0.926792920
85814.850000000006 0.988054097
85815.009999999995 0.863974154
85815.169999999998 0.928299725
85815.330000000002 0.946549296
85815.490000000005 0.986681461
85815.649999999994 1.06293201
85815.809999999998 1.04290378
85815.970000000001 0.870839894
85816.130000000005 0.840485275
85816.289999999994 0.981907785
85816.449999999997 1.03854549
85816.610000000001 0.968721211
85816.770000000004 0.965983629
85816.929999999993 0.912719846
85817.089999999997 0.987238169
85817.250000000000 0.915461659
85817.410000000003 0.829925597
85817.570000000007 0.975077331
85817.729999999996 0.978851736
85817.889999999999 0.947701871
85818.050000000003 1.03970313
85818.210000000006 1.06827760
85818.369999999995 0.989730299
85818.529999999999 1.13319957
85818.690000000002 1.01601112
85818.850000000006 1.06704342
85819.009999999995 1.04155815
85819.169999999998 1.00485384
85819.330000000002 1.05414569
85819.490000000005 1.00485790
85819.649999999994 0.966936827
85819.809999999998 1.05546010
85819.970000000001 0.970316768
85820.130000000005 1.14759648
85820.289999999994 0.917857766
85820.449999999997 1.01090968
85820.610000000001 0.921539068
85820.770000000004 1.00831652
85820.929999999993 0.949956417
85821.089999999997 1.03082418
85821.250000000000 0.930235028
85821.410000000003 1.10908437
85821.570000000007 1.03507948
85821.729999999996 1.00160897
85821.889999999999 1.01437402
85822.050000000003 1.05489206
85822.210000000006 1.06901014
85822.369999999995 0.955436349
85822.529999999999 1.00585544
85822.690000000002 0.959896445
85822.850000000006 1.02466893
85823.009999999995 1.04770231
85823.169999999998 0.968402922
85823.330000000002 0.968534172
85823.490000000005 1.04378426
85823.649999999994 1.08827651
85823.809999999998 0.956347883
85823.970000000001 1.08713746
85824.130000000005 1.11810899
85824.289999999994 0.988749087
85824.449999999997 1.04493797
85824.610000000001 0.983673275
85824.770000000004 1.08762717
85824.929999999993 1.07837224
85825.089999999997 1.12017894
85825.250000000000 1.05283940
85825.410000000003 1.16036355
85825.570000000007 1.04604268
85825.729999999996 1.07943261
85825.889999999999 0.994829416
85826.050000000003 0.974813104
85826.210000000006 0.922584832
85826.369999999995 0.892242849
85826.529999999999 1.05803788
85826.690000000002 0.997594774
85826.850000000006 0.907430053
85827.009999999995 0.917593777
85827.169999999998 1.04343235
85827.330000000002 1.09135294
85827.490000000005 1.03404534
85827.649999999994 1.07903528
85827.809999999998 1.11677730
85827.970000000001 0.931195736
85828.130000000005 1.01329792
85828.289999999994 1.04750109
85828.449999999997 1.12262893
85828.610000000001 0.973205030
85828.770000000004 0.900286913
85828.929999999993 0.974100769
85829.089999999997 0.907196343
85829.250000000000 0.889134765
85829.410000000003 0.975275397
85829.570000000007 1.06457269
85829.729999999996 0.998604596
85829.889999999999 1.00969720
85830.050000000003 1.15106535
85830.210000000006 1.07397246
85830.369999999995 0.969616234
85830.529999999999 1.07797492
85830.690000000002 0.942765653
85830.850000000006 0.982478142
85831.009999999995 1.09847748
85831.169999999998 1.00117040
85831.330000000002 1.03459501
85831.490000000005 1.17061651
85831.649999999994 0.959437191
85831.809999999998 1.03677118
85831.970000000001 1.02418780
85832.130000000005 0.933024645
85832.289999999994 1.01698184
85832.449999999997 0.890256941
85832.610000000001 1.01817966
85832.770000000004 0.971794367
85832.929999999993 1.11636174
85833.089999999997 0.968550205
85833.250000000000 1.02428174
85833.410000000003 0.877039492
85833.570000000007 0.956592500
85833.729999999996 1.00610864
85833.889999999999 0.970312417
85834.050000000003 1.02492857
85834.210000000006 0.963734329
85834.369999999995 1.07347941
85834.529999999999 1.01698327
85834.690000000002 0.961670041
85834.850000000006 0.992863715
85835.009999999995 0.925483525
85835.169999999998 0.817488194
85835.330000000002 0.920973182
85835.490000000005 0.908998609
85835.649999999994 0.800221920
85835.809999999998 0.948334932
85835.970000000001 0.868326426
85836.130000000005 0.885433257
85836.289999999994 0.978764117
85836.449999999997 0.913483679
85836.610000000001 1.00899160
85836.770000000004 0.905178189
85836.929999999993 1.04829681
85837.089999999997 1.07397223
85837.250000000000 1.02129734
85837.410000000003 1.00536859
85837.570000000007 1.03076589
85837.729999999996 1.02994704
85837.889999999999 1.00864875
85838.050000000003 1.04525983
85838.210000000006 0.931829870
85838.369999999995 0.988442183
85838.529999999999 0.983321667
85838.690000000002 1.09743762
85838.850000000006 0.990074635
85839.009999999995 0.946270645
85839.169999999998 1.02169526
85839.330000000002 0.974120677
85839.490000000005 0.981100857
85839.649999999994 0.990882635
85839.809999999998 0.929271936
85839.970000000001 0.957402825
85840.130000000005 1.05850744
85840.289999999994 1.02807617
85840.449999999997 0.980370760
85840.610000000001 1.07410085
85840.770000000004 0.996004164
85840.929999999993 0.992817044
85841.089999999997 0.973244846
85841.250000000000 1.17929685
85841.410000000003 1.04315996
85841.570000000007 1.13482201
85841.729999999996 1.09355688
85841.889999999999 1.00040150
85842.050000000003 1.15562475
85842.210000000006 1.12137496
85842.369999999995 1.04901981
85842.529999999999 0.867993295
85842.690000000002 1.04275560
85842.850000000006 0.980230451
85843.009999999995 0.962380648
85843.169999999998 0.983798504
85843.330000000002 0.929542542
85843.490000000005 1.06702161
85843.649999999994 0.961627305
85843.809999999998 0.976296008
85843.970000000001 1.00553036
85844.130000000005 0.845854044
85844.289999999994 0.919029295
85844.449999999997 0.865036070
85844.610000000001 1.18128896
85844.770000000004 0.954432368
85844.929999999993 0.961808801
85845.089999999997 1.08022833
85845.250000000000 0.974208891
85845.410000000003 1.16707754
85845.570000000007 1.06700289
85845.729999999996 0.941870451
85845.889999999999 1.02769399
85846.050000000003 0.987323701
85846.210000000006 1.09248936
85846.369999999995 0.938376248
85846.529999999999 0.972718716
85846.690000000002 1.03018153
85846.850000000006 0.858173490
85847.009999999995 0.992562354
85847.169999999998 0.937650621
85847.330000000002 1.14199114
85847.490000000005 1.05910742
85847.649999999994 1.04774809
85847.809999999998 0.988301694
85847.970000000001 0.989162862
85848.130000000005 1.06154263
85848.289999999994 1.00231099
85848.449999999997 0.966023624
85848.610000000001 1.02038217
85848.770000000004 0.975195527
85848.929999999993 1.02464962
85849.089999999997 1.07754970
85849.250000000000 1.03074396
85849.410000000003 1.05671656
85849.570000000007 1.12597477
85849.729999999996 0.967047274
85849.889999999999 0.919924438
85850.050000000003 0.890570104
85850.210000000006 0.945481658
85850.369999999995 1.10808742
85850.529999999999 1.12544441
85850.690000000002 1.08612502
85850.850000000006 1.00116742
85851.009999999995 1.05300355
85851.169999999998 1.07946432
85851.330000000002 1.02028894
85851.490000000005 1.15165603
85851.649999999994 0.967543244
85851.809999999998 1.01120424
85851.970000000001 1.14010227
85852.130000000005 1.02317929
85852.289999999994 0.982791305
85852.449999999997 1.04582369
85852.610000000001 1.15703380
85852.770000000004 1.20486951
85852.929999999993 1.10628855
85853.089999999997 1.00344753
85853.250000000000 1.04556751
85853.410000000003 1.14861405
85853.570000000007 1.07671988
85853.729999999996 0.990192533
85853.889999999999 1.09525323
85854.050000000003 1.14154398
85854.210000000006 1.03843057
85854.369999999995 1.18469524
85854.529999999999 1.03852081
85854.690000000002 1.04414368
85854.850000000006 1.12840235
85855.009999999995 1.01676416
85855.169999999998 0.836562932
85855.330000000002 0.954070330
85855.490000000005 1.03763008
85855.649999999994 1.05141997
85855.809999999998 1.05671835
85855.970000000001 1.02943647
85856.130000000005 1.05442297
85856.289999999994 0.905615449
85856.449999999997 1.00566375
85856.610000000001 1.08615196
85856.770000000004 1.04835975
85856.929999999993 0.994909227
85857.089999999997 1.07179821
85857.250000000000 1.14537811
85857.410000000003 1.02360535
85857.570000000007 0.997083127
85857.729999999996 1.25883496
85857.889999999999 0.916531563
85858.050000000003 1.11791146
85858.210000000006 1.09800041
85858.369999999995 1.11503053
85858.529999999999 1.11235762
85858.690000000002 1.09502006
85858.850000000006 1.00755668
85859.009999999995 1.00626874
85859.169999999998 1.08764184
85859.330000000002 1.02861047
85859.490000000005 0.916825771
85859.649999999994 1.04185605
85859.809999999998 1.00487995
85859.970000000001 1.05569112
85860.130000000005 1.01803303
85860.289999999994 1.14381576
85860.449999999997 1.00937331
85860.610000000001 0.880252481
85860.770000000004 0.938670099
85860.929999999993 1.01500010
85861.089999999997 0.860300362
85861.250000000000 1.06035388
85861.410000000003 1.05784976
85861.570000000007 0.963965833
85861.729999999996 0.942844152
85861.889999999999 1.03652012
85862.050000000003 1.18663883
85862.210000000006 0.900616586
85862.369999999995 0.969346344
85862.529999999999 0.976060688
85862.690000000002 1.02414715
85862.850000000006 1.01665068
85863.009999999995 0.962607026
85863.169999999998 1.01453972
85863.330000000002 1.01278675
85863.490000000005 0.970177054
85863.649999999994 1.05359840
85863.809999999998 1.03554559
85863.970000000001 1.09696841
85864.130000000005 0.892347932
85864.289999999994 0.869863212
85864.449999999997 1.07379687
85864.610000000001 1.06569517
85864.770000000004 0.869481981
85864.929999999993 1.03468287
85865.089999999997 1.09956455
85865.250000000000 1.13721788
85865.410000000003 1.05462062
85865.570000000007 1.11844051
85865.729999999996 1.12788737
85865.889999999999 1.06502759
85866.050000000003 1.11594999
85866.210000000006 1.00808978
85866.369999999995 1.19015503
85866.529999999999 1.02281046
85866.690000000002 1.12382782
85866.850000000006 1.00071633
85867.009999999995 1.11817050
85867.169999999998 1.08356953
85867.330000000002 0.968376517
85867.490000000005 1.15754092
85867.649999999994 0.987913549
85867.809999999998 0.909606338
85867.970000000001 1.01773918
85868.130000000005 0.891544938
85868.289999999994 1.00115502
85868.449999999997 1.06794274
85868.610000000001 1.04192436
85868.770000000004 0.991355777
85868.929999999993 1.04474401
85869.089999999997 0.931777000
85869.250000000000 1.14699161
85869.410000000003 1.06011927
85869.570000000007 1.07881045
85869.729999999996 1.02016640
85869.889999999999 1.01944149
85870.050000000003 1.10032082
85870.210000000006 1.03047204
85870.369999999995 1.05506217
85870.529999999999 0.973341823
85870.690000000002 0.972812772
85870.850000000006 1.02332342
85871.009999999995 1.01596749
85871.169999999998 0.983288646
85871.330000000002 0.845382929
85871.490000000005 0.965483367
85871.649999999994 0.963530779
85871.809999999998 1.04604197
85871.970000000001 1.07039678
85872.130000000005 1.06101155
85872.289999999994 0.947269619
85872.449999999997 0.925130129
85872.610000000001 1.04296243
85872.770000000004 1.12974143
85872.929999999993 0.925537884
85873.089999999997 0.954866827
85873.250000000000 1.06282151
85873.410000000003 1.10636723
85873.570000000007 1.00287664
85873.729999999996 1.10014677
85873.889999999999 0.998117983
85874.050000000003 1.12912524
85874.210000000006 1.03490150
85874.369999999995 0.997220039
85874.529999999999 0.889231443
85874.690000000002 1.02724874
85874.850000000006 1.10511768
85875.009999999995 0.924913704
85875.169999999998 1.12992764
85875.330000000002 0.911200166
85875.490000000005 0.963913500
85875.649999999994 1.05614209
85875.809999999998 1.11037230
85875.970000000001 1.00749207
85876.130000000005 1.01241064
85876.289999999994 0.987707913
85876.449999999997 1.04329896
85876.610000000001 1.03733635
85876.770000000004 1.02285874
85876.929999999993 1.10126722
85877.089999999997 0.855798960
85877.250000000000 1.02938330
85877.410000000003 1.05984771
85877.570000000007 1.00221193
85877.729999999996 1.01027834
85877.889999999999 1.09409273
85878.050000000003 1.00846243
85878.210000000006 0.931285977
85878.369999999995 0.992335737
85878.529999999999 1.03220582
85878.690000000002 1.13779891
85878.850000000006 1.08907163
85879.009999999995 1.03928745
85879.169999999998 1.04137278
85879.330000000002 1.08610880
85879.490000000005 1.12963450
85879.649999999994 0.972793162
85879.809999999998 1.06740618
85879.970000000001 1.07735229
85880.130000000005 0.984158635
85880.289999999994 0.924363673
85880.449999999997 0.864724994
85880.610000000001 0.929899395
85880.770000000004 1.09401846
85880.929999999993 0.887665451
85881.089999999997 0.895296156
85881.250000000000 1.14048278
85881.410000000003 1.04137743
85881.570000000007 1.09205651
85881.729999999996 0.911039948
85881.889999999999 0.993139744
85882.050000000003 0.957170606
85882.210000000006 1.21165335
85882.369999999995 1.15182841
85882.529999999999 1.12583232
85882.690000000002 1.02687538
85882.850000000006 1.00482881
85883.009999999995 1.17005670
85883.169999999998 1.10001278
85883.330000000002 0.929046988
85883.490000000005 0.909862876
85883.649999999994 0.997864246
85883.809999999998 1.09580433
85883.970000000001 0.940404236
85884.130000000005 1.08656216
85884.289999999994 1.02508819
85884.449999999997 1.05032301
85884.610000000001 1.12795389
85884.770000000004 0.996206701
85884.929999999993 0.986215889
85885.089999999997 0.834553003
85885.250000000000 0.968485951
85885.410000000003 0.949749887
85885.570000000007 1.01823270
85885.729999999996 1.05244291
85885.889999999999 0.977689385
85886.050000000003 0.992870092
85886.210000000006 0.980800748
85886.369999999995 0.942513585
85886.529999999999 1.09267533
85886.690000000002 1.03157413
85886.850000000006 1.06479645
85887.009999999995 0.998054206
85887.169999999998 1.01401961
85887.330000000002 0.935765982
85887.490000000005 0.958686352
85887.649999999994 0.907162666
85887.809999999998 0.889079809
85887.970000000001 0.926855564
85888.130000000005 0.903048754
85888.289999999994 0.812719703
85888.449999999997 0.860940278
85888.610000000001 0.969381392
85888.770000000004 0.978056073
85888.929999999993 0.884721816
85889.089999999997 1.04182029
85889.250000000000 1.00963807
85889.410000000003 1.06559813
85889.570000000007 0.875349045
85889.729999999996 0.934320331
85889.889999999999 0.974558055
85890.050000000003 0.831860363
85890.210000000006 0.989026725
85890.369999999995 0.891101182
85890.529999999999 0.837130070
85890.690000000002 1.01540351
85890.850000000006 0.975922346
85891.009999999995 0.879065275
85891.169999999998 1.01648951
85891.330000000002 1.00051355
85891.490000000005 0.869260252
85891.649999999994 0.772401750
85891.809999999998 0.909910083
85891.970000000001 1.08107340
85892.130000000005 1.07397270
85892.289999999994 0.930848897
85892.449999999997 0.993741333
85892.610000000001 0.798059344
85892.770000000004 0.965552926
85892.929999999993 0.960799396
85893.089999999997 0.994706869
85893.250000000000 1.07787073
85893.410000000003 0.959995210
85893.570000000007 0.939258695
85893.729999999996 0.907142460
85893.889999999999 0.963983357
85894.050000000003 0.951478183
85894.210000000006 1.07936311
85894.369999999995 0.938014925
85894.529999999999 0.960915804
85894.690000000002 0.969561398
85894.850000000006 1.07386982
85895.009999999995 1.10129058
85895.169999999998 0.909119964
85895.330000000002 0.978004217
85895.490000000005 1.10179853
85895.649999999994 1.02652478
85895.809999999998 1.07337427
85895.970000000001 0.966248631
85896.130000000005 1.07637429
85896.289999999994 1.09946072
85896.449999999997 1.00818837
85896.610000000001 1.22615230
85896.770000000004 0.963479936
85896.929999999993 1.07004035
85897.089999999997 1.02620006
85897.250000000000 1.05260253
85897.410000000003 1.00469959
85897.570000000007 1.11943758
85897.729999999996 0.995781720
85897.889999999999 1.00421882
85898.050000000003 1.01795864
85898.210000000006 0.987544000
85898.369999999995 1.09511936
85898.529999999999 1.00840437
85898.690000000002 0.962413669
85898.850000000006 0.978377879
85899.009999999995 1.02845001
85899.169999999998 0.914948225
85899.330000000002 1.00669098
85899.490000000005 1.06583714
85899.649999999994 1.18300879
85899.809999999998 1.03063226
85899.970000000001 0.920612574
85900.130000000005 1.04744732
85900.289999999994 0.952920437
85900.449999999997 1.00873899
85900.610000000001 0.819641173
85900.770000000004 1.04339361
85900.929999999993 1.12065184
85901.089999999997 1.04248130
85901.250000000000 1.09546173
85901.410000000003 1.06064713
85901.570000000007 0.964677036
85901.729999999996 1.04155684
85901.889999999999 1.15971446
85902.050000000003 0.785812497
85902.210000000006 0.865706682
85902.369999999995 0.989658058
85902.529999999999 0.949999094
85902.690000000002 0.939445734
85902.850000000006 0.884516895
85903.009999999995 1.05825841
85903.169999999998 0.995699108
85903.330000000002 0.980024159
85903.490000000005 0.895152867
85903.649999999994 0.994371593
85903.809999999998 1.19935501
85903.970000000001 0.965875268
85904.130000000005 1.11600959
85904.289999999994 1.04711771
85904.449999999997 1.01287341
85904.610000000001 1.04128730
85904.770000000004 1.00230742
85904.929999999993 1.00426459
85905.089999999997 0.926465690
85905.250000000000 1.08232570
85905.410000000003 1.06378853
85905.570000000007 0.977903068
85905.729999999996 0.971583962
85905.889999999999 1.04443681
85906.050000000003 1.07643235
85906.210000000006 0.960445404
85906.369999999995 0.996916592
85906.529999999999 0.895475328
85906.690000000002 0.982959986
85906.850000000006 1.12824631
85907.009999999995 1.02866304
85907.169999999998 0.890663505
85907.330000000002 1.02991521
85907.490000000005 0.937137842
85907.649999999994 0.899042845
85907.809999999998 1.00046325
85907.970000000001 0.968816221
85908.130000000005 0.860978544
85908.289999999994 0.959801972
85908.449999999997 0.944996893
85908.610000000001 0.983730614
85908.770000000004 1.13756073
85908.929999999993 1.17588770
85909.089999999997 0.985426426
85909.250000000000 0.981622338
85909.410000000003 1.06353855
85909.570000000007 0.886545479
85909.729999999996 1.02311015
85909.889999999999 0.989402533
85910.050000000003 0.998597503
85910.210000000006 0.847959340
85910.369999999995 0.904350042
85910.529999999999 0.937747180
85910.690000000002 1.09024048
85910.850000000006 1.01245105
85911.009999999995 1.02292109
85911.169999999998 0.897462428
85911.330000000002 0.895017326
85911.490000000005 0.950724542
85911.649999999994 1.01832557
85911.809999999998 1.02104259
85911.970000000001 0.881793141
85912.130000000005 1.06380606
85912.289999999994 1.01348042
85912.449999999997 1.00453031
85912.610000000001 1.03118706
85912.770000000004 0.986861706
85912.929999999993 0.940721989
85913.089999999997 1.04758406
85913.250000000000 1.05944026
85913.410000000003 0.960595250
85913.570000000007 1.05150354
85913.729999999996 0.944208622
85913.889999999999 0.990916967
85914.050000000003 1.00691605
85914.210000000006 0.793208539
85914.369999999995 1.09033549
85914.529999999999 0.978527427
85914.690000000002 0.972830534
85914.850000000006 1.00876749
85915.009999999995 0.954053521
85915.169999999998 0.968630314
85915.330000000002 1.00867772
85915.490000000005 1.01506472
85915.649999999994 1.10309446
85915.809999999998 1.01826847
85915.970000000001 1.05579793
85916.130000000005 1.06598628
85916.289999999994 0.991449714
85916.449999999997 0.918259621
85916.610000000001 0.913413167
85916.770000000004 0.968922317
85916.929999999993 1.14356327
85917.089999999997 1.01925766
85917.250000000000 1.12525904
85917.410000000003 0.915690184
85917.570000000007 0.995103300
85917.729999999996 0.983278096
85917.889999999999 0.926997364
