85021.138994540001 0.996432483
85021.138994540001 0.996432483
85021.458991810010 0.961186469
85021.778989080005 0.985148609
85022.098986350000 1.02996218
85022.418983620009 1.02925432
85022.738980890004 0.991372108
85023.058978160014 0.994516730
85023.378975430009 0.963291943
85023.698972700004 0.959170640
85024.018969970013 0.967418313
85024.338967240008 1.00212765
85024.658964510003 0.988982975
85024.978961780012 0.971073210
85025.298959050007 0.975506961
85025.618956320002 0.986622453
85025.938953590012 0.969793975
85026.258950860007 1.01504779
85026.578948130002 0.979158700
85026.898945400011 0.964459240
85027.218942670006 0.999844968
85027.538939940001 0.972032785
85027.858937210010 1.00542462
85028.178934480005 1.01620722
85028.498931750000 1.00454926
85028.818929020010 1.02198970
85029.138926290005 1.02645254
85029.458923560014 1.02297318
85029.778920830009 1.01986563
85030.098918100004 1.04680288
85030.418915370014 1.04819024
85030.738912640008 1.02619064
85031.058909910003 1.04336083
85031.378907180013 0.963535428
85031.698904450008 0.959988415
85032.018901720003 0.982295692
85032.338898990012 1.00243998
85032.658896260007 1.00764632
85032.978893530002 0.930050790
85033.298890800012 0.951344192
85033.618888070007 0.972975671
85033.938885340001 0.981122255
85034.258882610011 0.998225093
85034.578879880006 0.983727753
85034.898877150001 1.00748861
85035.218874420010 1.03871870
85035.538871690005 1.04274225
85035.858868960000 1.01884925
85036.178866230010 0.994821012
85036.498863500005 0.988975644
85036.818860770014 1.01449418
85037.138858040009 0.968024373
85037.458855310004 1.00496650
85037.778852580013 1.00104749
85038.098849850008 1.02754629
85038.418847120003 1.01159549
85038.738844390013 1.02579200
85039.058841660008 1.01477551
85039.378838930003 0.998418987
85039.698836200012 0.979662716
85040.018833470007 0.992270768
85040.338830740002 1.00585902
85040.658828010011 0.983722925
85040.978825280006 0.996871829
85041.298822550001 1.00704646
85041.618819820011 1.02120936
85041.938817090006 1.02638209
85042.258814360001 1.00133908
85042.578811630010 1.01080406
85042.898808900005 0.998131216
85043.218806170000 0.972175598
85043.538803440009 0.986237109
85043.858800710004 0.920737207
85044.178797980014 0.965927124
85044.498795250009 0.945108593
85044.818792520004 0.966132700
85045.138789790013 1.00463080
85045.458787060008 0.989152431
85045.778784330003 1.01717293
85046.098781600012 0.952044189
85046.418778870007 0.967660606
85046.738776140002 0.983682632
85047.058773410012 1.00031316
85047.378770680007 0.987403333
85047.698767950002 0.981287062
85048.018765220011 0.992746353
85048.338762490006 0.930692554
85048.658759760001 0.968413711
85048.978757030010 0.980177164
85049.298754300005 0.997044384
85049.618751570000 0.950233698
85049.938748840010 0.936208308
85050.258746110005 0.973794520
85050.578743380014 0.966934562
85050.898740650009 0.970991790
85051.218737920004 1.00354207
85051.538735190014 1.02980578
85051.858732460008 0.988605380
85052.178729730003 0.989181280
85052.498727000013 1.01132143
85052.818724270008 0.994997501
85053.138721540003 0.984554708
85053.458718810012 1.00946653
85053.778716080007 1.02934217
85054.098713350002 1.02718031
85054.418710620012 1.00247383
85054.738707890006 0.990881801
85055.058705160001 0.988956451
85055.378702430011 0.977127731
85055.698699700006 0.972498357
85056.018696970001 1.00920665
85056.338694240010 0.982911348
85056.658691510005 0.989131868
85056.978688780000 0.979432404
85057.298686050010 1.00184333
85057.618683320004 1.01999545
85057.938680590014 1.03290844
85058.258677860009 1.03297734
85058.578675130004 1.03433073
85058.898672400013 1.03078294
85059.218669670008 0.999282002
85059.538666940003 1.05650783
85059.858664210013 1.01831436
85060.178661480008 0.993066370
85060.498658750003 1.02304888
85060.818656020012 1.02876258
85061.138653290007 1.07371891
85061.458650560002 1.00655782
85061.778647830011 0.955621004
85062.098645100006 0.982257307
85062.418642370001 1.00520945
85062.738639640011 1.01940703
85063.058636910006 1.00565124
85063.378634180001 0.999737203
85063.698631450010 0.946129680
85064.018628720005 0.972123981
85064.338625990000 0.954480827
85064.658623260009 0.943057120
85064.978620530004 0.948736846
85065.298617800014 0.948737919
85065.618615070009 0.990551412
85065.938612340004 0.989842713
85066.258609610013 1.01904833
85066.578606880008 1.00204742
85066.898604150003 0.998161316
85067.218601420012 1.04159760
85067.538598690007 0.972170115
85067.858595960002 1.03017497
85068.178593230012 1.00350654
85068.498590500007 1.01925921
85068.818587770002 1.00472558
85069.138585040011 1.01290679
85069.458582310006 1.02669907
85069.778579580001 0.923266232
85070.098576850010 0.922388375
85070.418574120005 0.969340384
85070.738571390000 1.00307596
85071.058568660010 1.02464271
85071.378565930005 1.02694237
85071.698563200014 1.00186229
85072.018560470009 1.01572227
85072.338557740004 1.04688895
85072.658555010014 0.970665932
85072.978552280008 0.968841672
85073.298549550003 0.977834105
85073.618546820013 0.986826539
85073.938544090008 0.987841666
85074.258541360003 0.979459643
85074.578538630012 1.00940967
85074.898535900007 1.01387262
85075.218533170002 1.01485395
85075.538530440012 1.01231980
85075.858527710006 1.00721657
85076.178524980001 1.01904857
85076.498522250011 0.974497616
85076.818519520006 1.00454926
85077.138516790001 1.00187981
85077.458514060010 1.01263011
85077.778511330005 1.00174654
85078.098508600000 1.09930253
85078.418505870010 1.00039637
85078.738503140004 1.02301157
85079.058500410014 1.02581823
85079.378497680009 1.01828110
85079.698494950004 1.03369629
85080.018492220013 1.02250838
85080.338489490008 1.01801360
85080.658486760003 0.972752154
85080.978484030013 1.00797594
85081.298481300008 0.991819024
85081.618478570002 1.01849067
85081.938475840012 0.974547386
85082.258473110007 0.980700493
85082.578470380002 1.01112437
85082.898467650011 1.01893389
85083.218464920006 1.03025889
85083.538462190001 1.04479527
85083.858459460011 1.00578713
85084.178456730006 1.03489280
85084.498454000000 0.983816624
85084.818451270010 0.941968739
85085.138448540005 0.965801060
85085.458445810000 0.979323328
85085.778443080009 0.988079309
85086.098440350004 1.00352848
85086.418437620014 1.00133204
85086.738434890009 1.02306867
85087.058432160004 1.01894557
85087.378429430013 1.03544259
85087.698426700008 0.989808381
85088.018423970003 0.997313678
85088.338421240012 1.05217814
85088.658418510007 0.982069790
85088.978415780002 0.991535723
85089.298413050012 0.993598580
85089.618410320007 0.997993886
85089.938407590002 1.00816965
85090.258404860011 1.00590563
85090.578402130006 0.956214547
85090.898399400001 1.01520336
85091.218396670010 1.01233077
85091.538393940005 1.01253450
85091.858391210000 1.02612448
85092.178388480010 0.982382715
85092.498385750005 1.02024424
85092.818383020014 1.01105022
85093.138380290009 0.947397649
85093.458377560004 0.946654677
85093.778374830013 0.984279573
85094.098372100008 0.971164227
85094.418369370003 1.00726795
85094.738366640013 1.03884196
85095.058363910008 1.02329278
85095.378361180003 1.02092719
85095.698358450012 1.00358629
85096.018355720007 1.02106392
85096.338352990002 1.01629817
85096.658350260012 1.02356696
85096.978347530006 1.00903165
85097.298344800001 1.01545525
85097.618342070011 1.01457703
85097.938339340006 1.02238667
85098.258336610001 1.03188646
85098.578333880010 1.05061495
85098.898331150005 1.04192793
85099.218328420000 1.02631080
85099.538325690010 1.01650810
85099.858322960004 1.03706217
85100.178320230014 1.05048335
85100.498317500009 1.01563132
85100.818314770004 1.00349605
85101.138312040013 1.00403750
85101.458309310008 1.02567327
85101.778306580003 1.01617479
85102.098303850013 1.02371395
85102.418301120008 1.02719653
85102.738298390002 1.01022708
85103.058295660012 1.04487777
85103.378292930007 1.02736747
85103.698290200002 1.00962043
85104.018287470011 1.03967381
85104.338284740006 1.02054071
85104.658282010001 1.00323319
85104.978279280011 1.00286198
85105.298276550006 0.997622728
85105.618273820000 1.00904942
85105.938271090010 0.970275521
85106.258268360005 1.00012612
85106.578265630000 1.03254580
85106.898262900009 1.01675940
85107.218260170004 1.04116738
85107.538257440014 1.01358283
85107.858254710009 1.01412427
85108.178251980004 1.01246846
85108.498249250013 1.01115060
85108.818246520008 1.02494371
85109.138243790003 1.04353714
85109.458241060012 1.01503980
85109.778238330007 1.05117834
85110.098235600002 1.05134797
85110.418232870012 1.04827213
85110.738230140007 0.957775593
85111.058227410002 0.962745488
85111.378224680011 0.958756924
85111.698221950006 1.01325190
85112.018219220001 0.922247946
85112.338216490010 0.943647325
85112.658213760005 0.997804224
85112.978211030000 0.958962142
85113.298208300010 0.962140322
85113.618205570005 0.970254123
85113.938202840014 0.948889434
85114.258200110009 1.03779864
85114.578197380004 0.986752629
85114.898194650013 0.989694178
85115.218191920008 1.00020826
85115.538189190003 1.01072228
85115.858186460013 0.911266327
85116.178183730008 0.942807496
85116.498181000003 0.973402083
85116.818178270012 0.989460230
85117.138175540007 0.936487019
85117.458172810002 0.948758900
85117.778170080011 0.971950054
85118.098167350006 0.977494657
85118.418164620001 1.00055063
85118.738161890011 0.986386359
85119.058159160006 0.988922238
85119.378156430001 0.962418795
85119.698153700010 0.934461772
85120.018150970005 0.954306185
85120.338148240000 0.988822341
85120.658145510009 0.971818328
85120.978142780004 0.999505758
85121.298140050014 0.999134243
85121.618137320009 0.997207701
85121.938134590004 1.00238037
85122.258131860013 0.986660957
85122.578129130008 1.05119693
85122.898126400003 1.01181328
85123.218123670013 1.02702641
85123.538120940008 1.02844656
85123.858118210002 1.01796699
85124.178115480012 1.06303084
85124.498112750007 0.987440825
85124.818110020002 0.985243797
85125.138107290011 0.980714083
85125.458104560006 1.01117361
85125.778101830001 1.03122103
85126.098099100011 1.05295861
85126.418096370006 1.02730012
85126.738093640000 1.00830138
85127.058090910010 1.01489389
85127.378088180005 1.01144588
85127.698085450000 1.01489437
85128.018082720009 1.06377840
85128.338079990004 1.02645671
85128.658077260014 1.04508412
85128.978074530009 0.920441031
85129.298071800004 0.946607292
85129.618069070013 0.971015573
85129.938066340008 0.983084679
85130.258063610003 1.00417995
85130.578060880012 1.02950108
85130.898058150007 1.03849375
85131.218055420002 1.02493775
85131.538052690012 1.04305816
85131.858049960007 0.988731682
85132.178047230002 1.02064502
85132.498044500011 0.990253389
85132.818041770006 1.02571642
85133.138039040001 1.01560855
85133.458036310010 1.00705576
85133.778033580005 1.03934097
85134.098030850000 0.998334110
85134.418028120010 1.01469648
85134.738025390005 1.03356063
85135.058022660014 1.01635337
85135.378019930009 0.995461285
85135.698017200004 1.01493394
85136.018014470013 1.03521788
85136.338011740008 1.01452851
85136.658009010003 1.01554286
85136.978006280013 1.02081680
85137.298003550008 1.00928903
85137.618000820003 0.985252857
85137.937998090012 1.02795041
85138.257995360007 1.00661874
85138.577992630002 0.961250722
85138.897989900011 0.997153223
85139.217987170006 1.01138580
85139.537984440001 0.994719386
85139.857981710011 0.970953584
85140.177978980006 0.967336416
85140.497976250001 0.973861158
85140.817973520010 0.993671775
85141.137970790005 1.02338767
85141.457968060000 0.986369789
85141.777965330009 0.998337328
85142.097962600004 0.984104931
85142.417959870014 1.02582216
85142.737957140009 1.04056180
85143.057954410004 1.01706636
85143.377951680013 0.973929465
85143.697948950008 1.00357771
85144.017946220003 1.00567377
85144.337943490013 1.01175904
85144.657940760007 1.01067722
85144.977938030002 1.04049456
85145.297935300012 1.01649201
85145.617932570007 1.03018367
85145.937929840002 1.05634987
85146.257927110011 1.05181980
85146.577924380006 1.01432848
85146.897921650001 1.01551175
85147.217918920011 1.01453137
85147.537916190005 0.986539602
85147.857913460000 1.01679635
85148.177910730010 1.02149546
85148.497908000005 0.977073789
85148.817905270000 1.00479507
85149.137902540009 1.00800669
85149.457899810004 1.02808762
85149.777897080014 0.961725593
85150.097894350009 0.927919090
85150.417891620004 0.951110303
85150.737888890013 0.975214243
85151.057886160008 0.958649039
85151.377883430003 0.894112527
85151.697880700012 0.970717847
85152.017877970007 1.00638354
85152.337875240002 0.995396376
85152.657872510012 0.986167133
85152.977869780007 0.987620771
85153.297867050002 1.04728901
85153.617864320011 1.00337434
85153.937861590006 1.02433431
85154.257858860001 0.992420912
85154.577856130010 1.00083864
85154.897853400005 1.00972962
85155.217850670000 1.00033128
85155.537847940010 1.08373165
85155.857845210005 0.977173746
85156.177842480014 1.00168324
85156.497839750009 1.00766683
85156.817837020004 1.04924858
85157.137834290013 1.02301466
85157.457831560008 1.03349447
85157.777828830003 1.01124978
85158.097826100013 1.00475883
85158.417823370008 1.01057339
85158.737820640003 0.998740971
85159.057817910012 0.945529640
85159.377815180007 0.934779048
85159.697812450002 0.964832723
85160.017809720011 0.965745330
85160.337806990006 0.966252267
85160.657804260001 0.983121395
85160.977801530011 0.949044466
85161.297798800006 0.950531781
85161.617796070001 0.991538584
85161.937793340010 0.964459598
85162.257790610005 0.989611268
85162.577787880000 0.989340603
85162.897785150009 1.00580406
85163.217782420004 1.01073956
85163.537779690014 1.02260530
85163.857776960009 0.996134758
85164.177774230004 1.03196919
85164.497771500013 1.00211799
85164.817768770008 1.03487599
85165.137766040003 0.995930970
85165.457763310013 0.988932848
85165.777760580007 1.02317822
85166.097757850002 1.00073063
85166.417755120012 1.01137936
85166.737752390007 1.01912069
85167.057749660002 1.03112161
85167.377746930011 1.03135800
85167.697744200006 1.01600969
85168.017741470001 0.940993607
85168.337738740011 0.942920268
85168.657736010005 0.978585422
85168.977733280000 0.986022472
85169.297730550010 1.04031479
85169.617727820005 0.949173272
85169.937725090000 0.977570057
85170.257722360009 0.984060526
85170.577719630004 0.944540918
85170.897716900014 0.990077317
85171.217714170009 0.972328842
85171.537711440003 0.924560606
85171.857708710013 0.972125351
85172.177705980008 0.956675708
85172.497703250003 0.947716773
85172.817700520012 0.986153781
85173.137697790007 1.00711310
85173.457695060002 1.00934398
85173.777692330012 1.02046573
85174.097689600007 0.991054237
85174.417686870001 1.00457621
85174.737684140011 1.01711786
85175.057681410006 1.01972044
85175.377678680001 1.01207995
85175.697675950010 1.01366842
85176.017673220005 1.00244451
85176.337670490000 1.03858244
85176.657667760010 1.05991352
85176.977665030005 1.00196993
85177.297662300014 0.984559596
85177.617659570009 1.01684368
85177.937656840004 1.01126528
85178.257654110013 1.01417208
85178.577651380008 1.00741053
85178.897648650003 0.996254206
85179.217645920013 1.02197993
85179.537643190008 1.00257504
85179.857640460003 1.00159419
85180.177637730012 0.988172889
85180.497635000007 0.983135343
85180.817632270002 1.00865817
85181.137629540011 0.966738701
85181.457626810006 0.980091453
85181.777624080001 0.969239414
85182.097621350011 1.04729593
85182.417618620006 0.998412669
85182.737615890001 1.00852001
85183.057613160010 1.03225100
85183.377610430005 1.01135862
85183.697607700000 1.01301455
85184.017604970009 1.01355493
85184.337602240004 1.04090309
85184.657599510014 1.08836532
85184.977596780009 1.05685806
85185.297594050004 1.02551997
85185.617591320013 1.03904152
85185.937588590008 1.00520182
85186.257585860003 1.00547171
85186.577583130012 1.01791155
85186.897580400007 1.00320566
85187.217577670002 1.01125073
85187.537574940012 0.974064410
85187.857572210007 0.925587177
85188.177569480002 0.976869106
85188.497566750011 1.01489937
85188.817564020006 1.00090349
85189.137561290001 1.02493834
85189.457558560011 0.996406198
85189.777555830005 0.960538387
85190.097553100000 0.961721003
85190.417550370010 0.960740089
85190.737547640005 0.995085418
85191.057544910014 1.00654471
85191.377542180009 0.960129797
85191.697539450004 0.984908283
85192.017536720014 0.989302337
85192.337533990009 0.974528909
85192.657531260003 0.982844293
85192.977528530013 0.984162092
85193.297525800008 1.03737032
85193.617523070003 1.06512344
85193.937520340012 0.968474746
85194.257517610007 0.987235725
85194.577514880002 1.00234580
85194.897512150012 0.964483857
85195.217509420007 0.968438327
85195.537506690001 0.995312452
85195.857503960011 0.982195556
85196.177501230006 1.01042175
85196.497498500001 0.972492278
85196.817495770010 0.981314600
85197.137493040005 0.971476734
85197.457490310000 0.987398028
85197.777487580010 1.01633406
85198.097484850005 0.981954098
85198.417482120014 0.974685431
85198.737479390009 1.00804973
85199.057476660004 1.00463474
85199.377473930013 0.975629807
85199.697471200008 1.03962088
85200.017468470003 1.04039764
85200.337465740013 0.975661457
85200.657463010008 0.997734964
85200.977460280003 1.03295827
85201.297457550012 1.03556049
85201.617454820007 1.02693963
85201.937452090002 1.02011037
85202.257449360011 0.993133783
85202.577446630006 0.997899413
85202.897443900001 0.978461266
85203.217441170011 0.985694587
85203.537438440006 0.993908167
85203.857435710001 0.994583488
85204.177432980010 1.01520312
85204.497430250005 1.01726437
85204.817427520000 0.993938804
85205.137424790009 1.00414681
85205.457422060004 0.977576077
85205.777419330014 0.967332721
85206.097416600009 0.978318155
85206.417413870004 1.01019442
85206.737411140013 0.941537976
85207.057408410008 0.982879221
85207.377405680003 0.980376899
85207.697402950012 0.993120074
85208.017400220007 0.971687675
85208.337397490002 0.998155117
85208.657394760012 1.01830125
85208.977392030007 1.00832832
85209.297389300002 1.02512777
85209.617386570011 1.00335741
85209.937383840006 1.00622988
85210.257381110001 1.01920950
85210.577378380010 0.976751447
85210.897375650005 0.926045358
85211.217372920000 0.950078785
85211.537370190010 1.01014650
85211.857367460005 1.00666392
85212.177364730014 0.990876794
85212.497362000009 1.02096081
85212.817359270004 1.00990617
85213.137356540014 1.01592231
85213.457353810008 1.03681171
85213.777351080003 0.985362291
85214.097348350013 1.01335037
85214.417345620008 0.994960546
85214.737342890003 0.992796183
85215.057340160012 1.03815889
85215.377337430007 1.03400016
85215.697334700002 1.00273144
85216.017331970012 0.994482517
85216.337329240007 0.957602620
85216.657326510001 0.992621422
85216.977323780011 0.998502135
85217.297321050006 1.02250123
85217.617318320001 1.00049460
85217.937315590010 1.02165413
85218.257312860005 1.01898265
85218.577310130000 0.919466555
85218.897307400010 0.941369712
85219.217304670005 0.969932020
85219.537301940014 0.981525302
85219.857299210009 1.00231290
85220.177296480004 1.01360190
85220.497293750013 0.983482838
85220.817291020008 1.00930691
85221.137288290003 1.01113117
85221.457285560013 0.985744536
85221.777282830008 0.985743463
85222.097280100003 0.987838209
85222.417277370012 0.994834185
85222.737274640007 1.01687217
85223.057271910002 0.997063041
85223.377269180011 0.992667675
85223.697266450006 1.00182700
85224.017263720001 0.950581968
85224.337260990011 0.923437893
85224.657258260006 0.943380058
85224.977255530001 0.957136452
85225.297252800010 0.974543393
85225.617250070005 0.991003811
85225.937247340000 1.00016308
85226.257244610009 1.02693295
85226.577241880004 1.01767015
85226.897239150014 1.04011333
85227.217236420009 0.992823601
85227.537233690004 0.986366391
85227.857230960013 0.983390689
85228.177228230008 1.01452088
85228.497225500003 1.06366718
85228.817222770012 0.990958869
85229.137220040007 0.850985825
85229.457217310002 0.952422976
85229.777214580012 0.935757756
85230.097211850007 0.949412405
85230.417209120002 1.00356102
85230.737206390011 0.955900013
85231.057203660006 0.979661167
85231.377200930001 1.00555170
85231.697198200010 1.00173104
85232.017195470005 1.01183629
85232.337192740000 1.01710808
85232.657190010010 1.02498257
85232.977187280005 1.03556097
85233.297184550014 1.00223196
85233.617181820009 1.02714205
85233.937179090004 1.02328753
85234.257176360014 1.04762280
85234.577173630008 1.00570858
85234.897170900003 1.00121188
85235.217168170013 1.00560474
85235.537165440008 1.05346525
85235.857162710003 1.04143083
85236.177159980012 1.01962817
85236.497157250007 0.994242728
85236.817154520002 0.979842424
85237.137151790012 0.997180820
85237.457149060006 0.990453303
85237.777146330001 0.999747097
85238.097143600011 1.00660729
85238.417140870006 0.979193985
85238.737138140001 1.01556182
85239.057135410010 1.01234949
85239.377132680005 0.984902442
85239.697129950000 0.989565551
85240.017127220010 1.00517988
85240.337124490004 0.977056980
85240.657121760014 0.986519694
85240.977119030009 1.01372731
85241.297116300004 1.01058257
85241.617113570013 1.02612913
85241.937110840008 1.01433170
85242.257108110003 1.01365435
85242.577105380013 1.01466691
85242.897102650008 1.03420174
85243.217099920003 1.03683674
85243.537097190012 1.04656959
85243.857094460007 1.03179777
85244.177091730002 1.01286876
85244.497089000011 0.982515454
85244.817086270006 1.01178432
85245.137083540001 1.00617230
85245.457080810011 1.00005317
85245.777078080006 0.992582202
85246.097075350001 1.00481606
85246.417072620010 0.986157596
85246.737069890005 0.998560488
85247.057067160000 0.999404013
85247.377064430009 1.00893390
85247.697061700004 0.989227712
85248.337056240009 0.967897832
85248.657053510004 0.974554837
85248.977050780013 0.995305896
85249.297048050008 1.03322661
85249.617045320003 1.00598335
85249.937042590012 0.997126698
85250.577037130002 0.978805006
85250.897034400012 1.00384820
85251.217031670007 0.953216732
85251.537028940002 0.974643528
85251.857026210011 0.980522990
85252.177023480006 0.993162096
85252.497020750001 0.999007702
85252.817018020010 0.982715487
85253.137015290005 1.01370692
85253.457012560000 0.966658473
85253.777009830010 1.00251675
85254.097007100005 0.987103343
85254.417004370014 1.03871131
85254.737001640009 0.977129996
85255.056998910004 0.963508010
85255.376996180014 0.987063587
85255.696993450008 1.01241028
85256.016990720003 1.00412834
85256.336987990013 0.987194240
85256.656985260008 1.01078343
85256.976982530003 1.02288127
85257.296979800012 1.01696515
85257.616977070007 1.02020812
85257.936974340002 1.01956439
85258.256971610012 1.00705779
85258.576968880006 1.01520133
85258.896966150001 1.03808045
85259.216963420011 1.01273096
85259.536960690006 1.04666162
85259.856957960001 1.01620889
85260.176955230010 1.00336444
85260.496952500005 0.959088862
85260.816949770000 0.973281980
85261.136947040010 0.961721957
85261.456944310004 0.966147780
85261.776941580014 0.977637053
85262.096938850009 1.03853703
85262.416936120004 1.09088624
85262.736933390013 1.03768873
85263.056930660008 0.913586378
85263.376927930003 0.932308137
85263.696925200013 0.985535860
85264.016922470008 0.943525434
85264.336919740002 0.998003423
85264.656917010012 0.977419913
85264.976914280007 1.01973104
85265.296911550002 0.997761905
85265.616908820011 1.00898051
85265.936906090006 0.998907626
85266.256903360001 1.00907850
85266.576900630011 1.04581296
85266.896897900006 1.05635548
85267.216895170000 1.03499472
85267.536892440010 1.02265763
85267.856889710005 1.02042532
85268.176886980000 1.04776418
85268.496884250009 1.03755617
85268.816881520004 1.01325548
85269.136878790014 1.04235160
85269.456876060009 0.996219158
85269.776873330004 0.979083180
85270.096870600013 0.973944604
85270.416867870008 0.936328948
85270.736865140003 0.976171732
85271.056862410012 1.04092133
85271.376859680007 1.01087582
85271.696856950002 0.976132810
85272.016854220012 0.982822478
85272.336851490007 1.00796413
85272.656848760002 1.03053725
85272.976846030011 1.01860583
85273.296843300006 1.02370703
85273.616840570001 0.994608045
85273.936837840010 0.957837880
85274.256835110005 0.972773314
85274.576832380000 0.986052752
85274.896829650010 0.965909541
85275.216826920005 0.996761978
85275.536824190014 0.993820071
85275.856821460009 0.968269885
85276.176818730004 0.991180539
85276.496816000013 1.01527393
85276.816813270008 1.00141644
85277.136810540003 1.05122685
85277.456807810013 1.01003027
85277.776805080008 1.00837255
85278.096802350003 1.02857924
85278.416799620012 0.998568594
85278.736796890007 0.978358209
85279.056794160002 0.997348368
85279.376791430012 1.01728463
85279.696788700006 1.08034122
85280.016785970001 1.01045454
85280.336783240011 1.01961064
85280.656780510006 1.02596188
85280.976777780001 1.00281167
85281.296775050010 1.03954279
85281.616772320005 0.969589293
85281.936769590000 0.971682608
85282.256766860010 0.987563431
85282.576764130004 0.986953259
85282.896761400014 0.959072351
85283.216758670009 1.00698853
85283.536755940004 1.01976025
85283.856753210013 1.03090978
85284.176750480008 1.00640821
85284.496747750003 1.00600076
85284.816745020013 1.00038934
85285.136742290008 1.02370405
85285.456739560002 1.01849806
85285.776736830012 1.00007939
85286.096734100007 1.00352418
85286.416731370002 0.983517289
85286.736728640011 1.03400064
85287.056725910006 1.00980353
85287.376723180001 1.01027465
85287.696720450011 0.997093856
85288.016717720006 1.02929533
85288.336714990000 1.02625203
85288.656712260010 1.02317500
85288.976709530005 1.00816953
85289.296706800000 1.01837254
85289.616704070009 1.02468944
85289.936701340004 1.05509961
85290.256698610014 1.03783011
85290.576695880009 1.05080378
85290.896693150004 1.03542674
85291.216690420013 1.00203907
85291.536687690008 0.992237687
85291.856684960003 1.01230741
85292.176682230012 0.968140781
85292.496679500007 0.994461775
85292.816676770002 1.01818085
85293.136674040012 1.01986825
85293.456671310007 1.03084803
85293.776668580002 0.994622529
85294.096665850011 0.961201787
85294.416663120006 1.00245774
85294.736660390001 1.01816821
85295.056657660010 1.00373769
85295.376654930005 0.930106878
85295.696652200000 0.967341542
85296.016649470010 1.07708943
85296.336646740005 0.977035224
85296.656644010014 0.995212078
85296.976641280009 0.987336934
85297.296638550004 0.973176956
85297.616635820013 0.965977728
85297.936633090008 0.993547976
85298.256630360003 0.996890962
85298.576627630013 1.01939261
85298.896624900008 1.00036705
85299.216622170003 0.987761497
85299.536619440012 1.01965642
85299.856616710007 1.01843774
85300.176613980002 1.01992226
85300.496611250011 1.04046381
85300.816608520006 0.970417142
85301.136605790001 1.03390419
85301.456603060011 1.03089476
85301.776600330006 1.01295078
85302.096597600001 0.998960078
85302.416594870010 1.00405991
85302.736592140005 1.02460110
85303.056589410000 0.931748390
85303.376586680009 0.965298116
85303.696583950004 0.933602631
85304.016581220014 0.957961798
85304.336578490009 0.954885006
85304.656575760004 0.972148538
85304.976573030013 1.00289345
85305.296570300008 0.984240234
85305.616567570003 1.01478219
85305.936564840013 0.965855360
85306.256562110008 0.988490880
85306.576559380002 1.02690506
85306.896556650012 0.968484282
85307.216553920007 1.00848639
85307.536551190002 0.960776389
85307.856548460011 0.971991539
85308.176545730006 1.00902009
85308.496543000001 1.01361287
85308.816540270011 1.05405354
85309.136537540006 0.985058248
85309.456534810000 1.03364146
85309.776532080010 1.01546180
85310.096529350005 1.00221515
85310.416526620000 0.946768939
85310.736523890009 0.931529045
85311.056521160004 1.02275038
85311.376518430014 0.978758097
85311.696515700009 0.974735260
85312.016512970004 0.999869943
85312.336510240013 0.983785391
85312.656507510008 0.978985488
85312.976504780003 1.01942503
85313.296502050012 1.05516815
85313.616499320007 0.974079669
85313.936496590002 1.01671505
85314.256493860012 1.04353845
85314.576491130007 1.00998688
85314.896488400002 1.06576443
85315.216485670011 1.04008496
85315.536482940006 1.02504802
85315.856480210001 1.03355944
85316.176477480010 1.00899506
85316.496474750005 1.00588453
85316.816472020000 1.02730179
85317.136469290010 0.994392753
85317.456466560005 1.00810707
85317.776463830014 1.00597620
85318.096461100009 1.02580535
85318.416458370004 1.00732267
85318.736455640013 1.00708377
85319.056452910008 1.01698017
85319.376450180003 1.00170720
85319.696447450013 1.04282022
85320.016444720008 1.02305388
85320.336441990003 1.01173377
85320.656439260012 1.02858949
85320.976436530007 1.02304637
85321.296433800002 0.965205848
85321.616431070011 1.00027108
85321.936428340006 0.994322658
85322.256425610001 0.997597218
85322.576422880011 0.975635469
85322.896420150006 1.00232196
85323.216417420001 1.01718414
85323.536414690010 0.999614358
85323.856411960005 1.00822651
85324.176409230000 0.997143149
85324.496406500009 1.00893092
85324.816403770004 1.01308370
85325.136401040014 0.998047829
85325.456398310009 1.02311218
85325.776395580004 1.00398850
85326.096392850013 1.03253233
85326.416390120008 0.974018335
85326.736387390003 0.996852815
85327.056384660013 1.03431499
85327.376381930007 1.04214978
85327.696379200002 1.05758560
85328.016376470012 1.02204418
85328.336373740007 1.01535273
85328.656371010002 1.01035035
85328.976368280011 1.03396130
85329.296365550006 1.03797865
85329.616362820001 1.04527283
85329.936360090011 1.05118191
85330.256357360005 1.00435805
85330.576354630000 0.954696715
85330.896351900010 0.966483951
85331.216349170005 0.980466902
85331.536346440000 0.988571823
85331.856343710009 1.02859974
85332.176340980004 0.922423482
85332.496338250014 0.938534558
85332.816335520009 0.982649803
85333.136332790004 0.999368727
85333.456330060013 0.988319814
85333.776327330008 1.01203120
85334.096324600003 1.05759835
85334.416321870012 1.03503025
85334.736319140007 0.966284633
85335.056316410002 1.00077164
85335.376313680012 1.00789654
85335.696310950007 0.926855683
85336.016308220002 0.970902205
85336.336305490011 0.982519865
85336.656302760006 0.993698359
85336.976300030001 0.981399894
85337.296297300010 0.974776447
85337.616294570005 1.01791024
85337.936291840000 1.00986803
85338.256289110010 1.03155160
85338.576286380005 1.00793707
85338.896283650014 1.02050018
85339.216280920009 0.999622047
85339.536278190004 1.01603591
85339.856275460013 0.997319639
85340.176272730008 1.01528716
85340.496270000003 0.998665333
85340.816267270013 0.996534586
85341.136264540008 1.02173054
85341.456261810003 1.02041042
85341.776259080012 1.03422296
85342.096256350007 1.03036940
85342.416253620002 1.01553798
85342.736250890011 1.00364530
85343.056248160006 0.924028039
85343.376245430001 0.970132172
85343.696242700011 1.03119957
85344.016239970006 0.986542702
85344.336237240001 0.998159409
85344.656234510010 1.01396441
85344.976231780005 1.00808442
85345.296229050000 1.00125849
85345.616226320009 0.995581150
85345.936223590004 1.00490081
85346.256220860014 1.01989496
85346.576218130009 1.03049803
85346.896215400004 1.01401210
85347.216212670013 1.00836849
85347.536209940008 0.999178469
85347.856207210003 0.970431805
85348.176204480013 0.987215936
85348.496201750007 1.01207244
85348.816199020002 1.01362336
85349.136196290012 1.00507510
85349.456193560007 1.00983465
85349.776190830002 1.00983167
85350.096188100011 1.02040064
85350.416185370006 1.01789832
85350.736182640001 0.918426216
85351.056179910011 0.983272552
85351.376177180005 0.998705089
85351.696174450000 1.02058864
85352.016171720010 1.08090818
85352.336168990005 1.03405893
85352.656166260000 0.966505945
85352.976163530009 0.994401217
85353.296160800004 0.985481799
85353.616158070014 1.02013171
85353.936155340009 0.947344482
85354.256152610003 0.975205660
85354.576149880013 0.993880093
85354.896147150008 0.997288406
85355.216144420003 1.02997887
85355.536141690012 1.04821396
85355.856138960007 1.05503321
85356.176136230002 1.07539570
85356.496133500012 0.990079880
85356.816130770007 1.01317811
85357.136128040001 0.973052084
85357.456125310011 0.979229748
85357.776122580006 0.971965551
85358.096119850001 1.03640223
85358.416117120010 1.00438201
85358.736114390005 1.00383866
85359.056111660000 0.985125422
85359.376108930010 0.997179389
85359.696106200005 0.994812310
85360.016103470014 0.966203809
85360.336100740009 0.951644897
85360.656098010004 1.00385439
85360.976095280013 0.976664543
85361.296092550008 0.997397780
85361.616089820003 0.981690705
85361.936087090013 0.945720434
85362.256084360008 0.955274999
85362.576081630003 0.968071699
85362.896078900012 0.987926543
85363.216076170007 0.985897243
85363.536073440002 1.00153041
85363.856070710011 1.00071692
85364.176067980006 0.998552442
85364.496065250001 0.979637444
85364.816062520011 0.999728322
85365.136059790006 0.991012275
85365.456057060001 0.997560799
85365.776054330010 1.00512242
85366.096051600005 1.01704037
85366.416048870000 0.946321428
85366.736046140009 0.947669327
85367.056043410004 0.962896883
85367.376040680014 1.00963199
85367.696037950009 1.06761241
85368.016035220004 1.00844383
85368.336032490013 1.03410590
85368.656029760008 0.998745501
85368.976027030003 1.01289189
85369.296024300013 1.01120031
85369.616021570007 1.01004899
85369.936018840002 1.00609469
85370.256016110012 1.02223337
85370.576013380007 1.00639236
85370.896010650002 0.997305214
85371.216007920011 1.01280212
85371.536005190006 0.991794586
85371.856002460001 0.990204275
85372.175999730011 0.984021425
85372.495997000005 0.985233963
85372.815994270000 0.985804915
85373.135991540010 0.978946805
85373.455988810005 0.955643535
85373.775986080000 1.03026819
85374.095983350009 0.993187547
85374.415980620004 0.971944273
85374.735977890014 0.980957150
85375.055975160009 0.978387654
85375.375972430003 0.995470941
85375.695969700013 0.965819836
85376.015966970008 1.06752431
85376.335964240003 0.974255383
85376.655961510012 0.957672536
85376.975958780007 0.987080574
85377.295956050002 0.944497168
85377.615953320012 0.975829780
85377.935950590007 1.05460453
85378.255947860001 0.936046243
85378.575945130011 0.973557889
85378.895942400006 1.00252628
85379.215939670001 1.00272560
85379.535936940010 1.01578987
85379.855934210005 0.946869850
85380.175931480000 0.998663783
85380.495928750010 0.994102120
85380.815926020005 0.991194963
85381.135923290014 0.987274885
85381.455920560009 1.03288889
85381.775917830004 0.952050984
85382.095915100013 0.991485715
85382.415912370008 1.02305293
85382.735909640003 1.01551986
85383.055906910013 1.02183056
85383.375904180008 1.01389241
85383.695901450003 1.03431678
85384.015898720012 0.986097336
85384.335895990007 1.02772570
85384.655893260002 1.01441908
85384.975890530011 0.982272029
85385.295887800006 0.998408020
85385.615885070001 1.01565814
85385.935882340011 1.00366843
85386.255879610006 1.03098011
85386.575876880001 1.01088715
85386.895874150010 1.01885188
85387.215871420005 1.01881468
85387.535868690000 1.04578817
85387.855865960009 1.03319097
85388.175863230004 1.03453791
85388.495860500014 1.03949761
85388.815857770009 0.985135674
85389.135855040004 1.01960421
85389.455852310013 1.03310585
85389.775849580008 0.985328138
85390.095846850003 0.999505043
85390.415844120012 0.984173477
85390.735841390007 1.00888407
85391.055838660002 0.980081439
85391.375835930012 0.996047556
85391.695833200007 1.00279641
85392.015830470002 1.00947785
85392.335827740011 0.991648197
85392.655825010006 1.02500117
85392.975822280001 0.972194672
85393.295819550010 0.990692496
85393.615816820005 0.952977777
85393.935814090000 1.00111783
85394.255811360010 0.990783453
85394.575808630005 0.952697754
85394.895805900014 0.962214947
85395.215803170009 1.01028669
85395.535800440004 1.00093150
85395.855797710014 0.947822869
85396.175794980009 0.942080319
85396.495792250003 0.965033889
85396.815789520013 0.971444845
85397.135786790008 0.993081570
85397.455784060003 1.01262498
85397.775781330012 0.994526207
85398.095778600007 1.00012672
85398.415775870002 1.01902843
85398.735773140012 0.989282906
85399.055770410007 0.967876077
85399.375767680001 0.975670934
85399.695764950011 0.961792529
85400.015762220006 0.987040699
85400.335759490001 1.00871027
85400.655756760010 1.00576961
85400.975754030005 0.998069108
85401.295751300000 1.01859057
85401.615748570010 0.960522771
85401.935745840005 0.989753842
85402.255743110014 1.00116050
85402.575740380009 0.994506598
85402.895737650004 0.989540577
85403.215734920013 0.975527585
85403.535732190008 0.981195331
85403.855729460003 0.961443722
85404.175726730013 0.981492043
85404.495724000008 0.996442854
85404.815721270003 0.967982054
85405.135718540012 0.966898322
85405.455715810007 1.00429726
85405.775713080002 0.993660271
85406.095710350011 1.02744687
85406.415707620006 0.996184707
85406.735704890001 1.00657797
85407.055702160011 0.998776615
85407.375699430006 1.00633430
85407.695696700001 1.00805211
85408.015693970010 0.990394175
85408.335691240005 0.988398969
85408.655688510000 1.01810014
85408.975685780009 1.00955629
85409.295683050004 1.02136683
85409.615680320014 1.00630832
85409.935677590009 1.02632129
85410.255674860004 0.978453040
85410.575672130013 0.979968369
85410.895669400008 0.960724533
85411.215666670003 1.00230658
85411.535663940012 1.02221787
85411.855661210007 0.957507133
85412.175658480002 0.968777418
85412.495655750012 0.990443885
85412.815653020007 1.02159500
85413.135650290002 1.03245986
85413.455647560011 0.962012112
85413.775644830006 0.971493244
85414.095642100001 1.00598550
85414.415639370010 0.991467834
85414.735636640005 1.00972450
85415.055633910000 0.946771383
85415.375631180010 0.961889088
85415.695628450005 0.950105727
85416.015625720014 0.931234419
85416.335622990009 0.951178551
85416.655620260004 0.979763210
85416.975617530014 0.977970600
85417.295614800008 0.947319925
85417.615612070003 0.950725257
85417.935609340013 0.996860385
85418.255606610008 1.01346242
85418.575603880003 0.980381966
85418.895601150012 1.01868606
85419.215598420007 1.01115561
85419.535595690002 0.996064961
85419.855592960012 1.00291264
85420.175590230006 1.01948047
85420.495587500001 1.04651093
85420.815584770011 1.03209531
85421.135582040006 1.02517247
85421.455579310001 1.01838470
85421.775576580010 1.01014566
85422.095573850005 1.02570057
85422.415571120000 1.01422155
85422.735568390010 1.03963125
85423.055565660005 0.984176338
85423.375562930014 0.991394937
85423.695560200009 0.976170003
85424.015557470004 0.973938763
85424.335554740013 0.971808732
85424.655552010008 1.04389298
85424.975549280003 1.01675475
85425.295546550013 0.986073017
85425.615543820008 0.967642367
85425.935541090003 0.989507616
85426.255538360012 0.954641581
85426.575535630007 0.991355956
85426.895532900002 1.00201643
85427.215530170011 1.01676035
85427.535527440006 0.951926649
85427.855524710001 0.945848286
85428.175521980011 0.960086048
85428.495519250006 0.964064419
85428.815516520001 1.00222886
85429.135513790010 0.993045568
85429.455511060005 0.986325979
85429.775508330000 1.04271317
85430.095505600009 0.985474408
85430.415502870004 1.00136518
85430.735500140014 0.960561574
85431.055497410009 0.942368388
85431.375494680004 0.979316771
85431.695491950013 1.02287912
85432.015489220008 0.968813896
85432.335486490003 1.00731397
85432.655483760012 0.995903909
85432.975481030007 1.01850939
85433.295478300002 1.01060891
85433.615475570012 1.00483429
85433.935472840007 1.00803602
85434.255470110002 1.00911176
85434.575467380011 0.997904360
85434.895464650006 1.01953065
85435.215461920001 1.00005591
85435.535459190010 1.01338089
85435.855456460005 1.01540148
85436.175453730000 1.02697158
85436.495451000010 1.00732827
85436.815448270005 1.03445435
85437.135445540014 1.02638531
85437.455442810009 1.02685344
85437.775440080004 1.01186717
85438.095437350014 1.01972520
85438.415434620008 1.03504038
85438.735431890003 0.992823541
85439.055429160013 0.995147705
85439.375426430008 1.02649069
85439.695423700003 1.00489116
85440.015420970012 1.01251280
85440.335418240007 1.00231838
85440.655415510002 0.999614835
85440.975412780012 0.999070823
85441.295410050006 1.01141620
85441.615407320001 1.02423394
85441.935404590011 1.02325118
85442.255401860006 1.01869178
85442.575399130001 1.00802517
85442.895396400010 0.959939659
85443.215393670005 0.958957136
85443.535390940000 1.00193918
85443.855388210010 1.00794089
85444.175385480004 0.993428111
85444.495382750014 1.00104928
85444.815380020009 0.991901398
85445.135377290004 1.01423335
85445.455374560013 0.972593665
85445.775371830008 0.990033150
85446.095369100003 1.00301886
85446.415366370013 0.985807359
85446.735363640008 1.00523710
85447.055360910002 0.972775578
85447.375358180012 0.990552008
85447.695355450007 0.980662227
85448.015352720002 1.01466703
85448.335349990011 0.991787732
85448.655347260006 1.00463796
85448.975344530001 0.976394475
85449.295341800011 1.01195061
85449.615339070006 1.04834986
85449.935336340001 0.972198427
85450.255333610010 1.00441408
85450.575330880005 0.967196882
85450.895328150000 0.994216621
85451.215325420009 0.988679409
85451.535322690004 0.990935564
85451.855319960014 0.989008248
85452.175317230009 1.01393569
85452.495314500004 1.00239336
85452.815311770013 0.998374283
85453.135309040008 1.02239048
85453.455306310003 0.943948627
85453.775303580012 1.00878584
85454.095300850007 0.962461591
85454.415298120002 0.967113018
85454.735295390012 1.00816548
85455.055292660007 0.995172799
85455.375289930002 1.02077389
85455.695287200011 0.927456915
85456.015284470006 0.982137918
85456.335281740001 0.976196229
85456.655279010010 0.956558168
85456.975276280005 0.986544311
85457.295273550000 0.977262914
85457.615270820010 0.980530918
85457.935268090005 1.00845873
85458.255265360014 0.992329299
85458.575262630009 1.02393389
85458.895259900004 0.999337196
85459.215257170014 1.01181436
85459.535254440008 1.02830565
85459.855251710003 1.03821886
85460.175248980013 1.04283571
85460.495246250008 1.00842309
85460.815243520003 1.01091492
85461.135240790012 1.01418257
85461.455238060007 1.01788867
85461.775235330002 1.04756892
85462.095232600012 1.02998960
85462.415229870006 1.02981627
85462.735227140001 0.960053384
85463.055224410011 0.989126205
85463.375221680006 0.970906496
85463.695218950001 0.972689986
85464.015216220010 0.966613889
85464.335213490005 0.967554033
85464.655210760000 1.00107861
85464.975208030010 0.984680831
85465.295205300004 1.01054811
85465.615202570014 1.01637900
85465.935199840009 1.01657677
85466.255197110004 0.985000372
85466.575194380013 1.00469446
85466.895191650008 1.01221180
85467.215188920003 0.999929428
85467.535186190013 1.02980971
85467.855183460008 1.03840613
85468.175180730002 1.05604196
85468.495178000012 1.06581879
85468.815175270007 1.05947280
85469.135172540002 1.03774631
85469.455169810011 1.01386142
85469.775167080006 1.00016296
85470.095164350001 0.993817329
85470.415161620011 1.02673185
85470.735158890006 1.01289856
85471.055156160000 1.01414180
85471.375153430010 1.04152441
85471.695150700005 1.04624152
85472.015147970000 1.02944028
85472.335145240009 0.983869493
85472.655142510004 1.00032401
85472.975139780014 0.988346219
85473.295137050009 0.997717798
85473.615134320004 1.03167629
85473.935131590013 1.03689921
85474.255128860008 1.02262807
85474.575126130003 0.992674112
85474.895123400012 0.984642625
85475.215120670007 1.00443530
85475.535117940002 0.994447768
85475.855115210012 1.03545392
85476.175112480007 1.03555024
85476.495109750002 1.05237448
85476.815107020011 1.04103780
85477.135104290006 1.03243303
85477.455101560001 1.04308534
85477.775098830010 1.05023015
85478.095096100005 1.07970083
85478.415093370000 0.978386760
85478.735090640010 0.968770683
85479.055087910005 1.00289524
85479.375085180014 1.02255166
85479.695082450009 1.01580215
85480.015079720004 0.972833097
85480.335076990013 0.980079114
85480.655074260008 1.00469267
85480.975071530003 1.00178766
85481.295068800013 0.996488452
85481.615066070008 0.994527757
85481.935063340003 1.02581799
85482.255060610012 1.03751493
85482.575057880007 0.994210124
85482.895055150002 0.959606171
85483.215052420011 0.977069736
85483.535049690006 0.970792830
85483.855046960001 0.982759476
85484.175044230011 1.02632332
85484.495041500006 0.948826134
85484.815038770001 0.987028062
85485.135036040010 0.978761613
85485.455033310005 0.994234920
85485.775030580000 0.988531351
85486.095027850010 0.990988195
85486.415025120004 0.988690436
85486.735022390014 0.967205703
85487.055019660009 0.994177341
85487.375016930004 0.992081940
85487.695014200013 0.984287798
85488.015011470008 0.999086082
85488.335008740003 1.00386953
85488.655006010013 0.991894186
85488.975003280008 0.986932635
85489.295000550002 0.990299821
85489.614997820012 1.00671613
85489.934995090007 1.01156688
85490.254992360002 0.995275736
85490.574989630011 0.977703571
85490.894986900006 1.00359452
85491.214984170001 0.959958255
85491.534981440011 0.994143724
85491.854978710006 0.979909897
85492.174975980000 1.01068938
85492.494973250010 1.03782713
85492.814970520005 1.04355407
85493.134967790000 1.07598495
85493.454965060009 1.04742122
85493.774962330004 1.03129947
85494.094959600014 1.03001320
85494.414956870009 0.997876167
85494.734954140004 1.01108813
85495.054951410013 1.01438737
85495.374948680008 1.00912261
85495.694945950003 1.02627909
85496.014943220012 1.01211333
85496.334940490007 0.995621443
85496.654937760002 1.02639866
85496.974935030012 0.950804055
85497.294932300007 0.981716037
85497.614929570002 0.996343493
85497.934926840011 1.02536690
85498.254924110006 1.02138352
85498.574921380001 0.982573152
85498.894918650010 0.964429975
85499.214915920005 0.943589866
85499.534913190000 0.908691287
85499.854910460010 0.946614683
85500.174907730005 0.975097954
85500.494905000014 1.01504350
85500.814902270009 0.986011326
85501.134899540004 1.02929389
85501.454896810013 1.00356579
85501.774894080008 1.02061951
85502.094891350003 1.02964926
85502.414888620013 1.01346219
85502.734885890008 1.02825677
85503.054883160003 1.03775835
85503.374880430012 1.02335823
85503.694877700007 1.01128423
85504.014874970002 0.994153619
85504.334872240011 0.979551613
85504.654869510006 1.02707946
85504.974866780001 1.02427626
85505.294864050011 0.982941508
85505.614861320006 0.986948133
85505.934858590001 0.975852311
85506.254855860010 0.972746015
85506.574853130005 1.02290189
85506.894850400000 0.978230834
85507.214847670009 1.02309370
85507.534844940004 0.994570076
85507.854842210014 1.03336465
85508.174839480009 0.997256696
85508.494836750004 0.994521141
85508.814834020013 1.04996729
85509.134831290008 0.973476648
85509.454828560003 1.00080943
85509.774825830013 0.979635358
85510.094823100007 1.05742908
85510.414820370002 0.965434134
85510.734817640012 1.01224947
85511.054814910007 1.05313182
85511.374812180002 0.933531880
85511.694809450011 1.02996397
85512.014806720006 0.961701512
85512.334803990001 0.981887043
85512.654801260011 0.979825854
85512.974798530006 1.01308930
85513.294795800000 0.991208553
85513.614793070010 0.980383635
85513.934790340005 0.951627195
85514.254787610000 0.973059237
85514.574784880009 0.967121959
85514.894782150004 0.958151221
85515.214779420014 0.971493602
85515.534776690009 1.02531600
85515.854773960004 1.02783847
85516.174771230013 1.03093398
85516.494768500008 1.01427841
85516.814765770003 1.05225825
85517.134763040012 1.04052365
85517.454760310007 1.02723861
85517.774757580002 1.02972734
85518.094754850012 1.03696835
85518.414752120007 1.05037701
85518.734749390002 1.06823432
85519.054746660011 1.04800665
85519.374743930006 1.02100492
85519.694741200001 1.03185189
85520.014738470010 1.01607347
85520.334735740005 0.931002617
85520.654733010000 1.01838827
85520.974730280010 0.992095053
85521.294727550005 1.02609527
85521.614724820014 0.979547441
85521.934722090009 1.01620972
85522.254719360004 1.02264142
85522.574716630013 1.01532280
85522.894713900008 1.00962186
85523.214711170003 0.956402481
85523.534708440013 0.956262589
85523.854705710008 0.999091089
85524.174702980003 0.982808411
85524.494700250012 1.01178551
85524.814697520007 0.982865334
85525.134694790002 0.968267977
85525.454692060011 0.987876058
85525.774689330006 1.01071918
85526.094686600001 1.01020825
85526.414683870011 1.02162683
85526.734681140006 1.03348339
85527.054678410001 1.03678036
85527.374675680010 1.00351417
85527.694672950005 1.02099836
85528.014670220000 1.03595483
85528.334667490009 0.987929404
85528.654664760004 1.02819312
85528.974662030014 0.997455180
85529.294659300009 0.994080067
85529.614656570004 1.02982771
85529.934653840013 1.02116191
85530.254651110008 1.02651417
85530.574648380003 1.04810834
85530.894645650013 1.00476873
85531.214642920007 1.01419818
85531.534640190002 1.01233947
85531.854637460012 1.01590574
85532.174634730007 1.00804901
85532.494632000002 0.968147695
85532.814629270011 0.984147847
85533.134626540006 1.00954878
85533.454623810001 1.01776493
85533.774621080011 0.953738749
85534.094618350005 0.947264135
85534.414615620000 0.995914042
85534.734612890010 0.968616068
85535.054610160005 0.974204004
85535.374607430000 1.00081706
85535.694604700009 1.03325880
85536.014601970004 1.03065872
85536.334599240014 0.964748383
85536.654596510009 0.945638895
85536.974593780003 0.951968014
85537.294591050013 0.983870029
85537.614588320008 0.964053214
85537.934585590003 1.01135242
85538.254582860012 1.03897464
85538.574580130007 0.982534289
85538.894577400002 1.01167250
85539.214574670012 1.06341767
85539.534571940007 0.925781071
85539.854569210002 0.991272271
85540.174566480011 0.932340622
85540.494563750006 0.942644894
85540.814561020001 1.00928044
85541.134558290010 1.07665634
85541.454555560005 1.00933647
85541.774552830000 1.00181794
85542.094550100010 1.00777555
85542.414547370005 0.967105985
85542.734544640014 0.990919292
85543.054541910009 1.02854514
85543.374539180004 0.971166193
85543.694536450013 0.994136810
85544.014533720008 1.01697242
85544.334530990003 1.01952708
85544.654528260013 1.01251411
85544.974525530008 0.994720876
85545.294522800003 1.00512493
85545.614520070012 1.04355741
85545.934517340007 1.01693809
85546.254514610002 0.970038950
85546.574511880011 0.966934264
85546.894509150006 0.963290513
85547.214506420001 0.974974513
85547.534503690011 0.996697128
85547.854500960006 0.965261698
85548.174498230001 0.971690357
85548.494495500010 1.00045300
85548.814492770005 1.04060137
85549.134490040000 0.993232846
85549.454487310009 0.965166867
85549.774484580004 0.994670033
85550.094481850014 1.03565955
85550.414479120009 1.02568281
85550.734476390004 1.01381981
85551.054473660013 1.02459323
85551.374470930008 1.02502525
85551.694468200003 1.00858128
85552.014465470013 0.969131231
85552.654460010002 1.02308178
85552.974457280012 0.986966908
85553.294454550007 0.970220566
85553.614451820002 0.989650249
85553.934449090011 0.979674339
85554.254446360006 0.964006126
85554.574443630001 0.944700360
85554.894440900011 0.968171656
85555.214438170005 1.02380931
85555.534435440000 0.999350131
85555.854432710010 1.00981951
85556.174429980005 0.996408284
85556.494427250000 0.998625517
85556.814424520009 0.993331730
85557.134421790004 1.02286434
85557.454419060014 1.03383851
85557.774416330009 0.992101908
85558.094413600003 1.01755869
85558.414410870013 1.01088405
85558.734408140008 0.974705637
85559.054405410003 0.992179871
85559.374402680012 1.01696241
85559.694399950007 1.01699018
85560.014397220002 0.943866193
85560.334394490012 0.960902393
85560.654391760007 0.999863386
85560.974389030001 0.997466326
85561.294386300011 1.04774272
85561.614383570006 1.00284326
85561.934380840001 0.950265586
85562.254378110010 0.970264733
85562.574375380005 1.00962842
85562.894372650000 1.03552067
85563.214369920010 1.01702559
85563.534367190005 1.09491515
85563.854364460014 1.02307546
85564.174361730009 0.980670273
85564.494359000004 1.02215421
85564.814356270013 1.01150632
85565.134353540008 1.02365756
85565.454350810003 0.969803393
85565.774348080013 0.981314838
85566.094345350008 0.956186950
85566.414342620003 0.980057180
85566.734339890012 1.00860798
85567.054337160007 1.02520382
85567.374334430002 0.963134944
85567.694331700011 1.00195611
85568.014328970006 1.00935853
85568.334326240001 0.997903287
85568.654323510011 1.01732719
85568.974320780006 0.978326857
85569.294318050001 1.00694358
85569.614315320010 1.02498662
85569.934312590005 1.00326121
85570.254309860000 1.01069689
85571.214301670014 0.960304737
85571.534298940009 0.974138260
85571.854296210004 1.00295568
85572.174293480013 0.943619907
85572.494290750008 0.974592090
85572.814288020003 1.01179314
85573.134285290012 1.02357209
85573.454282560007 0.985281885
85573.774279830002 1.00258279
85574.094277100012 1.01146579
85574.414274370007 0.923680842
85574.734271640002 0.950746119
85575.054268910011 0.978619099
85575.374266180006 0.977636755
85575.694263450001 1.02621603
85576.014260720010 1.01028419
85576.334257990005 1.02132154
85576.654255260000 1.02020431
85576.974252530010 1.02561879
85577.294249800005 0.950901926
85577.614247070014 0.925543845
85577.934244340009 0.939308524
85578.254241610004 0.994248927
85578.574238880014 1.00568986
85578.894236150009 1.01972306
85579.214233420003 1.01153576
85579.534230690013 1.03348053
85579.854227960008 1.03808653
85580.174225230003 1.02501750
85580.494222500012 1.00353193
85580.814219770007 0.999014497
85581.134217040002 1.01735640
85581.454214310012 0.987017155
85581.774211580007 0.982062280
85582.094208850001 0.990876555
85582.414206120011 1.00894868
85582.734203390006 1.02944458
85583.054200660001 1.00870061
85583.374197930010 0.977015972
85583.694195200005 0.998016536
85584.014192470000 1.02046442
85584.334189740010 1.03240883
85584.654187010005 0.997190118
85584.974184280014 0.992740333
85585.294181550009 1.06191254
85585.614178820004 1.01265669
85585.934176090013 1.02712548
85586.254173360008 0.982482195
85586.574170630003 0.990151167
85586.894167900013 0.994251788
85587.214165170008 1.00326705
85587.534162440003 0.932133138
85587.854159710012 0.954041123
85588.174156980007 0.987528384
85588.494154250002 0.976010025
85588.814151520011 0.973344684
85589.134148790006 0.959268391
85589.454146060001 0.979324162
85589.774143330011 0.993421733
85590.094140600006 1.00324428
85590.414137870001 0.971799552
85590.734135140010 0.945437789
85591.054132410005 0.970306337
85591.374129680000 0.993390560
85591.694126950009 1.01034856
85592.014124220004 1.00919783
85592.334121490014 1.03675795
85592.654118760009 0.995048463
85592.974116030004 1.00914502
85593.294113300013 1.01735127
85593.614110570008 0.976416826
85593.934107840003 0.993979990
85594.254105110012 0.977649808
85594.574102380007 0.993058622
85594.894099650002 0.982248425
85595.214096920012 0.994964480
85595.534094190007 1.04631829
85595.854091460002 1.00700092
85596.174088730011 1.02032232
85596.494086000006 1.04690409
85596.814083270001 0.995875239
85597.134080540010 0.972175360
85597.454077810005 0.984823585
85597.774075080000 0.965802193
85598.094072350010 0.993090153
85598.414069620005 1.04225338
85598.734066890014 0.964908659
85599.054064160009 0.999869287
85599.374061430004 0.959545314
85599.694058700014 0.970409393
85600.014055970008 0.987431884
85600.334053240003 1.03982401
85600.654050510013 0.963155270
85600.974047780008 0.982499540
85601.294045050003 0.943624258
85601.614042320012 0.948968947
85601.934039590007 0.985071838
85602.254036860002 1.01639569
85602.574034130012 1.00467825
85602.894031400006 0.975125551
85603.214028670001 0.951159358
85603.534025940011 0.988068700
85603.854023210006 1.01491582
85604.174020480001 0.951006353
85604.494017750010 0.971829951
85604.814015020005 0.865993142
85605.134012290000 0.914006293
85605.454009560010 0.914471507
85605.774006830005 0.938693404
85606.094004100014 0.945248961
85606.414001370009 0.962807715
85606.733998640004 0.944967449
85607.053995910013 0.923022270
85607.373993180008 0.921098292
85607.693990450003 0.917222679
85608.013987720013 0.895614564
85608.333984990008 0.872627139
85608.653982260003 0.862190604
85608.973979530012 0.862588763
85609.293976800007 0.745725930
85609.613974070002 0.741750658
85609.933971340011 0.757660806
85610.253968610006 0.753651917
85610.573965880001 0.762664199
85610.893963150011 0.752699912
85611.213960420006 0.750507951
85611.533957690001 0.747071207
85611.853954960010 0.730546296
85612.173952230005 0.709344923
85612.493949500000 0.685956895
85612.813946770009 0.677339256
85613.133944040004 0.696949661
85613.453941310014 0.702563703
85613.773938580009 0.697041392
85614.093935850004 0.688659430
85614.413933120013 0.677350581
85614.733930390008 0.677648842
85615.053927660003 0.682388067
85615.373924930012 0.688573897
85615.693922200007 0.641469300
85616.013919470002 0.652499795
85616.333916740012 0.654480398
85616.653914010007 0.653096735
85616.973911280002 0.661301017
85617.293908550011 0.634685993
85617.613905820006 0.655909598
85617.933903090001 0.641136646
85618.253900360010 0.612470150
85618.573897630005 0.622020066
85618.893894900000 0.626422882
85619.213892170010 0.633113146
85619.533889440005 0.649525344
85619.853886710014 0.644474983
85620.173883980009 0.627381682
85620.493881250004 0.627411067
85620.813878520014 0.615094900
85621.133875790008 0.624072433
85621.453873060003 0.609401703
85621.773870330013 0.590122640
85622.093867600008 0.614237428
85622.413864870003 0.616318882
85622.733862140012 0.605886936
85623.053859410007 0.617084265
85623.373856680002 0.615297318
85623.693853950012 0.595918059
85624.013851220006 0.609806180
85624.333848490001 0.612896621
85624.653845760011 0.620561600
85624.973843030006 0.634449244
85625.293840300001 0.628625929
85625.613837570010 0.641537845
85625.933834840005 0.637665391
85626.253832110000 0.628344059
85626.573829380010 0.633082330
85626.893826650004 0.646094799
85627.213823920014 0.640237987
85627.533821190009 0.623719037
85627.853818460004 0.593847513
85628.173815730013 0.597139657
85628.493813000008 0.603593290
85628.813810270003 0.593734503
85629.133807540013 0.614549518
85629.453804810008 0.610711157
85629.773802080002 0.624261081
85630.093799350012 0.593449235
85630.413796620007 0.585339725
85630.733793890002 0.591826797
85631.053791160011 0.609479547
85631.373788430006 0.652221382
85631.693785700001 0.645961404
85632.013782970011 0.610745013
85632.333780240006 0.607680380
85632.653777510001 0.611779153
85632.973774780010 0.576799095
85633.293772050005 0.596603453
85633.613769320000 0.630061328
85633.933766590009 0.626660407
85634.253763860004 0.614919305
85634.573761130014 0.604254484
85634.893758400009 0.622174740
85635.213755670004 0.622338593
85635.533752940013 0.612413764
85635.853750210008 0.603161693
85636.173747480003 0.611497343
85636.493744750012 0.583850861
85636.813742020007 0.589664400
85637.133739290002 0.574460626
85637.453736560012 0.607445121
85637.773733830007 0.631854236
85638.093731100002 0.631816208
85638.413728370011 0.634367466
85638.733725640006 0.624039710
85639.053722910001 0.633887827
85639.373720180010 0.635766506
85639.693717450005 0.635526657
85640.013714720000 0.607276797
85640.333711990010 0.612551749
85640.653709260005 0.592742324
85640.973706530014 0.601547897
85641.293703800009 0.612236261
85641.613701070004 0.626925826
85641.933698340014 0.612328589
85642.253695610008 0.614106357
85642.573692880003 0.626811802
85642.893690150013 0.603439152
85643.213687420008 0.607839525
85643.533684690003 0.602489233
85643.853681960012 0.601341844
85644.173679230007 0.608936250
85644.493676500002 0.607822478
85644.813673770012 0.620359182
85645.133671040006 0.609595835
85645.453668310001 0.616383076
85645.773665580011 0.623573661
85646.093662850006 0.610053658
85646.413660120001 0.592095792
85646.733657390010 0.601370931
85647.053654660005 0.595550358
85647.373651930000 0.600387394
85647.693649200010 0.577185452
85648.013646470004 0.588914633
85648.333643740014 0.586725175
85648.653641010009 0.614591300
85648.973638280004 0.614250720
85649.293635550013 0.608262241
85649.613632820008 0.603484094
85649.933630090003 0.585124314
85650.253627360013 0.609224200
85650.573624630008 0.601756752
85650.893621900002 0.584641159
85651.213619170012 0.608135402
85651.533616440007 0.619628072
85651.853613710002 0.614480317
85652.173610980011 0.606676877
85652.493608250006 0.613463044
85652.813605520001 0.618433833
85653.133602790011 0.611302853
85653.453600060006 0.607869685
85653.773597330000 0.587696135
85654.093594600010 0.602617025
85654.413591870005 0.597536862
85654.733589140000 0.597835124
85655.053586410009 0.630033314
85655.373583680004 0.618633628
85655.693580950014 0.595334768
85656.013578220009 0.588977516
85656.333575490004 0.606922805
85656.653572760013 0.604968905
85656.973570030008 0.631552279
85657.293567300003 0.605464339
85657.613564570012 0.573897958
85657.933561840007 0.576818049
85658.253559110002 0.582090914
85658.573556380012 0.613547266
85658.893553650007 0.608971655
85659.213550920002 0.608731985
85659.533548190011 0.594644547
85659.853545460006 0.593430281
85660.173542730001 0.583712518
85660.493540000010 0.605891049
85660.813537270005 0.619666696
85661.133534540000 0.645767272
85661.453531810010 0.639050364
85661.773529080005 0.626543105
85662.093526350014 0.598138928
85662.413523620009 0.603108644
85662.733520890004 0.629688561
85663.053518160013 0.612745404
85663.373515430008 0.590324402
85663.693512700003 0.607829750
85664.013509970013 0.621133864
85664.333507240008 0.634874701
85664.653504510003 0.637861073
85664.973501780012 0.657953262
85665.293499050007 0.651395142
85665.613496320002 0.637376547
85665.933493590011 0.638682544
85666.253490860006 0.628764153
85666.573488130001 0.618005753
85666.893485400011 0.622437060
85667.213482670006 0.638865352
85667.533479940001 0.638591826
85667.853477210010 0.637410939
85668.173474480005 0.591200352
85668.813469020010 0.617066562
85669.133466290004 0.613634467
85669.453463560014 0.643503249
85669.773460830009 0.655393958
85670.093458100004 0.633883357
85670.413455370013 0.631459236
85670.733452640008 0.638309479
85671.053449910003 0.631617904
85671.373447180013 0.615719557
85671.693444450008 0.613497317
85672.013441720002 0.612585485
85672.333438990012 0.602467060
85672.653436260007 0.619162142
85672.973433530002 0.616805494
85673.293430800011 0.649494052
85673.613428070006 0.652613997
85673.933425340001 0.658925891
85674.253422610011 0.651293874
85674.573419880006 0.662612021
85674.893417150000 0.658171952
85675.213414420010 0.652858436
85675.533411690005 0.647746563
85675.853408960000 0.652378321
85676.173406230009 0.644377112
85676.493403500004 0.627808571
85676.813400770014 0.629920483
85677.133398040009 0.629680574
85677.453395310004 0.619126379
85677.773392580013 0.621406317
85678.093389850008 0.636956871
85678.413387120003 0.639135838
85678.733384390012 0.633890033
85679.053381660007 0.633246958
85679.373378930002 0.651551723
85679.693376200012 0.626887918
85680.013373470007 0.624329984
85680.333370740002 0.617337525
85680.653368010011 0.643099904
85680.973365280006 0.637887895
85681.293362550001 0.665060639
85681.613359820010 0.654943883
85681.933357090005 0.651713967
85682.253354360000 0.616100192
85682.573351630010 0.617506444
85682.893348900005 0.631006002
85683.213346170014 0.625189722
85683.533343440009 0.608254492
85683.853340710004 0.643319905
85684.173337980013 0.657725871
85684.493335250008 0.662457287
85684.813332520003 0.647537768
85685.133329790013 0.632416904
85685.453327060008 0.637484252
85685.773324330003 0.638688684
85686.093321600012 0.663003087
85686.413318870007 0.666323423
85686.733316140002 0.673305035
85687.053313410011 0.692983270
85687.373310680006 0.670741916
85687.693307950001 0.663246512
85688.013305220011 0.660151243
85688.333302490006 0.655275881
85688.653299760001 0.657118201
85688.973297030010 0.679482698
85689.293294300005 0.667822599
85689.613291570000 0.673023522
85689.933288840009 0.659751415
85690.253286110004 0.661593616
85690.573283380014 0.660513818
85690.893280650009 0.647006989
85691.213277920004 0.680017114
85691.533275190013 0.672992468
85691.853272460008 0.669964552
85692.173269730003 0.663040817
85692.493267000013 0.657930791
85692.813264270007 0.668202639
85693.133261540002 0.675821185
85693.453258810012 0.689753413
85694.093253350002 0.682320774
85694.413250620011 0.662098229
85694.733247890006 0.669783652
85695.053245160001 0.680827260
85695.373242430011 0.703725398
85695.693239700006 0.703854263
85696.013236970000 0.703714430
85696.333234240010 0.676877022
85696.653231510005 0.694804370
85696.973228780000 0.678411245
85697.293226050009 0.708226025
85697.613223320004 0.708992839
85697.933220590014 0.701297402
85698.253217860009 0.681513071
85698.573215130004 0.678015471
85698.893212400013 0.660750151
85699.213209670008 0.666587830
85699.533206940003 0.685084820
85699.853204210012 0.670136750
85700.173201480007 0.658882618
85700.493198750002 0.648568869
85700.813196020012 0.672773719
85701.133193290007 0.671929002
85701.453190560002 0.652213633
85701.773187830011 0.641161501
85702.093185100006 0.646327376
85702.413182370001 0.654850841
85702.733179640010 0.661292434
85703.053176910005 0.659910560
85703.373174180000 0.677868605
85703.693171450010 0.662787735
85704.013168720005 0.672284365
85704.333165990014 0.678658426
85704.653163260009 0.658743024
85704.973160530004 0.652257919
85705.293157800013 0.648861706
85705.613155070008 0.635124743
85705.933152340003 0.615546048
85706.253149610013 0.617757022
85706.573146880008 0.621042371
85706.893144150003 0.622648954
85707.213141420012 0.604783237
85707.533138690007 0.626365662
85707.853135960002 0.641333997
85708.173133230011 0.630384386
85708.493130500006 0.621818542
85708.813127770001 0.624465764
85709.133125040011 0.610562265
85709.453122310006 0.628954351
85709.773119580001 0.648688972
85710.093116850010 0.644890368
85710.413114120005 0.631826401
85710.733111390000 0.616546988
85711.053108660009 0.638865948
85711.373105930004 0.673336685
85711.693103200014 0.642850518
85712.013100470009 0.609343529
85712.333097740004 0.620181382
85712.653095010013 0.606279075
85712.973092280008 0.608791828
85713.293089550003 0.599220097
85713.613086820013 0.616771162
85713.933084090007 0.609381437
85714.253081360002 0.595311940
85714.573078630012 0.612258375
85714.893075900007 0.605808675
85715.213073170002 0.620606542
85715.533070440011 0.622615516
85715.853067710006 0.628417373
85716.173064980001 0.640563011
85716.493062250011 0.647203743
85716.813059520005 0.634578168
85717.133056790000 0.625946939
85717.453054060010 0.623693049
85717.773051330005 0.619794607
85718.093048600000 0.620863616
85718.413045870009 0.598303914
85718.733043140004 0.632902801
85719.053040410014 0.621620536
85719.373037680009 0.606780767
85719.693034950003 0.583684862
85720.013032220013 0.593178213
85720.333029490008 0.607739329
85720.653026760003 0.621091902
85720.973024030012 0.631188869
85721.293021300007 0.620914042
85721.613018570002 0.603289545
85721.933015840012 0.615299344
85722.253013110007 0.621066689
85722.573010380002 0.632975459
85722.893007650011 0.620150447
85723.213004920006 0.614272475
85723.533002190001 0.602790236
85723.852999460010 0.611309290
85724.172996730005 0.628620565
85724.492994000000 0.601332486
85724.812991270010 0.609213710
85725.132988540005 0.626356781
85725.452985810014 0.620781124
85725.772983080009 0.613225639
85726.092980350004 0.596408546
85726.412977620013 0.627947032
85726.732974890008 0.649183095
85727.052972160003 0.633272111
85727.372969430013 0.624240398
85727.692966700008 0.650844872
85728.012963970003 0.620874643
85728.332961240012 0.609796345
85728.652958510007 0.620025516
85728.972955780002 0.627234638
85729.292953050011 0.601996720
85729.612950320006 0.616856158
85729.932947590001 0.616549075
85730.252944860011 0.616913080
85730.572942130006 0.613921762
85730.892939400001 0.625291109
85731.212936670010 0.631358981
85731.532933940005 0.627428114
85731.852931210000 0.603835881
85732.172928480009 0.602690101
85732.492925750004 0.603960097
85732.812923020014 0.610195637
85733.132920290009 0.594186783
85733.452917560004 0.602234006
85733.772914830013 0.585420251
85734.092912100008 0.608766258
85734.412909370003 0.630367279
85734.732906640013 0.639219105
85735.052903910007 0.665986121
85735.372901180002 0.632096112
85735.692898450012 0.612263560
85736.012895720007 0.597128153
85736.332892990002 0.585783899
85736.652890260011 0.622681677
85736.972887530006 0.638645113
85737.292884800001 0.645617604
85737.612882070011 0.632964969
85737.932879340005 0.634972513
85738.252876610000 0.612893641
85738.572873880010 0.592760801
85738.892871150005 0.593024194
85739.212868420000 0.604659557
85739.532865690009 0.601300001
85739.852862960004 0.593210578
85740.172860230014 0.614305258
85740.492857500009 0.624329925
85740.812854770003 0.602118433
85741.132852040013 0.608352542
85741.452849310008 0.599257112
85741.772846580003 0.617835045
85742.092843850012 0.645871878
85742.412841120007 0.647308767
85742.732838390002 0.597794592
85743.052835660012 0.614862561
85743.372832930007 0.606773734
85743.692830200001 0.607104063
85744.012827470011 0.602872729
85744.332824740006 0.600217879
85744.652822010001 0.591995299
85744.972819280010 0.606010258
85745.292816550005 0.613551676
85745.612813820000 0.619013488
85745.932811090010 0.635778069
85746.252808360005 0.604782283
85746.572805630014 0.619903326
85746.892802900009 0.616745412
85747.212800170004 0.614057124
85747.532797440013 0.617238045
85747.852794710008 0.619211495
85748.172791980003 0.606126547
85748.492789250013 0.610984325
85748.812786520008 0.637708187
85749.132783790003 0.634919226
85749.452781060012 0.606541932
85749.772778330007 0.592384458
85750.092775600002 0.598784745
85750.412772870011 0.617794394
85750.732770140006 0.628788710
85751.052767410001 0.646355748
85751.372764680011 0.649401903
85751.692761950006 0.625016749
85752.012759220001 0.650229156
85752.332756490010 0.649821162
85752.652753760005 0.641633391
85752.972751030000 0.621541381
85753.292748300009 0.615567207
85753.612745570004 0.616165519
85753.932742840014 0.619178116
85754.252740110009 0.632552207
85754.572737380004 0.647133172
85754.892734650013 0.638409376
85755.212731920008 0.655571938
85755.532729190003 0.651140213
85755.852726460012 0.644596100
85756.172723730007 0.632586598
85756.492721000002 0.621851504
85756.812718270012 0.647597134
85757.132715540007 0.621505439
85757.452712810002 0.602522492
85757.772710080011 0.616331279
85758.092707350006 0.624473453
85758.412704620001 0.604719758
85758.732701890011 0.628553092
85759.052699160005 0.636192024
85759.372696430000 0.632733166
85759.692693700010 0.618310928
85760.012690970005 0.609387398
85760.332688240014 0.617596149
85760.652685510009 0.620842874
85760.972682780004 0.621440947
85761.292680050014 0.599576652
85761.612677320009 0.606310129
85761.932674590003 0.662996113
85762.252671860013 0.628224909
85762.572669130008 0.610987723
85762.892666400003 0.624760985
85763.212663670012 0.637058854
85763.532660940007 0.625621676
85763.852658210002 0.616631925
85764.172655480012 0.622090816
85764.492652750007 0.625772953
85764.812650020001 0.628348708
85765.132647290011 0.634611905
85765.452644560006 0.616202712
85765.772641830001 0.628097594
85766.092639100010 0.638148546
85766.412636370005 0.643506348
85766.732633640000 0.646785736
85767.052630910010 0.636355162
85767.372628180005 0.643154204
85767.692625450014 0.631952882
85768.012622720009 0.639522791
85768.332619990004 0.624165297
85768.652617260013 0.634282589
85768.972614530008 0.648891211
85769.292611800003 0.666181087
85769.612609070013 0.657862663
85769.932606340008 0.662784040
85770.252603610003 0.677324891
85770.572600880012 0.707585096
85770.892598150007 0.716829538
85771.212595420002 0.686423481
85771.532592690011 0.698215246
85771.852589960006 0.722206652
85772.172587230001 0.709095597
85772.492584500011 0.718909383
85772.812581770006 0.708211660
85773.132579040001 0.705423653
85773.452576310010 0.719527066
85773.772573580005 0.734635711
85774.092570850000 0.733121037
85774.412568120009 0.762506127
85774.732565390004 0.768833458
85775.052562660014 0.772311985
85775.372559930009 0.784738421
85775.692557200004 0.825248182
85776.012554470013 0.848733008
85776.332551740008 0.821915865
85776.652549010003 0.809073508
85776.972546280012 0.875620008
85777.292543550007 0.867033362
85777.612540820002 0.919101477
85777.932538090012 0.953173459
85778.252535360007 0.954136789
85778.572532630002 0.935262144
85778.892529900011 0.916723013
85779.212527170006 0.918055177
85779.532524440001 0.931551099
85779.852521710010 1.02550125
85780.172518980005 0.938638210
85780.492516250000 0.914705038
85780.812513520010 0.927128255
85781.132510790005 0.979659736
85781.452508060014 1.00153112
85781.772505330009 0.973610938
85782.092502600004 0.955743134
85782.412499870014 0.940321624
85782.732497140008 0.950733602
85783.052494410003 0.932765961
85783.372491680013 0.953999996
85783.692488950008 0.998519719
85784.012486220003 0.984103680
85784.332483490012 0.981816530
85784.652480760007 0.987134814
85784.972478030002 0.994396269
85785.292475300012 0.957399309
85785.612472570007 0.988515258
85785.932469840001 1.01202548
85786.252467110011 1.06056178
85786.572464380006 0.950228751
85786.892461650001 0.992466271
85787.212458920010 0.970949173
85787.532456190005 1.00330281
85787.852453460000 0.940914512
85788.172450730010 0.924356520
85788.492448000005 1.01948977
85788.812445270014 1.04906130
85789.132442540009 0.950293839
85789.452439810004 0.929749966
85789.772437080013 0.933727920
85790.092434350008 0.953718364
85790.412431620003 0.983724594
85790.732428890013 0.986831009
85791.052426160008 1.05217695
85791.372423430003 1.00198758
85791.692420700012 0.984124243
85792.012417970007 0.984885693
85792.332415240002 1.00922894
85792.652412510011 1.03866327
85792.972409780006 1.01118684
85793.292407050001 0.993089795
85793.612404320011 0.972581327
85793.932401590006 0.983592451
85794.252398860001 0.953571796
85794.572396130010 0.974061906
85794.892393400005 1.00359511
85795.212390670000 0.998695791
85795.532387940009 1.00243795
85795.852385210004 1.00949585
85796.172382480014 1.00590289
85796.492379750009 1.00398457
85796.812377020004 1.01904702
85797.132374290013 1.02509975
85797.452371560008 0.991497815
85797.772368830003 1.00729680
85798.092366100012 1.02396619
85798.412363370007 0.999273896
85798.732360640002 0.987844348
85799.052357910012 1.00880027
85799.372355180007 1.02657425
85799.692352450002 1.04652476
85800.012349720011 1.02156532
85800.332346990006 0.956050992
85800.652344260001 0.967796743
85800.972341530010 0.920468390
85801.292338800005 0.989311874
85801.612336070000 0.986791074
85801.932333340010 1.02170968
85802.252330610005 1.07039082
85802.572327880014 0.985558152
85802.892325150009 1.02526438
85803.212322420004 1.02800071
85803.532319690014 1.01044440
85803.852316960008 1.01110482
85804.172314230003 1.08372545
85804.492311500013 0.989990294
85804.812308770008 0.982212603
85805.132306040003 0.936731398
85805.452303310012 0.935014963
85805.772300580007 0.954226077
85806.092297850002 1.03715622
85806.412295120012 0.945870936
85806.732292390006 1.02628839
85808.012281470001 0.952824533
85808.332278740010 0.948027790
85808.652276010005 0.980830431
85808.972273280000 0.965520501
85809.292270550010 0.973479867
85809.612267820004 0.965636373
85809.932265090014 1.02163923
85810.252262360009 0.956779659
85810.572259630004 0.966412723
85810.892256900013 0.989571095
85811.212254170008 0.914469242
85811.532251440003 1.02139044
85811.852248710013 0.916728556
85812.172245980008 0.968141675
85812.492243250003 0.956515908
85812.812240520012 0.973680675
85813.132237790007 0.960113406
85813.452235060002 1.00288725
85813.772232330011 0.978440225
85814.092229600006 1.01414967
85814.412226870001 0.983108401
85814.732224140011 0.987183094
85815.052221410006 0.902214527
85815.372218680001 0.996972501
85815.692215950010 1.00482953
85816.012213220005 0.992702425
85816.332210490000 0.985295415
85816.652207760009 1.01049149
85816.972205030004 0.994080126
85817.292202300014 0.985602140
85817.612199570009 0.928321660
85817.932196840004 0.968178034
85818.572191380008 0.929466724
85818.892188650003 0.945892215
85819.212185920012 0.995754659
85819.532183190007 0.980482638
85819.852180460002 0.978933692
85820.172177730012 1.01031911
85820.492175000007 1.00538945
85820.812172270002 1.01860023
85821.132169540011 1.02377820
85821.452166810006 1.00797129
85821.772164080001 1.03148985
85822.092161350010 1.03790581
85822.412158620005 1.03364551
85822.732155890000 0.998729289
85823.052153160010 0.988244653
85823.372150430005 0.977358520
85823.692147700014 0.979491055
85824.012144970009 0.990224242
85824.332142240004 1.01491237
85824.652139510014 1.03836191
85824.972136780008 0.989526510
85825.292134050003 1.04289317
85825.612131320013 0.967688799
85825.932128590008 1.01222014
85826.572123130012 0.986835480
85826.892120400007 0.999073446
85827.212117670002 0.976376116
85827.532114940012 1.00280201
85827.852112210006 0.978063881
85828.172109480001 1.00037348
85828.492106750011 1.03352416
85828.812104020006 1.03495312
85829.132101290001 0.979531944
85829.452098560010 0.985545397
85829.772095830005 1.00912535
85830.092093100000 1.02755201
85830.412090370010 1.02051556
85830.732087640004 0.976038396
85831.052084910014 1.00072169
85831.372082180009 0.963004172
85831.692079450004 1.01806712
85832.012076720013 0.948933244
85832.332073990008 0.995965421
85832.652071260003 1.03443158
85832.972068530013 1.04726899
85833.292065800008 1.01534128
85833.612063070002 0.978462636
85833.932060340012 0.992705345
85834.252057610007 0.993833184
85834.572054880002 0.976727903
85834.892052150011 0.995018303
85835.212049420006 1.02230763
85835.532046690001 0.997006178
85835.852043960011 1.03941619
85836.172041230006 1.02488720
85836.492038500000 0.991356909
85836.812035770010 0.971509635
85837.132033040005 1.02626216
85837.452030310000 0.997784257
85837.772027580009 0.989411473
85838.092024850004 1.03278875
85838.412022120014 0.966043115
85838.732019390009 0.987107813
85839.052016660004 1.01810706
85839.372013930013 0.996153593
85839.692011200008 0.985038400
85840.012008470003 0.992554963
85840.332005740012 1.00967133
85840.652003010007 1.04060185
85840.972000280002 0.980651498
85841.291997550012 0.969737649
85841.611994820007 1.05712807
85841.931992090002 0.943495572
85842.251989360011 0.983957708
85842.571986630006 1.05238092
85842.891983900001 1.02076340
85843.211981170010 1.00647163
85843.531978440005 1.01194692
85843.851975710000 0.998859644
85844.171972980010 1.03383386
85844.491970250005 0.973889887
85844.811967520014 1.01026821
85845.131964790009 0.995041072
85845.451962060004 0.986603320
85845.771959330013 1.05157495
85846.091956600008 0.998255610
85846.411953870003 1.00008512
85846.731951140013 1.02268267
85847.051948410008 1.01748896
85847.371945680003 0.979521930
85847.691942950012 0.927376390
85848.011940220007 0.955190599
85848.331937490002 1.02172911
85848.651934760011 1.00075161
85848.971932030006 1.02204323
85849.291929300001 1.02500927
85849.611926570011 1.00948298
85849.931923840006 1.00402236
85850.251921110001 1.00765729
85850.571918380010 1.00346744
85850.891915650005 1.01636469
85851.211912920000 1.03685224
85851.531910190010 1.02045739
85851.851907460004 1.01971161
85852.171904730014 0.990209758
85852.491902000009 1.00969362
85852.811899270004 1.02523160
85853.131896540013 0.992453814
85853.451893810008 1.01080024
85853.771891080003 1.00697851
85854.091888350013 0.999211490
85854.411885620008 1.03373969
85854.731882890002 0.944024503
85855.051880160012 0.983066201
85855.371877430007 0.997633576
85855.691874700002 0.899228632
85856.011871970011 0.950974226
85856.331869240006 0.969352782
85856.651866510001 0.970680416
85856.971863780011 0.953787386
85857.291861050006 0.958759189
85857.611858320000 0.979610860
85857.931855590010 0.980737686
85858.251852860005 0.988818109
85858.571850130000 0.987270355
85858.891847400009 0.992542386
85859.211844670004 0.987116754
85859.531841940014 1.00890291
85859.851839210009 0.975263000
85860.171836480004 0.966394484
85860.491833750013 1.00024784
85860.811831020008 1.02570999
85861.131828290003 1.03195071
85861.451825560012 1.02124345
85861.771822830007 1.04757380
85862.091820100002 1.02362967
85862.411817370012 1.00389767
85862.731814640007 1.02574825
85863.051811910002 0.992512584
85863.371809180011 0.957773447
85863.691806450006 0.991422892
85864.011803720001 0.974098802
85864.331800990010 0.983848870
85864.651798260005 0.980429649
85864.971795530000 0.981322169
85865.291792800010 0.994681597
85865.611790070005 0.990961492
85865.931787340014 0.983565032
85866.251784610009 1.00745213
85866.571781880004 1.00242853
85866.891779150013 0.984738231
85867.211776420008 0.965510905
85867.531773690003 0.991569519
85867.851770960013 1.00362432
85868.171768230008 1.02577186
85868.491765500003 0.977469385
85868.811762770012 1.00315917
85869.131760040007 0.963145971
85869.451757310002 0.981349528
85869.771754580011 1.00667083
85870.091751850006 1.03219223
85870.411749120001 0.977409542
85870.731746390011 0.936195612
85871.051743660006 0.955802023
85871.371740930001 0.964413822
85871.691738200010 1.00888145
85872.011735470005 1.01715839
85872.331732740000 1.03666294
85872.651730010009 1.03909159
85872.971727280004 1.07009029
85873.291724550014 1.06346321
85873.611721820009 1.04507422
85873.931719090004 1.02434671
85874.251716360013 1.01327622
85874.571713630008 0.992014766
85874.891710900003 1.00443435
85875.211708170013 1.02410412
85875.531705440007 0.995826602
85875.851702710002 0.994914234
85876.171699980012 0.981773138
85876.491697250007 0.960613549
85876.811694520002 0.981552482
85877.451689060006 0.993326128
85877.771686330001 1.00878477
85878.091683600011 0.991969228
85878.411680870006 1.02366447
85878.731678140000 0.965388536
85879.051675410010 0.968853056
85879.371672680005 0.999010801
85879.691669950000 1.03280938
85880.011667220009 1.03005934
85880.331664490004 1.01200867
85880.651661760014 0.968702674
85880.971659030009 0.955530465
85881.291656300004 0.996443272
85881.611653570013 0.986043692
85881.931650840008 1.00180089
85882.251648110003 0.998082519
85882.571645380012 1.02606547
85882.891642650007 1.00794959
85883.211639920002 0.994009495
85883.531637190012 1.00208294
85883.851634460007 0.971174240
85884.171631730002 1.00116014
85884.491629000011 1.00746286
85884.811626270006 1.00461316
85885.131623540001 1.01014745
85885.451620810010 1.03395236
85885.771618080005 1.03140306
85886.091615350000 0.998759508
85886.411612620010 1.01478148
85886.731609890005 1.06139779
85887.051607160014 1.04816031
85887.371604430009 1.03358710
85887.691601700004 1.02135205
85888.011598970013 1.02838862
85888.331596240008 1.00620115
85888.651593510003 0.970287442
85888.971590780013 0.909927189
85889.291588050008 0.930290163
85889.611585320003 0.962809324
85889.931582590012 1.03042793
85890.251579860007 1.00583732
85890.571577130002 1.01617956
85890.891574400011 0.998235345
85891.211571670006 1.00346792
85891.531568940001 1.02853715
85891.851566210011 1.03634071
85892.171563480006 1.00149941
85892.491560750001 1.00456107
85892.811558020010 0.970255196
85893.131555290005 0.998295426
85893.451552560000 0.998051107
85893.771549830009 0.970558465
85894.091547100004 0.943767548
85894.411544370014 0.995748937
85894.731541640009 1.03817916
85895.051538910004 1.03646529
85895.371536180013 1.01244628
85895.691533450008 1.01327026
85896.011530720003 1.01295912
85896.331527990013 0.993148148
85896.651525260007 1.08105230
85896.971522530002 0.954696238
85897.291519800012 1.03585434
85897.611517070007 0.989633739
85897.931514340002 0.999572873
85898.251511610011 1.00750852
85898.571508880006 1.01387489
85898.891506150001 1.02668476
85899.211503420011 1.01715863
85899.531500690005 0.990038097
85899.851497960000 1.00234699
85900.171495230010 1.00711048
85900.491492500005 0.986467719
85900.811489770000 0.994135737
85901.131487040009 0.980604410
85901.451484310004 1.03097069
85901.771481580014 1.03192794
85902.091478850009 1.00694609
85902.411476120003 0.989843130
85902.731473390013 0.995908260
85903.051470660008 0.958742976
85903.371467930003 0.982300520
85903.691465200012 1.00402153
85904.011462470007 1.02924705
85904.331459740002 1.01274586
85904.651457010012 1.00689340
85904.971454280007 0.951705039
85905.291451550002 1.00123072
85905.611448820011 0.972713828
85905.931446090006 0.975941181
85906.251443360001 1.03390980
85906.571440630010 0.995747089
85906.891437900005 1.03959525
85907.211435170000 1.01114631
85907.531432440010 1.01877880
85907.851429710005 0.967066824
85908.171426980014 0.986348152
85908.491424250009 0.983667493
85908.811421520004 1.00491738
85909.131418790013 0.994126260
85909.451416060008 1.01620996
85909.771413330003 1.00955749
85910.091410600013 1.01545393
85910.411407870008 1.00336146
85910.731405140003 1.03672445
85911.051402410012 1.04522359
85911.371399680007 1.00039220
85911.691396950002 1.02888179
85912.011394220011 1.00711179
85912.331391490006 1.02555573
85912.651388760001 1.03041685
85912.971386030011 1.02770269
85913.291383300006 1.01501060
85913.611380570001 1.04540026
85913.931377840010 1.00954926
85914.251375110005 0.985445321
85914.571372380000 0.998315275
85914.891369650009 1.04618919
85915.211366920004 1.04884732
85915.531364190014 1.02037275
85915.851361460009 1.01582360
85916.171358730004 1.00643623
85916.491356000013 1.00595820
85916.811353270008 1.03968120
85917.131350540003 1.02382076
85917.451347810013 1.04116011
85917.771345080007 0.981190324
