85394.965891999993 1.01933289
85395.216019000000 1.02067101
85395.466736000002 0.914280474
85395.717982999995 0.990039706
85395.962039999999 0.926980615
85396.215150000004 0.959051549
85396.465431000004 0.993781328
85396.715452000004 1.03244579
85396.965574000002 0.874644697
85397.215586999999 1.03211200
85397.465714000005 1.06384742
85397.716981000005 0.925241351
85397.965526999993 0.949795127
85398.211649999997 0.999752581
85398.465526999993 1.11567008
85398.716289000004 1.10548067
85398.965681000001 1.08859336
85399.215658000001 0.993665338
85399.465461999993 0.981157124
85399.715597999995 0.993458092
85399.974514000001 0.932519138
85400.215677999993 0.980965912
85400.466652999996 1.01488531
85400.711284999998 1.07640648
85400.979676999996 0.943991184
85401.215532000002 0.891449928
85401.465461000000 1.01878250
85401.716629999995 1.13861573
85401.966520000002 1.08136857
85402.215781000006 0.986645937
85402.465639000002 1.13994348
85402.715423999995 1.03434145
85402.961446999994 1.01346231
85403.215607000006 0.959255993
85403.465568000000 1.02921927
85403.715574000002 0.977520704
85403.968569000004 1.11188030
85404.215765000001 0.891749084
85404.465574000002 0.778962851
85404.715645000004 1.05565083
85404.966566999996 0.962562263
85405.211660000001 1.01688814
85405.465223000007 0.893286169
85405.716148000007 1.06416845
85405.965496999997 1.09292519
85406.215935999993 1.03476417
85406.465358999994 0.962730706
85406.715326000005 1.02762580
85406.965781000006 1.12149906
85407.215570000000 1.11936426
85407.461614999993 0.914262474
85407.715249999994 0.928829432
85407.965890000007 0.985103428
85408.216396999997 1.02827537
85408.465446999995 0.876803100
85408.715433000005 1.00482643
85408.965595999995 1.09314299
85409.215440000000 1.05086851
85409.465385000003 0.995865405
85409.711500000005 1.00833344
85409.965362000003 0.946495891
85410.215396000000 0.916483164
85410.465326000005 0.910820544
85410.715247000000 0.925148726
85410.965402000002 0.973901093
85411.215395000007 1.05179358
85411.466780000002 1.00133491
85411.715719999993 1.04227173
85411.961377000000 1.11873555
85412.215475999998 0.944276810
85412.466732000001 0.957361639
85412.715358999994 1.03943622
85412.965526999993 1.00718439
85413.217470000003 0.903076768
85413.465509000001 1.04422951
85413.715356000001 1.06735015
85413.965547999993 1.09034991
85414.215574999995 0.987894952
85414.461532999994 0.884268403
85414.716274000006 1.02048028
85414.965655000007 0.928488791
85415.215427000003 0.983338833
85415.465486999994 1.00529385
85415.715234999996 1.13994491
85415.965760999999 1.02201176
85416.215408000004 0.961404383
85416.465049000006 1.21962118
85416.711402999994 0.990095973
85416.961446999994 0.876709700
85417.215379999994 1.04877198
85417.465020000003 1.04178262
85417.716333999997 1.15125728
85417.966184999997 0.971125126
85418.215131000004 1.28239512
85418.465163999994 1.14144957
85418.715458999999 1.04919350
85418.961236000003 0.963674784
85419.222032000005 1.06129551
85419.465232000002 1.06160533
85419.716136000003 0.963681638
85419.965219999998 0.973483503
85420.215249999994 0.978944361
85420.465110000005 1.06507325
85420.715083000003 1.03471076
85420.965215999997 0.976827204
85421.218552000006 1.03827441
85421.461951000005 0.929447353
85421.711133999997 0.930540025
85421.960714999994 1.08103216
85422.210628999994 0.931365728
85422.461152000003 1.13631928
85422.716692000002 0.960236073
85422.965433000005 1.08307612
85423.214181000003 1.06532574
85423.465263999999 1.07232404
85423.710684000005 1.00370550
85423.965461999993 1.03496552
85424.216318999999 0.985828340
85424.465414000006 1.01740658
85424.715200999999 0.928209484
85424.965198000005 1.03339374
85425.215230999995 1.03060699
85425.464928000001 1.06326580
85425.715081000002 0.856773853
85425.974312999999 1.01810503
85426.211781000005 1.08514225
85426.465066999997 0.965360701
85426.714898999999 1.03029859
85426.965140000000 0.955492139
85427.215188000002 1.04225504
85427.466023000001 0.969752073
85427.715054000000 1.01066935
85427.965150999997 0.965198219
85428.222456999996 1.02076185
85428.464087999993 0.913934112
85428.716411999994 0.920746982
85428.965074000007 0.958495736
85429.215148999996 0.981197417
85429.465100999994 0.984063268
85429.714957000004 0.952852488
85429.965054000000 0.942798853
85430.215133999998 0.986737967
85430.470056000006 0.952534795
85430.711356999993 1.04241085
85430.965158000006 0.878511608
85431.215299000003 1.00604308
85431.465320000003 1.03706980
85431.715054000000 1.11252725
85431.973085000005 1.00356507
85432.215085999997 0.895535529
85432.465085999997 1.14073503
85432.714703000005 0.864772916
85432.965223000007 1.10907936
85433.215184000001 1.01675010
85433.465133000005 1.06232274
85433.715461999993 1.00454783
85433.965991000005 0.996934712
85434.215918999995 0.985460162
85434.465085999997 1.01709306
85434.714932000003 0.910346985
85434.965494999997 0.955754399
85435.210466999997 1.01043856
85435.465039000002 0.949801147
85435.714919000005 0.927632451
85435.964835999999 1.11830258
85436.215020999996 1.00195777
85436.464993000001 0.908838868
85436.714741000003 0.944208860
85436.964959999998 1.03334832
85437.215907999998 0.967096508
85437.464179000002 1.12189281
85437.714749000006 1.05168045
85437.964735000001 0.978002787
85438.214980999997 0.870853722
85438.466123999999 0.991767585
85438.714756999994 1.05807078
85438.964875999998 1.07725346
85439.215031999993 0.919724345
85439.464896999998 1.09881794
85439.714666000000 0.966115236
85439.964082000006 1.01717377
85440.225946999999 0.982111096
85440.465905000005 0.978707254
85440.714859000000 0.950819969
85440.965001999997 1.01899397
85441.215024999998 0.926822245
85441.465058999995 0.955315351
85441.714731999993 1.00084186
85441.965175000005 0.986945927
85442.216230999999 0.922207117
85442.460485000003 0.940989673
85442.714806000004 0.963028550
85442.965867999999 0.840935111
85443.215146999995 1.11258233
85443.465043999997 1.07769692
85443.715935000000 0.975315571
85443.963126000002 1.05878067
85444.214982999998 0.971297681
85444.464909999995 1.04934263
85444.710315000004 0.954759121
85444.961406000002 0.984891772
85445.214850000004 1.09580016
85445.464773000000 1.07303119
85445.714691000001 1.00832951
85445.964787000004 0.960957944
85446.214804000003 1.05623853
85446.464733000001 0.991036296
85446.714670000001 0.903686285
85446.966165000005 1.04358721
85447.214722000004 1.12564826
85447.464730000007 1.03617227
85447.714636999997 1.03114820
85447.964802999995 0.875550807
85448.214709000007 1.03281009
85448.464758999995 1.00107086
85448.714605999994 1.01814771
85448.964588000003 0.922815740
85449.214770999999 0.992191255
85449.464032999997 1.04283285
85449.714651000002 0.997440040
85449.964737999995 1.06183612
85450.216969999994 1.04996848
85450.465200000006 1.00586808
85450.714730000007 1.04183352
85450.964951000002 1.06369400
85451.214850000004 1.03016293
85451.464825000003 1.04835665
85451.717933000007 0.948249936
85451.960317999998 0.970968723
85452.213914000007 0.952454031
85452.466530000005 1.05159461
85452.714795000007 0.952697277
85452.964900999999 1.07258093
85453.214802000002 0.962898135
85453.465647999998 1.06474614
85453.714804999996 0.962619841
85453.964821999994 1.00627780
85454.210172999999 1.11363292
85454.461752000003 0.954796851
85454.714611000003 0.984007359
85454.964647000001 0.923249245
85455.214773999993 0.957313299
85455.464804999996 1.22772229
85455.714665000007 1.01968122
85455.965664999996 1.04077077
85456.214527999997 0.895112455
85456.460256000006 0.977780342
85456.715637999994 1.09688854
85456.965035000001 1.01262844
85457.214773000000 1.08426452
85457.464693999995 1.02173877
85457.714735999994 1.04138958
85457.964752999993 0.985775709
85458.214850999997 0.908981085
85458.464712000001 0.946291327
85458.713759000006 1.17202067
85458.962870000003 1.05989373
85459.214624999993 1.00714111
85459.464728999999 1.08919704
85459.714508000005 0.978237629
85459.965616000001 0.908255100
85460.214762000003 0.910551310
85460.465226999993 0.938261986
85460.714810999998 1.01161349
85460.965079999994 0.988687754
85461.214286000002 0.981836617
85461.466264000002 1.05801010
85461.714720000004 1.02615774
85461.964678999997 0.995112062
85462.214842999994 0.937831640
85462.465196000005 1.00027859
85462.714676999996 1.01585722
85462.979441000003 1.02973616
85463.214718000003 0.960604370
85463.464655999996 1.06275773
85463.713749000002 1.01022601
85463.964506000004 0.994700015
85464.214372000002 1.06440806
85464.464619999999 1.00878823
85464.715630000006 0.949585617
85464.964817000000 1.08267307
85465.214628999995 0.962796330
85465.464477000001 1.03363609
85465.722905000002 0.889736891
85465.960265000002 0.967312813
85466.215540999998 1.00374663
85466.464636999997 0.970317245
85466.714611000003 1.08155668
85466.964691000001 1.05546725
85467.214615000004 1.04123390
85467.464613999997 1.04521573
85467.714464000004 0.972972810
85467.970772999994 0.998110175
85468.210047999994 1.06172872
85468.464596999998 0.907542109
85468.714470000006 1.00237286
85468.964695999995 1.05968821
85469.214676999996 1.05463505
85469.465599999996 0.949702442
85469.714548000004 0.915665388
85469.964613999997 1.00588965
85470.213935000007 0.994059682
85470.460210000005 0.949623823
85470.714758000002 0.950658679
85470.964697000003 0.932205439
85471.214644000007 0.929236829
85471.465007000006 0.955011368
85471.714636999997 1.04415333
85471.965219999998 0.948327541
85472.214764000004 1.00642228
85472.463971999998 1.09364045
85472.711429999996 1.05103433
85472.964770999999 1.07604790
85473.214842000001 0.968698978
85473.465226000000 1.00475371
85473.716344000000 1.01976764
85473.964678999997 1.07342100
85474.214359999998 0.907884657
85474.464709000007 0.750070572
85474.720480000004 0.998332441
85474.964401000005 0.901948035
85475.214800000002 0.960577428
85475.464716000002 0.992355943
85475.715316000002 1.06887639
85475.964384000006 0.983776391
85476.214531000005 0.995765150
85476.464523000002 1.00284493
85476.714395999996 0.976916134
85476.963585999998 1.12040687
85477.214500999995 0.999595404
85477.464540999994 1.04748464
85477.714382000006 0.921182275
85477.964609000002 0.904882908
85478.214431999993 0.997566760
85478.464466999998 0.934013844
85478.714414000002 0.974642754
85478.965475000005 0.962040484
85479.209849999999 0.973957658
85479.464678999997 0.982095540
85479.714496000001 1.07221997
85479.964703999998 0.914867580
85480.214563000001 0.939877152
85480.464590000003 0.976191640
85480.714456999995 1.05188334
85480.964728999999 0.899388671
85481.214615999997 1.09807849
85481.465182000000 1.05077565
85481.714687999993 1.04610991
85481.964640999999 1.01650214
85482.215242000006 1.04709160
85482.464907000001 1.05501044
85482.714387000000 1.06326497
85482.965775000004 1.02640557
85483.214464999997 1.07866883
85483.474231000000 1.08010030
85483.711370000005 0.963548243
85483.964546000003 0.943032146
85484.214338999998 1.02456009
85484.464441999997 0.962638497
85484.714271999997 0.996002316
85484.964521000002 1.00883198
85485.215305999998 1.02473032
85485.464452999993 0.995795846
85485.714150000000 1.02365005
85485.963814999996 0.997358620
85486.214273000005 1.07341206
85486.466914000004 1.11635709
85486.714437000002 0.982910872
85486.965104999996 0.972462177
85487.214172000007 0.985022962
85487.464275000006 1.05333900
85487.714019999999 0.932961702
85487.964460999996 1.09164548
85488.213441000000 0.970369101
85488.465286999999 0.988370478
85488.714085000000 1.01906753
85488.964537000007 0.922314405
85489.214322000000 1.06223273
85489.464435999995 1.01733518
85489.714185999997 1.08820987
85489.964374999996 0.956295252
85490.214357999997 0.969561815
85490.464439999996 0.895723999
85490.713709999996 0.985592425
85490.964540000001 1.09116411
85491.214479000002 0.943385541
85491.464743999997 0.968032598
85491.715343000003 1.00284684
85491.964445999998 1.03421795
85492.214345000000 1.02225733
85492.465106999996 0.968183875
85492.714254000006 0.867873967
85492.974772000001 0.955810189
85493.210481999995 0.944136262
85493.464317000005 0.928392470
85493.714055000004 0.963650703
85493.964271000004 0.934425175
85494.213940000001 0.873131394
85494.464133000001 0.969247222
85494.715083000003 0.951132715
85494.972045000002 0.927621186
85495.213978999993 0.919881165
85495.465446999995 1.04745352
85495.709749999995 0.975179017
85495.960235999999 1.08595824
85496.214414000002 0.874045908
85496.464175000001 0.863392115
85496.713868000006 1.03879845
85496.964150000000 0.935028791
85497.222978999998 1.13077331
85497.464162000004 1.00700700
85497.714158999996 0.988754451
85497.965125000002 0.944177210
85498.214200999995 1.00530064
85498.464064999993 1.02024341
85498.713929999998 1.00640380
85498.964250000005 1.07735288
85499.214185000004 1.08431506
85499.464447999999 0.978299558
85499.714156999995 0.961527586
85499.964347999994 0.939317346
85500.214386000007 1.11218405
85500.463401000001 0.961202621
85500.714139999996 0.999746144
85500.960873000004 1.07491577
85501.216541999995 1.01413274
85501.464158000002 0.969618559
85501.714338999998 1.06333935
85501.964431000000 0.880821586
85502.214332999996 1.01591671
85502.464678999997 1.05277324
85502.714200999995 1.03064704
85502.963281999997 1.05420971
85503.213961000001 0.911210179
85503.463889000006 0.995495439
85503.713722999993 1.06849110
85503.964074999996 0.930794775
85504.215247000000 0.949035585
85504.463931999999 1.01055825
85504.713892999993 1.04062629
85504.964087000000 0.979913056
85505.214139000003 0.866872847
85505.459558999995 0.972037733
85505.714764999997 0.944708109
85505.964150000000 0.904425561
85506.214001999993 0.946040452
85506.463894000000 1.00698149
85506.713822999998 1.00419605
85506.963925000004 0.928620219
85507.213894999993 1.00918376
85507.464974999995 1.05202401
85507.713984999995 1.06252873
85507.963961000001 0.877093256
85508.214032999997 0.931568444
85508.463766000001 1.05989504
85508.714152999994 0.923253894
85508.964091000002 0.893881798
85509.214043999993 0.868647456
85509.463835999995 0.987914205
85509.714001999993 1.02256477
85509.965131999998 0.922499359
85510.214080000005 1.04795814
85510.463828000007 0.997522056
85510.714882999993 0.997518718
85510.964082999999 0.929270685
85511.214061999999 0.975300193
85511.464015000005 0.929633737
85511.713938000001 0.963663518
85511.975252999997 1.09465349
85512.214087999993 1.07705879
85512.463984999995 1.13762534
85512.713952999999 1.01019859
85512.963866000006 0.971624553
85513.213722000000 1.02818382
85513.463696999999 1.00820827
85513.714718000003 0.903177559
85513.963900999996 1.03159404
85514.213321000003 0.969199121
85514.459507000007 0.962395608
85514.713789000001 1.01104236
85514.963904999997 0.906316578
85515.215549999994 1.02025414
85515.463650000005 1.02573645
85515.713810999994 1.04643548
85515.963816000003 0.984138906
85516.213973999998 0.971849978
85516.462990999993 0.989541709
85516.713818000004 1.01049089
85516.964867000002 0.990627825
85517.213850999993 0.947728574
85517.463577000002 1.14728642
85517.713789000001 0.957394481
85517.963875999994 0.850400507
85518.214739999996 1.02131367
85518.463881000003 0.917713404
85518.713212000002 0.963738203
85518.963784000007 1.01719368
85519.210355999996 0.932349503
85519.463671000005 1.05382895
85519.714034999997 0.899275959
85519.964040999999 0.970168591
85520.217548999994 1.03428686
85520.463868000006 1.12868857
85520.714328000002 1.05016923
85520.964179999995 1.03650260
85521.213342000003 0.996220827
85521.463722999993 0.954444408
85521.717250000002 0.887733877
85521.963933000006 1.03412962
85522.213755999997 0.963593185
85522.463707999996 0.931340635
85522.713634000000 0.917092264
85522.963768999994 0.959906161
85523.214758000002 0.929000914
85523.463292999993 1.01200569
85523.713608000005 0.937760293
85523.963766999994 0.904807031
85524.213766999994 0.968762338
85524.463495000004 0.984348416
85524.713686000003 1.09015274
85524.963749000002 0.946394801
85525.213707999996 1.04393244
85525.463644000003 0.980305135
85525.712815000006 0.849427938
85525.971114000000 0.924465120
85526.213650000005 1.03321016
85526.464391000001 1.02932632
85526.713604999997 1.02894151
85526.963732000004 0.944960296
85527.213634000000 1.10437310
85527.463608999999 0.985736549
85527.713627999998 1.01815343
85527.959208999993 0.917318463
85528.213738000006 0.894210219
85528.463646000004 1.06883967
85528.713812999995 0.984418631
85528.963892000000 0.926119149
85529.213650000005 0.998096108
85529.463606999998 0.950878024
85529.717783999993 0.961849749
85529.963854000001 1.13632321
85530.209096999999 0.933189332
85530.463797000004 0.986214578
85530.713734999998 1.10502958
85530.963745999994 1.01368403
85531.213833000002 0.968192875
85531.463665000003 0.974449694
85531.713829000000 0.982460201
85531.963975000006 0.915396512
85532.213837999996 0.892536521
85532.463027999998 1.03748596
85532.714393999995 1.06208396
85532.963661000002 0.965441465
85533.213573999994 0.972281575
85533.463539000004 1.03360248
85533.713545000006 1.11700547
85533.963690999997 0.836172998
85534.214542999995 1.02991986
85534.463520999998 0.979393482
85534.713558000003 1.01718903
85534.968141000005 1.03155470
85535.213294999994 1.05757773
85535.463449000003 1.01308763
85535.713497999997 0.954780400
85535.964504999996 1.02880311
85536.213577999995 1.03576410
85536.463346999997 1.03270042
85536.713512000002 0.930129766
85536.963558000003 0.997909486
85537.212631999995 1.10864985
85537.463405999995 1.01369083
85537.713533000002 0.929871321
85537.963627999998 1.08659446
85538.213871000000 0.900855303
85538.463499999998 0.954001427
85538.713644000003 1.08153939
85538.963904999997 1.02954924
85539.214527999997 1.01743066
85539.458952999994 0.997451186
85539.713503000006 1.07803106
85539.963837000003 1.01283872
85540.214171000000 0.982618093
85540.463665000003 1.01903629
85540.713703999994 1.06657410
85540.963824999999 1.02915144
85541.213524000006 1.05680656
85541.463478999998 1.04067731
85541.714303000001 1.02877712
85541.963378999993 0.936480284
85542.215333000000 0.995719314
85542.463373999999 1.06185699
85542.713415000006 1.03909469
85542.963604000004 0.793286085
85543.213344000003 0.986764491
85543.463245999999 0.962084591
85543.713394000006 1.06270289
85543.964451000007 1.01112688
85544.212717000002 0.959294319
85544.471602999998 1.01239884
85544.713323999997 1.04028356
85544.963103000002 0.980050504
85545.213392999998 1.07186675
85545.464171000000 1.04785144
85545.713346999997 1.01510441
85545.963497999997 0.967361867
85546.213363000003 1.01788032
85546.464003999994 1.03067064
85546.708874000004 0.947497487
85546.963451000003 1.04048586
85547.213258999996 1.13710797
85547.463768999994 1.04245400
85547.713338000001 1.00077367
85547.963506999993 1.02395856
85548.213554999995 0.928997278
85548.463797999997 0.953068495
85548.714510999998 0.866979063
85548.963892000000 1.18375468
85549.213455999998 0.978604794
85549.463619000002 0.905177355
85549.713587000006 1.12464583
85549.964435000002 0.968425572
85550.213629000005 1.09050369
85550.463667999997 0.999440253
85550.713355999993 0.882884502
85550.963359999994 0.963226974
85551.216329999996 1.05322945
85551.459145999994 0.931534350
85551.714533000006 0.957531393
85551.963405999995 0.886600137
85552.213403999995 0.911853731
85552.463130999997 0.984193385
85552.713218000004 0.847215295
85552.963283999998 0.974700153
85553.213157000006 0.998072386
85553.463055999993 0.932184398
85553.712444000004 1.05857348
85553.963300000003 1.01880562
85554.213063000003 1.05944955
85554.463025000005 0.984108865
85554.713193000003 1.06897175
85554.964156999995 0.842280567
85555.213222999999 1.04204535
85555.463044999997 1.04824018
85555.713061000002 0.907311440
85555.963774999997 0.925611734
85556.208788999997 0.913966179
85556.470507999999 1.05353868
85556.713248000000 1.01853263
85556.963313999993 1.05416417
85557.213369999998 0.956362247
85557.463596999994 1.02407730
85557.713384999995 1.00026381
85557.971225000001 1.02880824
85558.214212000006 0.850982666
85558.463671999998 0.984614730
85558.713055000000 1.11119282
85558.963529999994 0.933440149
85559.213149000003 1.00492799
85559.463157999999 0.936592817
85559.713298999995 0.986959040
85559.963401000001 0.973351240
85560.213317000002 0.964818180
85560.462994999994 1.04341328
85560.713237999997 1.02717495
85560.962511000005 0.982966959
85561.213738000006 1.04735613
85561.462948000000 0.874213696
85561.713090999998 0.984579086
85561.963046000004 0.961597025
85562.213036999994 1.03624868
85562.462906999994 1.05405354
85562.713118999993 0.934703112
85562.963101000001 0.936717570
85563.213281000004 1.03774965
85563.462224000003 1.10738933
85563.713088000004 0.921023548
85563.963025999998 1.07747483
85564.213164000001 0.973006070
85564.464051000003 0.957277894
85564.713038000002 1.05071592
85564.963126000002 1.08157086
85565.213000000003 0.983623862
85565.462903000007 1.05681288
85565.712213000006 0.959779680
85565.962968000007 1.12503445
85566.212994999994 0.957188129
85566.462925999993 1.00559032
85566.713141999993 1.09482408
85566.963243999999 1.01593161
85567.213409999997 0.999951363
85567.463084999996 1.00539982
85567.742849999995 0.987631142
85567.958572000003 1.14681029
85568.213210999995 1.06023359
85568.463082999995 1.11349595
85568.713522000005 0.921715438
85568.963036000001 0.929737329
85569.213122000001 0.973940969
85569.463143000001 1.05656767
85569.713132000004 0.895217717
85569.965289999993 1.06959605
85570.211421999993 0.955938637
85570.462968000007 1.01171565
85570.713340999995 0.931928873
85570.963778000005 0.984155059
85571.212927999994 1.15227365
85571.462845999995 1.00195801
85571.712987999999 1.05794811
85571.962901999999 1.16920531
85572.212088999993 1.04201734
85572.463143999994 0.975437045
85572.712929999994 1.03501153
85572.964019999999 0.936844170
85573.212717999995 0.958982170
85573.462815999999 1.04916298
85573.712883000000 0.860200047
85573.962947000007 0.940771401
85574.213837999996 0.981150210
85574.462054000003 1.06933534
85574.712883000000 1.03002310
85574.963071999999 0.980495155
85575.212841999994 1.02172089
85575.462673999995 0.948815644
85575.712950999994 0.886097014
85575.962937999997 0.965883017
85576.212859000007 1.00711691
85576.462954000002 0.935024977
85576.713157999999 0.976341784
85576.962717999995 1.00453258
85577.209268000006 1.01071000
85577.463785999993 1.03210580
85577.713245999999 1.07732046
85577.963210999995 0.872777343
85578.213092000005 1.00022864
85578.463103999995 1.01150715
85578.713281999997 1.00054681
85578.964913000003 1.04828632
85579.212140999996 1.09170818
85579.463029000006 1.03944635
85579.712897000005 0.897988737
85579.963583000004 0.880725026
85580.212750000006 0.935066223
85580.463585999998 1.04918206
85580.712769000005 0.916104913
85580.962838000007 0.917577863
85581.212750000006 1.03241944
85581.462889999995 0.974678636
85581.712774000000 1.01505709
85581.962826999996 1.01847386
85582.212708000006 1.01643729
85582.462660000005 1.13431108
85582.712784999996 1.06850147
85582.962839999993 1.09712672
85583.212721000004 0.974359453
85583.462608999995 0.901651084
85583.713797999997 0.964621484
85583.962780000002 0.925242484
85584.212723999997 0.989947617
85584.462602000000 0.968871653
85584.712818999993 1.01984465
85584.962861000007 1.00373495
85585.212811999998 1.08930600
85585.462645000007 0.986949801
85585.712610999995 0.951295197
85585.958188999997 0.959163427
85586.212727999999 0.865935147
85586.462706000006 0.986618936
85586.712841000000 1.05320358
85586.963900000002 1.10045826
85587.212822999994 0.980637670
85587.462870999996 1.04840648
85587.713019999996 1.00999355
85587.963524999999 1.04688275
85588.212796000007 1.08287966
85588.462530999997 0.921826661
85588.712927000000 0.966876149
85588.961458999998 0.978583694
85589.212910999995 1.03293025
85589.462715000001 1.05384386
85589.712969000000 0.962436616
85589.971881999998 1.19103777
85590.212753999993 0.951283514
85590.462631999995 1.03159225
85590.712517000007 0.988874733
85590.961926000004 0.959242284
85591.213317999995 1.14733911
85591.462497000000 1.05765736
85591.712794000006 0.929966450
85591.962778999994 0.928990364
85592.212587000002 0.913431585
85592.459161000006 1.06411529
85592.712566000002 0.993466437
85592.962908999994 1.00756526
85593.213782000006 1.08876979
85593.465574999995 1.02201807
85593.708480000001 1.03394520
85593.962585000001 0.959486663
85594.212786000004 1.08069122
85594.460582000000 0.967066288
85594.708499000000 0.866415381
85594.963646000004 1.09822154
85595.208687999999 0.883244932
85595.467363999996 1.01086330
85595.708108999999 0.969518125
85595.964995999995 0.997948050
85596.213199000005 0.963746130
85596.466753999994 1.05795610
85596.712931999995 1.03592682
85596.963025999998 0.935828269
85597.214332000003 1.09252954
85597.462423999998 1.05742228
85597.712832999998 0.921119511
85597.958333000002 0.864560544
85598.213766999994 0.956591249
85598.462797000000 0.993913352
85598.713090000005 1.12667680
85598.962849000003 1.01700056
85599.213183999993 0.965281427
85599.463795999996 0.947123289
85599.713480000006 1.00360572
85599.962750000006 1.00622356
85600.208299999998 1.12109745
85600.458194999999 1.01278460
85600.709317999994 0.961204112
85600.962595999998 0.993132949
85601.212971000001 1.11476827
85601.464265999995 0.911637247
85601.712975000002 0.910582066
85601.962922000006 1.00746489
85602.212469000006 1.09663284
85602.458973999994 1.04938722
85602.708790999997 1.03332329
85602.962459999995 1.00037277
85603.212641000006 0.976444781
85603.463405999995 1.12991047
85603.712757000001 0.940092266
85603.962641999999 0.902571499
85604.212692000001 1.05221081
85604.462488000005 1.12063420
85604.712732000000 1.02414453
85604.962641000006 1.04004896
85605.211926999997 1.08058608
85605.462664000006 1.03014278
85605.712832999998 1.00686538
85605.963589999999 1.03507984
85606.212805999996 1.04391015
85606.462796000007 1.05462122
85606.712977999996 1.07749236
85606.962853000005 1.06070268
85607.212658000004 0.997601092
85607.462769000005 0.979872108
85607.707974999998 0.927987993
85607.962759000002 0.964374244
85608.212815999999 1.05080557
85608.462688000000 0.981924295
85608.712927000000 1.01966655
85608.958830000003 0.946942687
85609.213570000007 1.10138416
85609.462813999999 0.932389140
85609.712635000004 0.986441314
85609.962390000001 1.01145172
85610.211981000000 0.945263445
85610.462343000007 1.06125891
85610.712757000001 1.03203285
85610.962748000005 1.01234889
85611.212522000002 0.953887761
85611.462524000002 0.982290328
85611.712660999998 1.06410825
85611.963571999993 1.03007758
85612.212541999994 0.978370011
85612.462637000004 0.971891761
85612.712562000001 1.02082860
85612.962553999998 1.00314367
85613.208822999994 1.00105548
85613.462524999995 1.05777144
85613.712878999999 0.932656944
85613.962581999993 0.971268296
85614.213101999994 0.948754013
85614.462469000006 0.880122125
85614.711527000007 1.05009520
85614.962874999997 1.05578291
85615.214403999998 1.04408658
85615.462474999993 0.900484085
85615.713298999995 0.868823230
85615.962780000002 1.08574069
85616.212576999998 0.965652525
85616.462574000005 0.964740872
85616.712717999995 0.948713839
85616.958419999995 0.924141824
85617.207840000003 1.13162971
85617.462562999994 1.00092947
85617.712612000003 1.03536534
85617.962954000002 1.01436675
85618.212345000007 1.01958787
85618.462583999994 0.957744956
85618.714433000001 1.03280413
85618.962505000003 1.01127660
85619.211821999997 1.02647233
85619.462031999996 0.995188177
85619.712216999993 0.972040653
85619.962419999996 0.959758520
85620.212192000006 0.952800155
85620.462432000000 0.976482332
85620.712436999995 1.04543293
85620.962373000002 1.04214144
85621.212054000003 0.962043703
85621.457796000002 1.07166600
85621.717579000004 0.945082724
85621.963308999999 0.955139875
85622.212354999996 0.994333565
85622.462102000005 1.15137279
85622.712320000006 0.819567084
85622.958897000004 1.04768479
85623.212064000007 0.916467667
85623.462700999997 1.12958956
85623.707722000006 0.850916564
85623.963342999996 0.953552604
85624.211934999999 0.908162832
85624.462169000006 0.984398246
85624.712417000002 0.946318567
85624.962486999997 0.885334432
85625.213161000007 1.20190406
85625.462524999995 0.911721945
85625.712209999998 1.03191173
85625.958056000003 0.996021211
85626.213367999997 1.04168975
85626.462465999997 1.13997674
85626.712507000004 0.972191811
85626.962350999995 1.01838529
85627.212345000007 0.971990108
85627.462549000003 1.01775038
85627.713573999994 1.08342183
85627.962654999996 1.00525510
85628.207712000003 1.05285418
85628.463338999994 0.926063001
85628.708991000007 0.972007036
85628.962297000005 0.972574294
85629.212381000005 0.951104879
85629.462381999998 0.992567718
85629.712306999994 1.02294219
85629.962167999998 0.978128970
85630.212023999993 0.977673650
85630.462165000004 1.01875246
85630.709335000007 0.953711331
85630.962146000005 0.970448017
85631.218932999996 1.05524349
85631.462077999997 0.936396241
85631.713174999997 0.931743145
85631.962067999993 0.970499992
85632.211955999999 0.990903199
85632.462075000003 1.03022575
85632.711955000006 1.04889953
85632.963304999997 1.07046080
85633.208069000000 1.03668928
85633.457657000006 0.925235987
85633.711433000004 0.974390626
85633.961953999999 0.970261335
85634.211916000000 0.988418221
85634.461976999999 0.911853850
85634.712729999999 0.923969567
85634.963170000003 0.995599926
85635.212404000005 0.940133333
85635.457515000002 0.930441976
85635.716843000002 1.02683270
85635.962169999999 0.929401994
85636.212218000001 0.937971413
85636.462167999998 0.871856749
85636.712557999999 0.839695811
85636.962209000005 0.877129138
85637.212203000003 0.879764497
85637.462163000004 0.935460210
85637.707523000005 0.800369322
85637.963044999997 0.854333460
85638.212002999993 0.978148639
85638.462184999997 0.806838393
85638.712060000005 0.747910023
85638.961997000006 0.710756183
85639.211859000003 0.837950289
85639.461993999998 0.748884439
85639.711886000005 0.730533659
85639.961204000007 0.754193485
85640.220061999993 0.687604964
85640.461979000000 0.732014596
85640.712010999996 0.778755844
85640.961922999995 0.747505724
85641.212660000005 0.625318050
85641.462111000001 0.638346314
85641.711985000002 0.610286713
85641.962478000001 0.683802485
85642.207557000002 0.729074061
85642.461781999998 0.689362109
85642.710823999994 0.591421902
85642.961895999993 0.533212066
85643.211846000006 0.643211484
85643.461941999994 0.554149330
85643.712075999996 0.628467202
85643.961842999997 0.579878092
85644.212041999999 0.575118840
85644.463088999997 0.525738955
85644.707431999996 0.544751048
85644.962159999995 0.550617099
85645.211907000004 0.564126730
85645.461964000002 0.570413053
85645.712159999995 0.522854328
85645.962178000002 0.507210433
85646.212209999998 0.538234413
85646.462069000001 0.554596901
85646.712331999996 0.556855500
85646.962287999995 0.476543963
85647.207511999994 0.463008434
85647.462973999995 0.498754174
85647.712086000000 0.444087416
85647.961951000005 0.464836806
85648.212157000002 0.535481691
85648.461880000003 0.588956594
85648.711832000001 0.418346465
85648.961827000006 0.500348687
85649.211679000000 0.527831852
85649.461821000004 0.515173197
85649.707295999993 0.463203430
85649.961815000002 0.495019317
85650.211970000004 0.564732373
85650.461771999995 0.516399145
85650.712834999998 0.550983906
85650.962622999999 0.451923460
85651.211874999994 0.476009041
85651.462362000006 0.545730174
85651.720048999996 0.483679652
85651.957882999995 0.517677486
85652.207385000002 0.483631372
85652.461731000003 0.495768249
85652.711857000002 0.385013729
85652.961804999999 0.482167035
85653.211653000006 0.579645872
85653.461725000001 0.371696204
85653.712901999999 0.508515775
85653.962975999995 0.634027719
85654.209155000004 0.508044243
85654.457339999994 0.518138289
85654.712027999994 0.508296907
85654.961918999994 0.526601911
85655.211851999993 0.532677174
85655.461901000002 0.490239114
85655.712029999995 0.465389252
85655.961821999997 0.464893371
85656.211995999998 0.547052562
85656.462037999998 0.512915969
85656.710863999993 0.528183043
85656.959197000004 0.503889978
85657.212690000000 0.518960118
85657.461905000004 0.569721758
85657.711876000001 0.484910846
85657.961890999999 0.535633802
85658.211792999995 0.399541885
85658.461807999993 0.578623950
85658.711790999994 0.553973854
85658.957250000007 0.449413568
85659.211725000001 0.402769893
85659.461607999998 0.470082611
85659.711834000002 0.519681990
85659.961603000003 0.591805160
85660.211737000005 0.521970630
85660.462539999993 0.442078352
85660.714059000005 0.433784962
85660.961622000003 0.480816275
85661.207131000003 0.476828575
85661.461630999998 0.460099936
85661.711721000000 0.468448669
85661.961699000007 0.411150753
85662.211637999993 0.532775164
85662.461548000007 0.528661847
85662.712495000000 0.471515805
85662.961658999993 0.500517249
85663.211527000007 0.464166462
85663.457141000006 0.450281322
85663.712746000005 0.472371846
85663.961802000005 0.431969762
85664.211802999998 0.416239023
85664.461893999993 0.438123882
85664.711754000004 0.484260798
85664.961739999999 0.401483327
85665.211775999996 0.467372954
85665.462415999995 0.430786848
85665.707087999996 0.408725411
85665.961788999994 0.425247669
85666.212864999994 0.460995674
85666.461746000001 0.523354530
85666.712832999998 0.497481167
85666.962004000001 0.490210772
85667.211511000001 0.530108154
85667.462201000002 0.431167781
85667.711662000002 0.423073679
85667.957326000003 0.497882009
85668.211718999999 0.427425504
85668.458016000004 0.441967368
85668.711616999994 0.393100470
85668.961616999994 0.434233874
85669.211343999996 0.466509610
85669.461511999994 0.449725628
85669.711636000007 0.463594824
85669.962402999998 0.391900331
85670.211553999994 0.508866847
85670.457026000004 0.568672538
85670.711693000005 0.484403074
85670.958188000004 0.460642219
85671.206992000007 0.552894115
85671.457001999996 0.382394284
85671.707037000000 0.477018267
85671.957093999998 0.353332371
85672.211475000004 0.415417731
85672.461450000003 0.475994110
85672.711479999998 0.482339919
85672.957024000003 0.460006654
85673.214533999999 0.394059658
85673.461666000003 0.334260404
85673.711630999998 0.471871138
85673.961653999999 0.441588104
85674.212494000007 0.481461614
85674.461637000000 0.417095780
85674.711679000000 0.442531437
85674.961408999996 0.425884336
85675.206957999995 0.427085340
85675.464825999996 0.482632428
85675.711666000003 0.510626912
85675.961955000006 0.457353204
85676.211437000005 0.513614476
85676.463013999994 0.505235255
85676.711704999994 0.422665864
85676.961381999994 0.453947246
85677.211173999996 0.419080675
85677.460560000007 0.447987676
85677.718873999998 0.453208685
85677.961412999997 0.452094018
85678.211439000006 0.509475410
85678.461383000002 0.399575919
85678.711402999994 0.456297606
85678.961393000005 0.521566629
85679.211162000007 0.418785155
85679.461637000000 0.462881565
85679.707645000002 0.498987347
85679.957001999996 0.433735371
85680.207687000002 0.525056720
85680.461425000001 0.476155698
85680.711391000004 0.411567688
85680.961400000000 0.468201458
85681.211150999996 0.461648822
85681.461337999994 0.401099354
85681.711486000000 0.432816178
85681.961328999998 0.425045341
85682.206821000000 0.385116547
85682.465880000003 0.379107118
85682.711393000005 0.456119835
85682.962243000002 0.496650606
85683.211400000000 0.393062890
85683.461418999999 0.550682724
85683.711368000004 0.428441674
85683.961620000002 0.396803796
85684.220543000003 0.398824036
85684.457563999997 0.461294502
85684.706841000007 0.484320670
85684.961517999996 0.384458870
85685.211313000007 0.387376487
85685.461412000004 0.505894303
85685.711517999996 0.550536931
85685.961490999995 0.436130852
85686.213319999995 0.446249366
85686.461540999997 0.615796149
85686.711374999999 0.409195393
85686.960609000002 0.452536702
85687.211704999994 0.474661559
85687.462534999999 0.426918805
85687.711356000000 0.484779745
85687.961183000007 0.492603689
85688.211253000001 0.428278983
85688.461242999998 0.424398124
85688.711221000005 0.429345936
85688.961234000002 0.439628005
85689.208605000007 0.374507815
85689.457699999999 0.441747189
85689.711286999998 0.395005256
85689.961293999993 0.421988189
85690.211427000002 0.421011508
85690.461171000003 0.364819676
85690.711196000004 0.470001340
85690.961246999999 0.425516248
85691.207718000005 0.431076378
85691.461202000006 0.497520745
85691.710296000005 0.472506791
85691.961177000005 0.500420511
85692.211282999997 0.364496976
85692.461184000000 0.400380075
85692.712186000004 0.445232093
85692.961393999998 0.458624631
85693.211120000007 0.473521590
85693.461259000003 0.460204095
85693.715651000006 0.541449487
85693.956747000004 0.421900541
85694.211364000003 0.416467100
85694.461857000002 0.517977297
85694.711383000002 0.456022441
85694.961242000005 0.441575527
85695.211183000007 0.327638030
85695.461421000000 0.432303488
85695.711270000000 0.450250059
85695.958941000004 0.441052496
85696.211173000003 0.434587896
85696.461028999998 0.538803935
85696.711121999993 0.471899122
85696.961184000000 0.383663267
85697.211056000000 0.534934998
85697.461163999993 0.459917843
85697.711070999998 0.392583430
85697.961171999996 0.468806982
85698.206672000000 0.461305708
85698.461056999993 0.499327987
85698.711049000005 0.465682060
85698.961127000002 0.382022440
85699.211786000000 0.394020885
85699.461152000003 0.526929736
85699.711074000006 0.505512714
85699.960972999994 0.398682654
85700.210974000001 0.410653442
85700.461028000005 0.411518812
85700.710231000005 0.424685299
85700.961043000003 0.483370662
85701.210858999999 0.439052194
85701.461225999999 0.451964289
85701.711022000003 0.470190644
85701.961158000006 0.444082379
85702.210970000000 0.387881786
85702.461972999998 0.403912485
85702.711240999997 0.391877949
85702.960691999993 0.522893429
85703.211035000000 0.460276097
85703.461123000001 0.448817074
85703.711139999999 0.399752438
85703.961177999998 0.418831915
85704.210988000006 0.436945915
85704.457466000007 0.552110493
85704.711194000003 0.464814007
85704.963275999995 0.512751877
85705.210384000005 0.543091476
85705.462073999995 0.478021979
85705.708778999993 0.457318872
85705.961693999998 0.498311639
85706.210934000002 0.492110014
85706.461614000000 0.522553146
85706.711121999993 0.530009151
85706.960768000004 0.459521621
85707.210831000004 0.443996608
85707.460890999995 0.441449165
85707.706441000002 0.437160969
85707.958706000005 0.525229275
85708.210886000001 0.495563328
85708.460913000003 0.396910667
85708.711829000007 0.430619627
85708.963086999996 0.428738177
85709.210888999994 0.474535018
85709.460863000000 0.401652455
85709.710858000006 0.408259749
85709.960861000000 0.473446906
85710.210047999994 0.394255608
85710.467181999993 0.411177635
85710.710863000000 0.412316561
85710.960925000007 0.385550797
85711.210860000007 0.427958310
85711.461043999996 0.423833728
85711.710905000000 0.460651040
85711.961672000005 0.507672071
85712.211762999999 0.456315845
85712.456395999994 0.427333415
85712.711022999996 0.438522518
85712.961053999999 0.400333643
85713.210833000005 0.378179282
85713.461085000003 0.440914005
85713.710997999995 0.446546257
85713.962113000001 0.513071537
85714.210789999997 0.423155755
85714.461068000004 0.452066541
85714.711190000002 0.497345805
85714.956477999993 0.407857746
85715.218827999997 0.429028541
85715.461066000003 0.440690935
85715.710974000001 0.408599287
85715.960701999997 0.471093357
85716.210768000004 0.411489457
85716.461020000002 0.418810904
85716.710959000004 0.425836682
85716.970530000006 0.411645979
85717.206313000002 0.416806251
85717.456508999996 0.454673886
85717.710751999999 0.532817602
85717.960768999998 0.398088276
85718.213778000005 0.476496637
85718.461083999995 0.397140712
85718.713843000005 0.424955428
85718.960829000003 0.499629587
85719.210764000003 0.535815418
85719.456271999996 0.537323236
85719.710781999995 0.466115445
85719.960884000000 0.466677874
85720.210802999994 0.366683841
85720.461028999998 0.555454791
85720.711236000003 0.490862250
85720.961196000004 0.447654992
85721.210726999998 0.435783803
85721.463080999994 0.430997938
85721.711190000002 0.472618461
85721.957467999993 0.423056185
85722.206399000002 0.504530013
85722.456628000000 0.474669814
85722.711024000004 0.503551364
85722.961746999994 0.398824871
85723.211068999997 0.449528426
85723.461227000007 0.533786654
85723.710959000004 0.528030694
85723.961135999998 0.416870773
85724.211148999995 0.496465504
85724.456208000003 0.493782848
85724.711970999997 0.526051402
85724.960921000005 0.362355679
85725.210883000007 0.514377236
85725.461223000006 0.406358689
85725.711307000005 0.560763896
85725.960850999996 0.449745834
85726.211074999999 0.478061765
85726.460873999997 0.507851303
85726.706216000006 0.471065074
85726.960676000002 0.432303697
85727.210651000001 0.534263968
85727.460875999997 0.441406697
85727.711670999997 0.590285361
85727.960791999998 0.475465536
85728.210839000007 0.419773042
85728.460798999993 0.458425522
85728.710806000003 0.435480863
85728.960569999996 0.407573968
85729.209898999994 0.541277528
85729.460839000007 0.632293224
85729.710739999995 0.556166351
85729.961599000002 0.436632782
85730.210705000005 0.574084103
85730.464372999995 0.543994606
85730.710753000007 0.566732705
85730.961765999993 0.423511744
85731.210862000007 0.459519833
85731.461093000005 0.508556783
85731.710120000003 0.528639019
85731.960900999999 0.449977279
85732.211072000006 0.595433235
85732.462866000002 0.394950151
85732.710819999993 0.409630775
85732.960928999993 0.467319161
85733.210732000007 0.492670178
85733.461051999999 0.447200447
85733.710949000000 0.490215242
85733.960791000005 0.646807551
85734.206888000001 0.572346330
85734.460949999993 0.487015158
85734.710894999997 0.474641889
85734.960703000004 0.546857476
85735.211018000002 0.442229301
85735.460905000000 0.476876557
85735.710670000000 0.536125839
85735.960584000000 0.500919759
85736.210707000006 0.434584498
85736.460644000006 0.452220440
85736.706057999996 0.536463678
85736.960636999996 0.542527258
85737.211454000004 0.505420446
85737.460873000004 0.479131341
85737.710661999998 0.492506862
85737.960460999995 0.444918007
85738.210634999996 0.465344667
85738.460691999993 0.478109956
85738.710647000000 0.550361872
85738.956732000006 0.354300469
85739.206114000001 0.436663032
85739.463820999998 0.435878366
85739.710869000002 0.524134338
85739.960506999996 0.437777430
85740.210575999998 0.394664377
85740.461819999997 0.472496569
85740.710611999995 0.453408569
85740.960657000003 0.502774477
85741.210642999999 0.463534713
85741.456005999993 0.462704599
85741.711112000005 0.522695541
85741.963814999996 0.597814023
85742.210814999999 0.514599204
85742.460982000004 0.427045286
85742.711339000001 0.469867438
85742.960944999999 0.518342733
85743.210693999994 0.521007419
85743.460808999997 0.504440606
85743.711536000003 0.479855061
85743.956571000002 0.434129804
85744.206888999994 0.425753415
85744.456326000000 0.523565471
85744.711257000003 0.447556227
85744.957269000006 0.474413067
85745.210722999997 0.537135243
85745.460942999998 0.431027204
85745.710286000001 0.401737243
85745.960223000002 0.523210406
85746.219303000005 0.520000517
85746.456563000000 0.470179915
85746.707211000001 0.457600206
85746.960544000001 0.393145621
85747.210441999996 0.520327568
85747.460502000002 0.438806295
85747.710397999996 0.397835612
85747.960332000002 0.474347234
85748.210363000006 0.515783131
85748.460151000007 0.446377575
85748.710454999993 0.414104521
85748.955988000002 0.451343894
85749.207208000007 0.456059039
85749.456105000005 0.455319077
85749.710495000007 0.549951851
85749.964064000000 0.380094320
85750.210508000004 0.580291033
85750.459845999998 0.396777153
85750.710305000001 0.509156883
85750.960428999999 0.407647640
85751.210519999993 0.498660415
85751.456422999996 0.469285905
85751.706183999995 0.475915968
85751.960605999993 0.543862045
85752.208882999999 0.491016865
85752.459862999996 0.459201396
85752.710642999999 0.560617268
85752.960588999995 0.486402363
85753.211263999998 0.545790792
85753.460764999996 0.502983749
85753.706445000003 0.493317872
85753.960334000003 0.367662966
85754.210441999996 0.508442521
85754.460634999996 0.424017876
85754.710567000002 0.422474086
85754.960162000003 0.527317047
85755.210309999995 0.495655924
85755.460191000006 0.452190310
85755.710124999998 0.431497127
85755.955833999993 0.401098490
85756.211125000002 0.340451211
85756.457865999997 0.499361426
85756.710380999997 0.549237669
85756.960101000004 0.401092589
85757.210319999998 0.562747478
85757.460231999998 0.476028889
85757.710403999998 0.461314142
85757.960099000004 0.496712953
85758.205742000006 0.580349505
85758.460242999994 0.586511672
85758.710313999996 0.497124702
85758.960202000002 0.556769133
85759.210185999997 0.619641006
85759.461689999996 0.492038876
85759.710363999999 0.445646614
85759.960057999997 0.490335941
85760.206116999994 0.496175587
85760.455755999996 0.507575274
85760.710321999999 0.471278489
85760.960353999995 0.557750106
85761.210313000003 0.502082705
85761.460313000003 0.567299962
85761.710330999995 0.479228735
85761.960326999993 0.385823935
85762.210909999994 0.431310058
85762.455663000001 0.502661109
85762.706644000005 0.502634168
85762.960424000004 0.529625177
85763.210177999994 0.461348623
85763.460338999997 0.430390865
85763.711244999999 0.392191917
85763.960382000005 0.485288501
85764.210248000003 0.520339370
85764.460078999997 0.440511167
85764.710105000006 0.416614652
85764.960110999993 0.407078475
85765.209449000002 0.416588396
85765.460040999998 0.447403878
85765.711003000004 0.446984291
85765.960229999997 0.502617836
85766.210145999998 0.449297398
85766.460124000005 0.495614648
85766.709902999995 0.511306882
85766.959916000007 0.447421163
85767.210128999999 0.442266345
85767.455696000005 0.430896252
85767.709304999997 0.510185361
85767.960011999996 0.430256933
85768.210105000006 0.489811063
85768.460189999998 0.423733503
85768.710217999993 0.564384401
85768.960969000007 0.527652800
85769.210110000000 0.541512489
85769.460118000003 0.427073687
85769.718177999996 0.553938806
85769.955579999994 0.521673918
85770.206193000005 0.507494211
85770.460133000000 0.437537998
85770.710112000001 0.510694206
85770.960256999999 0.449565083
85771.210238999993 0.509889781
85771.460435000001 0.450703174
85771.710093000002 0.419367462
85771.960038000005 0.448360652
85772.206219000000 0.494485527
85772.460023000007 0.529001832
85772.705725000007 0.535747766
85772.960143999997 0.493221074
85773.210445000004 0.512098312
85773.460355999996 0.535124600
85773.710357000004 0.525270522
85773.960109000007 0.502833426
85774.217955999993 0.435457438
85774.460070999994 0.484829128
85774.705501999997 0.509399176
85774.960223999995 0.454656720
85775.206894000003 0.473402172
85775.460198000001 0.544872224
85775.706348000007 0.527292252
85775.960942000005 0.616214991
85776.209900000002 0.485630006
85776.460030000002 0.436022609
85776.710068000000 0.560374320
85776.959980000000 0.440523058
85777.205424999993 0.483054519
85777.459698000006 0.488837719
85777.709908000004 0.534298062
85777.959942999994 0.535951853
85778.210042000006 0.573844433
85778.460932999995 0.567384899
85778.710712000000 0.487976849
85778.959839999996 0.561051309
85779.209822000004 0.561786652
85779.455369999996 0.607385874
85779.713313000000 0.556333482
85779.959833000001 0.463190943
85780.209942999994 0.483653009
85780.460114000001 0.509078920
85780.710026000001 0.587351680
85780.960338999997 0.513171077
85781.210011000003 0.511801302
85781.459187999993 0.548403084
85781.706305000000 0.633008003
85781.960521999994 0.591461897
85782.210072999995 0.562466741
85782.460189999998 0.547882855
85782.716688999993 0.581018567
85782.961217999997 0.560470462
85783.209948000003 0.631537616
85783.459990000003 0.665786147
85783.709954000005 0.659966350
85783.956560999999 0.617315352
85784.205600999994 0.698193550
85784.459545999998 0.674770653
85784.710881000006 0.606104374
85784.959768999994 0.704137564
85785.209820000004 0.621438801
85785.459935000006 0.763443172
85785.710042999999 0.793856323
85785.959747000001 0.696989536
85786.209734999997 0.825631440
85786.455275000000 0.731168687
85786.709715999998 0.870044529
85786.959585999997 0.718572438
85787.209772999995 0.825153828
85787.459837999995 0.817559540
85787.709728999995 0.901891172
85787.960510000004 0.923869848
85788.209705000001 0.910557330
85788.459803000005 0.958521008
85788.706070999993 1.03130305
85788.955411000003 0.893550694
85789.209730999995 0.834111631
85789.459797000003 0.790036976
85789.710095000002 1.03986907
85789.960307999994 0.973293722
85790.210049000001 1.08603239
85790.460078000004 0.861569583
85790.709837000002 0.863947868
85790.959562000004 1.12745059
85791.211658000000 1.01946533
85791.459879999995 1.02355754
85791.705765000006 0.948848426
85791.959625000003 1.07222581
85792.210195000007 1.00807202
85792.459933000006 1.10565567
85792.710290000003 1.02787471
85792.960531000004 1.06905973
85793.209917000000 1.02971148
85793.459908000004 1.11118424
85793.705327000003 1.05480707
85793.959594000000 1.00433207
85794.210697999995 0.971306801
85794.459831999993 0.964227617
85794.710034999996 1.04179931
85794.960684000005 0.992834926
85795.209556999995 0.952428401
85795.459642000002 0.989681780
85795.709537000002 1.03279853
85795.959497999997 1.00767720
85796.205103000000 0.988581657
85796.459774999996 0.994650662
85796.709742999999 1.05162537
85796.959430999996 1.01161790
85797.209686999995 1.14191520
85797.460588999995 0.996955097
85797.714030000003 0.993153393
85797.959440000006 1.09523427
85798.210084000006 1.09173536
85798.459852000000 1.11079538
85798.705254999993 1.03831303
85798.959518000003 0.975488305
85799.209766000000 1.00733459
85799.459830000007 0.987266481
85799.709883000003 1.07399142
85799.959705999994 1.08428895
85800.210034999996 0.972929358
85800.459728000002 0.942875624
85800.710603000000 1.03147006
85800.959638000000 0.965110600
85801.209365000002 0.876100421
85801.469240999999 1.10367692
85801.711767999994 0.993292212
85801.957160999998 0.974039614
85802.209828999999 1.10633743
85802.459797000003 1.01012862
85802.710015000004 1.06990027
85802.959549000007 0.888632357
85803.209644999995 0.936522722
85803.459627000004 1.01297557
85803.709524999998 1.00519478
85803.961880999996 0.990637422
85804.209745999993 0.922837138
85804.465551000001 0.992128849
85804.709594999993 0.955163360
85804.960582999993 0.988223672
85805.209453000003 1.07776034
85805.459459999998 0.904096246
85805.709503999999 1.14668548
85805.958648000000 1.12413454
85806.209797000003 1.00828707
85806.459514999995 1.05191636
85806.727736999994 0.935414851
85806.960466000004 0.943512976
85807.209365000002 0.984886646
85807.460531999997 1.01221871
85807.709514999995 1.04543877
85807.959340999994 1.00217605
85808.208752000006 1.01489663
85808.459787999993 0.930505753
85808.709482000006 1.09503651
85808.959453000003 1.05103695
85809.209631000005 1.02029943
85809.459826999999 0.983316958
85809.709508000000 1.06283426
85809.959340999994 0.882303894
85810.213183000000 0.922254801
85810.460015999997 0.961736262
85810.709610000005 1.01702619
85810.959562999997 1.00835264
85811.210107999999 1.03058410
85811.459808000000 0.941193104
85811.709656000006 0.868002474
85811.959547000006 0.977998495
85812.210326999993 0.993460476
85812.459963999994 0.799878955
85812.705109999995 1.03565860
85812.959696000005 0.875648439
85813.209419999999 1.10735130
85813.459411999997 1.02428877
85813.716195000001 0.957513392
85813.959310000006 0.990223348
85814.210189999998 1.02450728
85814.459403000001 1.04838312
85814.709405999994 1.09214890
85814.958520999993 1.13116992
85815.205969000002 1.01539695
85815.459367000003 1.05761385
85815.709304999997 0.944482923
85815.959157000005 0.927094638
85816.210206999996 1.09254980
85816.460313000003 1.03643739
85816.709421000007 1.01215708
85816.959201999998 1.02264619
85817.208515000006 0.994522035
85817.459468000001 1.12696791
85817.709285999998 0.948585451
85817.959138000006 0.899170935
85818.210135000001 1.03840566
85818.459396000006 0.984605193
85818.709365000002 0.950654328
85818.959401000000 0.974753380
85819.209380000000 0.989614785
85819.459438000005 0.988164663
85819.717522999999 0.915684044
85819.959357999993 0.989348412
85820.210114999994 1.00191128
85820.459472999995 1.07445025
85820.709531000000 1.04567456
85820.959552999993 1.06459033
85821.209510000001 0.973628938
85821.459608999998 1.08626568
85821.709581999996 0.960101366
85821.959245999999 1.19516110
85822.208991000007 1.02165759
85822.459585999997 0.995214224
85822.710235999999 0.999717593
85822.959491000001 0.943693280
85823.209084000002 1.07131147
85823.459348999997 0.970443726
85823.709201999998 0.996513426
85823.959222999998 1.06142390
85824.209646000003 1.00610828
85824.466528999998 1.10357833
85824.704845999993 0.977683544
85824.958933999995 1.04027605
85825.209197999997 1.05425799
85825.459155999997 0.928113639
85825.709229000000 0.973827183
85825.960187999997 0.956738353
85826.209380000000 0.947609305
85826.459151999996 1.05185091
85826.709201000005 0.973561108
85826.958371999994 1.01072466
85827.209134000004 1.03192055
85827.459166999994 1.02345324
85827.709147999994 1.00905001
85827.959109999996 0.975381255
85828.209369999997 0.995482385
85828.459166999994 1.05917048
85828.709115999998 0.989301562
85828.959199000004 0.961517811
85829.221027000007 0.953827322
85829.454635000002 0.945757568
85829.709382000001 0.919181466
85829.959172999996 0.890382767
85830.209944000002 0.999975026
85830.459262999997 1.03642726
85830.709285000004 0.855093420
85830.959302999996 1.13755429
85831.209470000002 0.881751120
85831.459268000006 0.903868675
85831.709950000004 0.903547704
85831.957297999994 0.923539996
85832.210347999993 0.950369656
85832.459317999994 1.08860075
85832.709495999996 0.991026819
85832.958956000002 0.953585207
85833.209084000002 0.987826526
85833.459019000002 1.02510846
85833.709121000007 1.18455195
85833.961756000004 1.11062586
85834.204899000004 0.958421648
85834.455554000000 1.04784429
85834.709145000001 0.902143359
85834.959826000006 0.848041058
85835.209294999993 1.00016773
85835.459994000004 0.931587517
85835.709822000004 1.07710302
85835.958994000001 0.992025733
85836.210074000002 1.11666811
85836.458222000001 0.995917976
85836.709040999995 0.940676808
85836.958929000000 1.04240525
85837.208897000004 1.01590002
85837.459879999995 0.839438021
85837.709067999996 0.948850155
85837.959042999995 0.973490179
85838.211055000007 0.952602267
85838.459153999996 0.878932297
85838.710131999993 1.08951294
85838.959050999998 1.00298154
85839.209233999994 1.06838942
85839.459680999993 1.02690136
85839.728296000001 0.955288172
85839.959143000000 1.07803988
85840.209594999993 0.905644953
85840.459136999998 1.01880252
85840.709008999998 1.03936577
85840.958398000002 1.00244319
85841.209147000001 1.00528741
85841.459403000001 1.01879418
85841.710177999994 1.01000810
85841.959296000001 1.05678666
85842.209268000006 0.955198348
85842.459027999997 1.05013108
85842.708845999994 0.973901093
85842.959168000001 1.04382193
85843.209151000003 0.992746592
85843.459035000007 1.01710367
85843.708157000001 1.02416241
85843.959120000000 0.880817413
85844.209432000003 1.05912733
85844.459078999993 0.890600741
85844.709065999996 1.05128336
85844.956894000003 0.982447445
85845.209292000000 1.06321549
85845.459029000005 1.03689575
85845.711880999996 0.911880076
85845.958121000003 1.05039918
85846.209243000005 1.02081811
85846.459807000007 0.903779626
85846.709010000006 0.869642556
85846.959208999993 1.02392399
85847.209101999993 1.07232833
85847.459122999993 1.06017220
85847.709000000003 0.853163421
85847.964894000004 1.00138569
85848.204670000006 0.951464951
85848.459996000005 1.10992944
85848.708964999998 1.02555871
85848.959285000004 1.08239007
85849.209034000000 1.05007362
85849.459287999998 1.13789880
85849.709065000003 1.10266972
85849.959751000002 1.01249731
85850.209266000005 0.931155205
85850.461769999994 1.04256201
85850.704578999997 0.948983848
85850.959187999993 1.11387825
85851.210204000003 1.01107419
85851.459300000002 1.04638946
85851.709447000001 1.01366210
85851.959174999996 0.925127566
85852.209088999996 1.10527408
85852.458998999995 0.962937117
85852.716253999999 0.987309396
85852.954488999996 0.942672968
85853.209002999996 0.876926184
85853.458901000005 1.07960224
85853.708752999999 1.01323545
85853.959002999996 0.950683951
85854.209184000007 0.956535399
85854.459919999994 0.998834729
85854.708756000007 1.02590299
85854.958920999998 1.02659297
85855.208029000001 0.998997748
85855.455468999993 0.946970046
85855.708702000004 1.00513136
85855.958920999998 1.08187580
85856.208937000003 1.00646341
85856.458977000002 0.930024862
85856.708706000005 0.996012986
85856.958973999994 1.09207487
85857.209019000002 0.966560245
85857.457926000003 1.00853992
85857.705268999998 0.986774683
85857.959163000007 1.02146959
85858.209111000004 0.987449586
85858.458992000000 0.856125593
85858.709436000005 0.969192147
85858.959075999999 1.04388249
85859.209134000004 0.987638235
85859.458975999994 0.931582391
85859.708251000004 0.975711703
85859.959000000003 1.02243245
85860.208184000003 1.11574793
85860.459101000000 0.964825451
85860.710993999994 1.01215243
85860.958996999994 1.00273466
85861.209677999999 1.05793107
85861.459493000002 1.05182612
85861.708882000006 0.900172949
85861.957890999998 1.01699913
85862.206042000005 1.03238487
85862.458731999999 0.966011047
85862.709486000007 1.01464999
85862.958843999993 0.908724666
85863.208761999995 0.961998284
85863.458822999994 0.871435106
85863.708681999997 0.939362288
85863.960458999994 0.995268941
85864.208429999999 0.854129374
85864.454400999995 1.05170560
85864.712448000006 0.996053636
85864.958817000006 0.991262197
85865.208851000003 1.02200329
85865.458773000006 1.03215468
85865.708880000006 0.866617084
85865.958819000007 0.967295229
85866.209172000003 0.974661708
85866.454192999998 0.895437121
85866.708629999994 0.983267248
85866.958805999995 0.987718284
85867.210833999998 1.01092792
85867.458857000005 1.05069065
85867.708792999998 0.881281495
85867.958864999993 1.00598633
85868.209040000002 1.02721882
85868.459021000002 1.01570916
85868.707964000001 0.913928211
85868.958935000002 1.04222953
85869.209409999996 0.972667038
85869.461574000001 0.953084230
85869.708616999997 1.00872481
85869.959275000001 1.03427625
85870.208658999996 0.946305037
85870.460097000003 0.950156569
85870.709006999998 0.939243078
85870.963076999993 1.03293431
85871.208872999996 1.03437686
85871.458603999999 1.07253671
85871.708505000002 1.05191362
85871.958580000006 1.03308058
85872.208689000006 0.937501729
85872.467338000002 0.941468298
85872.708320000005 0.961004794
85872.958442999996 0.881283879
85873.208547000002 0.965115726
85873.454933000001 0.952494860
85873.709252999994 1.02079439
85873.958633999995 0.943774760
85874.208685000005 0.898419738
85874.458448000005 0.953563690
85874.708448999998 0.943442643
85874.958471999998 1.06227636
85875.208601000006 1.01852107
85875.458549000003 0.965423048
85875.707611000005 1.00880337
85875.955885999996 0.996131778
85876.208710000006 1.05905759
85876.458394000001 1.01577485
85876.708352999995 1.06962335
85876.959411999997 0.931104660
85877.208692999993 0.964654446
85877.457957000006 1.06270754
85877.708534999998 1.15518641
85877.957951999997 1.22172403
85878.208719999995 0.925366104
85878.458616999997 0.990372479
85878.708536999999 0.980899155
85878.959046000004 1.00859821
85879.208635999996 1.05382800
85879.458786000003 0.884584546
85879.708643000005 1.14261758
85879.958545999994 0.951260865
85880.209631000005 1.07004881
85880.458211999998 0.978561521
85880.708589000002 1.03580999
85880.958530000004 1.04679465
85881.208939000004 0.950758755
85881.459732999996 0.959770679
85881.709147000001 1.07332098
85881.958343999999 1.00329649
85882.208360999997 1.01749396
85882.458239000000 0.929035425
85882.703924999994 1.01357305
85882.956726999997 0.960473418
85883.208469000005 0.954123914
85883.459363999995 0.964559436
85883.708291999996 1.00825214
85883.958431000006 1.05086076
85884.208400999996 1.04295421
85884.458144000004 0.983550310
85884.708304000000 1.03204036
85884.965408000004 0.961135924
85885.204001000006 0.999029040
85885.454826999994 1.10502172
85885.708241000000 1.06605673
85885.958331999995 1.08095884
85886.208398000002 0.973184407
85886.458320000005 0.835519969
85886.709356000007 1.10415947
85886.958543999994 0.994032443
85887.208549000003 1.05552495
85887.457517999996 0.998330712
85887.708541000000 1.02711368
85887.957964999994 0.986310542
85888.208503000002 0.947116494
85888.458308999994 1.01176548
85888.708427000005 0.942855358
85888.958629000001 0.952540040
85889.208394999994 1.03747892
85889.458419999995 0.925259650
85889.709325000003 0.877728701
85889.957578000001 0.954374731
85890.205623000002 0.980358660
85890.457748999994 1.17947233
85890.708450000006 1.03500986
85890.958815999998 1.09000552
85891.208295999997 1.00709355
85891.458666000006 0.996483088
85891.708171999999 0.978898525
85891.958314999996 1.05474496
85892.207316999993 0.955947399
85892.458425000004 1.11508262
85892.708261000007 1.00978208
85892.958939999997 0.992085874
85893.208236000006 1.00613940
85893.458134000000 0.995481133
85893.708104999998 1.01063287
85893.958211999998 0.948612690
85894.209365999995 0.913492858
85894.458188000004 0.997890711
85894.709445999993 1.03176296
85894.958381999997 1.08008671
85895.208287999994 1.10541391
85895.458138999995 1.15132618
85895.708046999993 0.997315168
85895.958318999998 0.911208153
85896.209317999994 0.960648119
85896.458295999997 1.02307916
85896.708572000003 0.928095043
85896.958035000003 0.817042828
85897.208396000002 1.10375607
85897.458264999994 1.06051266
85897.709168999994 1.00717175
85897.958366000006 1.00284111
85898.208423999997 0.918065608
85898.458326000007 1.10660911
85898.708390000000 1.07483518
85898.958459000001 1.05857992
85899.203649999996 1.03465772
85899.459256000002 1.09114254
85899.708455000000 1.15318191
85899.958341999998 0.968493402
85900.208494999999 0.966344535
85900.458293999996 0.984742165
85900.708148999998 1.05674767
85900.958291000003 0.954973221
85901.208180999995 0.966854215
85901.457316999993 0.953190446
85901.705962000007 0.920432568
85901.958134999993 1.11418176
85902.209982000000 0.969268143
85902.458085000006 1.01045549
85902.714733999994 0.974179268
85902.958161000002 1.07914102
85903.208089000007 1.00093114
85903.457980000007 0.949420929
85903.708295000004 0.927330911
85903.953752999994 0.923809707
85904.208132999993 0.954340994
85904.458106000006 0.989074230
85904.708280000006 0.880625963
85904.965668999997 1.05217659
85905.208012999996 1.02567363
85905.457920000001 1.02850485
85905.708037000004 1.00773299
85905.959275999994 1.04984760
85906.207626000003 1.01861465
85906.458119999996 0.939660549
85906.708186999997 0.967498362
85906.958176000000 0.988716841
85907.208236000006 0.975369096
85907.458287000001 1.06355500
85907.708142000003 1.01011968
85907.958241000000 0.897868037
85908.208140000002 1.02253187
85908.457030999998 1.07835889
85908.707756999996 1.13748932
85908.958408999999 0.976686060
85909.208975999994 0.874747694
85909.458165999997 1.05830741
85909.707844999997 1.07914019
85909.958108000006 1.01161540
85910.208003000007 1.04816496
85910.457874999993 1.02892554
85910.703393000003 1.14060950
85910.957943999994 0.999475002
85911.207972000004 1.07034743
85911.457873000007 1.18522871
85911.707743000006 0.917717576
85911.957957999999 1.06950843
85912.207939999993 0.903263628
85912.458794000006 0.986136794
85912.707718000005 1.04664147
85912.957494999995 1.10360444
85913.209172999996 0.926245153
85913.457842999997 1.11187840
85913.707817000002 0.926576316
85913.958140999996 0.915541351
85914.207882000002 1.04638207
85914.457939000000 1.13623846
85914.707725000000 1.07221580
85914.969175999999 0.973994970
85915.207225000006 1.07223165
85915.457794000002 0.999758244
85915.708520000000 1.01414490
85915.958073999995 0.968651474
85916.208090000000 1.11430490
85916.458125000005 1.13615751
85916.708912999995 1.08847022
85916.958083000005 1.00791657
85917.207917000007 0.996250689
85917.458444999997 0.993322313
85917.703424000007 1.06427419
85917.955908000004 0.970196605
85918.207968999996 1.15119278
85918.457920000001 1.16603422
85918.707972000004 1.03319645
85918.958927000000 0.960745633
85919.208239000000 1.00757754
85919.458029000001 1.04716849
85919.707779000004 1.02380538
85919.957257999995 0.962232351
85920.207888000004 1.04535329
85920.457748999994 1.02980018
85920.707777000003 1.09707475
85920.957831000007 0.974303603
85921.207834000001 1.06703079
85921.457878999994 0.971361458
85921.707601999995 0.996876001
85921.957756999996 1.01269746
85922.208771000005 1.01335990
85922.453739999997 1.01457822
85922.705575999993 1.08856177
85922.954448999997 1.00940681
85923.207846999998 0.971981347
85923.457741000006 1.01086497
85923.709975999998 0.951411247
85923.957766000007 0.930693328
85924.207779999997 0.999030530
85924.458805000002 0.977099895
85924.710107999999 1.01158631
85924.953733000002 0.932745457
85925.207733000003 0.912632465
85925.458780000001 1.04519808
85925.707798999996 0.988873780
85925.957909999997 0.990053117
85926.208593999996 1.06832135
85926.457829000006 0.948846400
85926.707662000001 0.953980505
85926.956940999997 0.959276855
85927.206584000000 1.00180829
85927.457754999996 1.04100323
85927.707064000002 0.941533208
85927.957888000004 0.963683546
85928.208247000002 0.904936492
85928.457882999995 0.907429457
85928.704217999999 0.981355608
85928.957882000002 1.02563202
85929.207546999998 0.991351545
85929.456873999996 1.03595567
85929.716807000004 0.968032539
85929.957876999993 0.987324893
85930.207718000005 1.02109277
85930.457580999995 0.934707344
85930.707576000001 1.06755102
85930.957561000003 0.911514461
85931.207641000001 1.10200632
85931.457592999999 1.13610494
85931.710080000004 0.989661336
85931.953305000003 1.02225518
85932.207662999994 0.934862375
85932.457557999995 0.977941751
85932.707498000003 0.894863129
85932.957649000004 1.01266587
85933.207674999998 1.06339431
85933.457597999994 0.977217019
85933.707422000007 0.995376170
85933.957609000005 1.03905737
85934.207567000005 0.943526685
85934.456720000002 1.01950395
85934.707393000004 1.14562094
85934.955900999994 1.01379240
85935.207743999999 1.02910304
85935.457704999993 0.978562772
85935.707699000006 0.977723598
85935.957009999998 0.938187778
85936.207691000003 0.985594213
85936.471252000003 0.889360607
85936.704261999999 0.961295605
85936.957787000007 1.07111430
85937.207798000003 1.27574813
85937.465138000000 1.09545219
85937.707597000001 0.999889314
85937.957485000006 1.07248485
85938.208820999993 1.01397955
85938.457962000000 1.03365040
85938.718120999998 1.00537300
85938.954203999994 0.879614949
85939.207594000007 1.05295908
85939.457469000001 0.980907083
85939.707725000000 1.01675320
85939.957550000006 0.928229630
85940.207913000006 1.00109494
85940.457616999993 1.06582177
85940.707290000006 0.901450396
85940.957701000007 1.00059092
85941.208303000007 1.09072602
85941.457521000004 0.904530227
85941.707420000006 0.990777731
85941.957689999996 1.04343164
85942.207464000006 0.961775601
85942.457431000003 1.01385963
85942.707376000006 0.921940088
85942.957498999996 1.05690563
85943.207389000003 1.09484744
85943.467139999993 1.05065084
85943.706571000002 1.00418425
85943.957408000002 1.05643332
85944.208480999994 1.01575458
85944.458467000004 1.02584994
85944.707450000002 0.968254983
85944.957603000003 0.864105821
85945.207722000006 1.04387188
85945.457613000006 0.931019008
85945.707412999996 0.919648886
85945.956753999999 1.14088273
85946.207632999998 0.999063253
85946.457477000004 0.930651486
85946.708272999997 1.01379764
85946.957666999995 1.02880394
85947.207680000007 0.990089715
85947.457550000006 0.980003655
85947.708708000006 0.948319852
85947.957418000005 0.958553791
85948.207853000000 1.02781820
85948.454951000007 0.903881073
85948.704496999999 0.874370635
85948.954050999993 0.941597700
85949.203511999993 0.957978666
85949.453508999999 0.957078040
85949.707601000002 1.06157708
85949.957322999995 1.01910424
85950.208759000001 1.03930175
85950.457188999993 1.00200510
85950.715691000005 0.994089365
85950.953015999999 0.895847917
85951.209604999996 0.974530637
85951.457183999999 0.972434998
85951.707206000006 0.975721419
85951.959015999993 0.875634789
85952.207446000000 0.935213208
85952.457418000005 0.996738255
85952.707043999995 1.00727212
85952.962440000003 1.02224803
85953.203324000002 1.02118289
85953.453966000001 1.07033980
85953.707118000006 1.02949345
85953.958148999998 1.01725197
85954.207236000002 0.878042638
85954.457154999996 1.00677359
85954.709808000000 0.971220553
85954.957511999994 0.950534523
85955.214244999996 1.07185924
85955.453362000000 0.874656796
85955.707609000005 0.952865958
85955.958012000003 1.04879653
85956.208006000001 1.03587592
85956.457857000001 1.00832224
85956.707114999997 1.03944600
85956.957546000005 0.967686534
85957.208230000004 1.07079959
85957.457357000007 0.932166338
85957.709302999996 0.996170938
85957.953641999993 0.894584656
85958.207309999998 0.987348795
85958.457278000002 1.08505309
85958.707332000005 0.980416954
85958.957496000003 1.02988255
85959.207278000002 1.02030897
85959.457225999999 0.991189182
85959.707129000002 0.961244643
85959.957156999997 0.880529404
85960.207993999997 0.936969757
85960.453328000003 1.02201259
85960.707003999996 0.934208453
85960.957101000007 1.09133434
85961.207972999997 1.14785910
85961.457041000001 1.00936401
85961.707005000004 0.960326731
85961.957183999999 0.900068939
85962.208333999995 0.946563959
85962.457007000005 0.955935657
85962.706959999996 1.02170503
85962.962895999997 0.945747018
85963.207116000005 0.933797657
85963.464361999999 0.867225051
85963.707068000003 0.917186439
85963.957362999994 1.11332500
85964.208444000004 1.02793026
85964.457328999997 1.10808647
85964.707230000000 0.900782943
85964.957897999993 0.906297445
85965.203190000000 1.05920994
85965.457114999997 1.04255867
85965.707036000007 0.932521701
85965.957324000003 0.994712770
85966.207368999996 1.04156220
85966.457240999996 0.966674209
85966.708150999999 1.14372849
85966.957257999995 1.04495525
85967.207085999995 1.01952374
85967.455786000006 1.03222656
85967.707058999993 1.08714008
85967.953731999994 1.03441668
85968.207028000004 1.03327119
85968.456986000005 1.08477938
85968.706930000000 0.916492999
85968.957045999996 0.903411210
85969.207095000005 1.04212594
85969.465326000005 0.912402213
85969.707968999996 1.13775718
85969.953116000004 0.992043793
85970.208927000000 0.992642045
85970.456900999998 1.03292012
85970.706808999996 1.04876649
85970.957118999999 0.965543866
85971.207072999998 1.07412457
85971.456997999994 0.893036127
85971.704943000004 1.03128326
85971.956999999995 0.974343598
85972.206978999995 0.913420141
85972.455707000001 0.962789178
85972.707261000003 1.03309977
85972.954171999998 1.06174135
85973.207949999996 1.03302848
85973.455835999994 0.955373406
85973.707236000002 1.06309116
85973.957433999996 0.938606322
85974.207337000000 0.832032502
85974.457194000002 1.05973804
85974.707295000000 0.944618046
85974.956460000001 1.02300429
85975.207446999993 1.01420426
85975.457811000000 0.977356553
85975.707536000002 1.02254128
85975.957399999999 1.09152305
85976.208303000007 0.920214355
85976.457234000001 0.980607033
85976.707248999999 1.01611209
85976.957391999997 0.931801379
85977.207381000000 0.983277440
85977.456913000002 1.08473539
85977.707391000004 1.03102398
85977.957190999994 1.13472068
85978.207162000006 1.00179100
85978.456936000002 0.948665380
85978.707049999997 1.12665331
85978.957125999994 0.966279030
85979.208046000000 0.938462675
85979.456974000001 0.976300061
85979.712880999999 0.945539117
85979.953234000001 1.00918305
85980.207060999994 0.956528008
85980.456888999994 1.01040113
85980.706919000004 1.03928339
85980.957162999999 0.961466551
85981.207005000004 0.947772324
85981.456959999996 1.08578753
85981.707060000001 1.05720305
85981.958123999997 1.02398980
85982.206993000000 1.03866887
85982.458234000005 1.03415358
85982.709409000003 1.03934896
85982.957139999999 0.837314665
85983.206948000006 1.02413201
85983.456961000004 1.08264625
85983.707169000001 0.971651971
85983.958413999993 1.05052173
85984.207251999993 0.954112887
85984.456298000005 0.899362445
85984.706103999997 0.973456979
85984.960879999999 0.987385392
85985.214242000002 0.959406614
85985.456755000007 0.932359338
85985.705721999999 0.985529423
85985.957534999994 0.944790363
85986.207066000003 0.955442786
85986.456999999995 1.03710628
85986.707131999996 0.943260193
85986.957322999995 0.927227974
85987.207175000003 0.885921717
85987.452544999993 1.00958729
85987.707018000001 0.902251840
85987.957116000005 0.891844034
85988.206993000000 1.04280853
85988.456764000002 1.07227397
85988.708687000006 1.07186878
85988.956946000006 0.991493464
85989.206797999999 1.01500559
85989.456865000000 0.866729558
85989.705979000006 0.881349206
85989.957049000004 0.894191980
85990.207043000002 0.954257905
85990.456776000006 1.03090036
85990.707030999998 0.972952724
85990.957072000005 0.976000309
85991.206821000000 1.03024030
85991.456856999997 0.919269860
85991.717353000000 1.04909754
85991.953336999999 1.10513437
85992.206927000007 1.07255924
85992.456709000006 0.917287409
85992.708161999995 0.987527728
85992.957032999999 1.06031108
85993.206808000003 1.05911827
85993.457404999994 0.937929094
85993.706976999994 0.931371391
85993.967764000001 0.928205907
85994.206395999994 0.994758129
85994.453588000004 1.07994604
85994.706986000005 0.917239845
85994.957146000001 1.04235673
85995.208029999994 0.969815075
85995.456938000003 0.993469000
85995.706948999999 0.952089548
85995.957246000005 0.937905490
85996.206946000006 0.827534437
85996.456143999996 0.963876963
85996.706900000005 0.986013710
85996.957162000006 0.964820564
85997.203339999993 1.00176942
85997.456179000001 1.06490481
85997.706172000006 0.999924481
85997.956575999997 0.974214852
85998.207708000002 1.01582921
85998.456764000002 1.05022669
85998.706806000002 0.931285739
85998.952392000007 0.947733462
85999.210252999997 1.05792296
85999.456854000004 0.951558828
85999.706781000001 1.00642109
85999.957022000002 1.04205608
86000.206842000000 1.04307544
86000.456544000001 0.918693662
86000.706619999997 1.03032172
86000.956648000007 0.994089305
86001.215985999996 0.996844113
86001.457934999999 0.961108387
86001.702281000005 0.939114630
86001.956019999998 0.958837330
86002.206596999997 1.07732224
86002.456487000003 1.11372101
86002.706672000000 1.00023055
86002.956697000001 0.984563887
86003.206653000001 0.843300998
86003.456711999999 1.02730322
86003.705853000007 0.926958442
86003.956885000007 0.928239524
86004.206839000006 1.06207550
86004.456716999994 0.905089259
86004.707649000004 0.981009007
86004.956862000006 1.04125118
86005.206709000006 1.04006946
86005.456542999993 0.929174602
86005.706695999994 0.948309004
86005.956888999994 1.02737641
86006.205759999997 0.985351920
86006.456690999999 1.08882141
86006.706581999999 1.04744065
86006.956548000002 1.05204356
86007.206827000002 1.03199923
86007.456585000007 1.06225097
86007.707418000005 0.935361505
86007.956753999999 1.08002186
86008.206577999998 0.993082881
86008.456586999993 1.02702808
86008.705868999998 0.971318901
86008.957060999994 1.05482233
86009.206611999994 1.07514524
86009.457269999999 1.00705361
86009.706686000005 1.09291303
86009.959004000004 1.03249264
86010.206460000001 1.01732135
86010.456378000003 1.12010062
86010.706690999999 1.06909537
86010.965525000007 0.981293738
86011.205704000007 0.950882971
86011.456667000006 1.04392588
86011.706325000006 1.03060329
86011.956659999996 0.947502017
86012.206525000001 0.998313904
86012.456449999998 1.07142627
86012.706493000005 1.08802307
86012.956682000004 1.02670848
86013.207783999998 1.03297651
86013.458715999994 0.996770263
86013.706757000007 0.928170919
86013.956636000003 0.965715289
86014.215939000002 0.965241492
86014.456856000004 0.981771231
86014.708857999998 0.904908419
86014.956672999993 1.01874864
86015.206430999999 1.00711524
86015.456730999998 1.00843668
86015.705795999995 0.983744323
86015.956258000006 1.06172562
86016.206649999993 1.07194924
86016.456571000002 0.983880401
86016.706548999995 1.00313294
86016.956720999995 0.870043576
86017.207311000006 0.997826040
86017.456327000007 1.02858531
86017.706477000000 0.917216539
86017.955455000003 0.997020781
86018.206254000004 1.03525639
86018.456319000004 1.01614881
86018.706554999997 1.01080835
86018.956562000007 1.14083600
86019.206384000005 0.969594955
86019.456229999996 1.06221151
86019.706332000002 0.822648644
86019.956397000002 1.04011893
