85417.119999999995 1.04896462
85417.119999999995 1.04896462
85417.889999999999 1.19746530
85418.690000000002 1.04794133
85419.490000000005 0.889242411
85420.250000000000 1.09856188
85421.050000000003 0.836791992
85421.809999999998 0.862154543
85422.619999999995 0.911487103
85423.360000000001 0.836245716
85424.160000000003 0.856051922
85424.910000000003 0.999967515
85425.679999999993 0.688393235
85426.419999999998 1.01336086
85427.220000000001 0.797773719
85427.960000000006 0.665251374
85428.770000000004 1.26883316
85429.520000000004 1.33478057
85430.330000000002 1.01158035
85431.070000000007 1.20512927
85431.869999999995 1.03344953
85432.610000000001 0.819836020
85433.410000000003 0.916206717
85434.169999999998 0.912017047
85434.940000000002 1.05701995
85435.679999999993 1.08851087
85436.490000000005 0.980322182
85437.250000000000 0.963983893
85438.050000000003 1.02775645
85438.809999999998 1.11747169
85439.610000000001 0.824471533
85440.360000000001 1.02175891
85441.160000000003 1.05864227
85441.889999999999 0.923262298
85442.639999999999 0.939088106
85443.460000000006 0.937405288
85444.199999999997 0.705335319
85444.949999999997 0.869799137
85445.720000000001 1.17691469
85446.470000000001 0.993173420
85447.220000000001 0.804644942
85447.970000000001 0.848996520
85448.740000000005 1.02168643
85449.479999999996 0.863130629
85450.289999999994 0.956688225
85451.029999999999 1.19311464
85451.820000000007 0.782305717
85452.570000000007 1.11879432
85453.369999999995 1.07208431
85454.130000000005 0.837500393
85454.929999999993 0.776241481
85455.669999999998 1.35590708
85456.460000000006 1.08556724
85457.229999999996 1.00950301
85458.020000000004 1.14258146
85458.770000000004 1.03345859
85459.580000000002 1.21465492
85460.320000000007 0.999575317
85461.100000000006 0.907124698
85461.839999999997 0.803756535
85462.600000000006 0.890120506
85463.339999999997 1.08661985
85464.149999999994 0.991574883
85464.929999999993 1.01026690
85465.669999999998 0.810650647
85466.460000000006 1.12125421
85467.210000000006 1.14613545
85468.009999999995 1.01389194
85468.759999999995 1.21720266
85469.559999999998 1.03420484
85470.330000000002 0.695014238
85471.119999999995 1.01108229
85471.919999999998 1.09537816
85472.729999999996 0.908786356
85473.470000000001 1.07126737
85474.259999999995 0.965975881
85475.039999999994 1.09610331
85475.830000000002 1.22986519
85476.600000000006 1.01879847
85477.399999999994 1.02342427
85478.149999999994 0.926905036
85478.929999999993 0.871578813
85479.699999999997 1.10443842
85480.490000000005 1.13843322
85481.229999999996 0.959467173
85482.029999999999 1.09886420
85482.809999999998 0.839640260
85483.570000000007 0.953570008
85484.330000000002 0.993717015
85485.130000000005 1.14073646
85485.899999999994 1.13408244
85486.660000000003 1.04046273
85487.419999999998 1.23567069
85488.210000000006 1.11250925
85488.960000000006 1.21404517
85489.729999999996 1.11728072
85490.470000000001 1.00306690
85491.259999999995 0.961078227
85492.039999999994 1.03066111
85492.839999999997 0.858688354
85493.580000000002 0.869241655
85494.339999999997 1.05456066
85495.089999999997 1.16000664
85495.899999999994 0.717231572
85496.639999999999 0.812152743
85497.440000000002 0.976063550
85498.229999999996 1.04779637
85499.039999999994 0.871051252
85499.820000000007 0.812323511
85500.630000000005 0.808583677
85501.369999999995 0.836608350
85502.160000000003 0.869910955
85502.940000000002 1.23623669
85503.740000000005 1.21237791
85504.529999999999 1.09001935
85505.339999999997 0.878304601
85506.089999999997 1.10007811
85506.880000000005 1.13576448
85507.660000000003 0.961004019
85508.460000000006 1.32678235
85509.199999999997 0.924238741
85509.979999999996 1.13317227
85510.759999999995 1.18476367
85511.559999999998 1.07273018
85512.309999999998 0.829424202
85513.070000000007 0.884276032
85513.839999999997 1.16108370
85514.630000000005 0.989227891
85515.369999999995 0.890964329
85516.169999999998 1.18981278
85516.910000000003 1.25054157
85517.699999999997 1.40876865
85518.479999999996 1.02835143
85519.279999999999 1.15911245
85520.020000000004 1.05612099
85520.809999999998 1.14523542
85521.580000000002 1.19216311
85522.389999999999 1.23046362
85523.130000000005 1.16511202
85523.929999999993 1.03325546
85524.720000000001 0.891995072
85525.509999999995 0.980739951
85526.309999999998 1.07920480
85527.070000000007 1.32991648
85527.830000000002 0.989810050
85528.589999999997 0.912254393
85529.339999999997 1.01694191
85530.139999999999 0.856645525
85530.889999999999 0.888265550
85531.660000000003 0.893449485
85532.410000000003 1.10315561
85533.210000000006 1.11231256
85534.009999999995 1.40342009
85534.809999999998 1.00468314
85535.610000000001 1.09809899
85536.399999999994 1.05338669
85537.199999999997 1.36943710
85538.000000000000 1.23239362
85538.729999999996 1.25690997
85539.529999999999 1.24623334
85540.289999999994 0.812969863
85541.089999999997 0.789528072
85541.850000000006 0.737763822
85542.630000000005 1.03311872
85543.410000000003 0.843143106
85544.199999999997 0.934032023
85544.990000000005 0.828281343
85545.800000000003 0.969449818
85546.550000000003 0.782747149
85547.350000000006 1.06039321
85548.119999999995 0.912824750
85548.910000000003 0.984999776
85549.720000000001 1.12060332
85550.470000000001 1.06538165
85551.270000000004 1.00521541
85552.020000000004 0.649923921
85552.820000000007 0.768677711
85553.600000000006 0.946190238
85554.380000000005 1.07841039
85555.179999999993 0.975344121
85555.979999999996 1.06904685
85556.729999999996 0.903023124
85557.539999999994 0.782190084
85558.279999999999 0.914579690
85559.070000000007 0.856131434
85559.839999999997 0.956350565
85560.589999999997 1.20570707
85561.350000000006 0.948862374
85562.119999999995 0.847284853
85562.910000000003 1.34277833
85563.699999999997 1.21209264
85564.479999999996 0.889301479
85565.279999999999 0.661142528
85566.020000000004 0.986629009
85566.820000000007 0.790941298
85567.610000000001 0.867555380
85568.429999999993 1.13923275
85569.199999999997 0.696180999
85569.960000000006 1.19002497
85570.710000000006 0.891717613
85571.490000000005 0.997496605
85572.240000000005 0.893804550
85573.020000000004 0.854811490
85573.800000000003 0.871776700
85574.580000000002 0.999984622
85575.350000000006 1.12540042
85576.100000000006 0.797063947
85576.850000000006 1.23012209
85577.610000000001 0.942984760
85578.360000000001 1.08104098
85579.119999999995 0.994944930
85579.880000000005 0.835941613
85580.639999999999 0.942123473
85581.399999999994 1.08834302
85582.179999999993 1.08582330
85582.940000000002 1.17370141
85583.729999999996 1.14767206
85584.529999999999 0.938434482
85585.300000000003 0.944916666
85586.070000000007 0.935889125
85586.839999999997 1.05997682
85587.600000000006 0.990772605
85588.360000000001 0.893850923
85589.179999999993 0.956397831
85589.929999999993 1.13380563
85590.729999999996 0.852181494
85591.529999999999 0.602016449
85592.320000000007 0.695541263
85593.080000000002 0.510612905
85593.869999999995 0.531140268
85594.610000000001 0.587255657
85595.399999999994 0.286068439
85596.179999999993 0.444186389
85596.970000000001 0.568579197
85597.729999999996 0.456933379
85598.529999999999 0.486822158
85599.289999999994 0.393074632
85600.039999999994 0.642244875
85600.789999999994 0.198258892
85601.600000000006 0.363268614
85602.339999999997 0.686079264
85603.119999999995 0.228098378
85603.880000000005 0.795253336
85604.669999999998 0.257806480
85605.460000000006 0.435914308
85606.270000000004 0.446980715
85607.009999999995 0.340741128
85607.800000000003 0.372488528
85608.580000000002 0.407715768
85609.369999999995 0.549814165
85610.160000000003 0.236097097
85610.979999999996 0.455949068
85611.720000000001 0.234185323
85612.509999999995 0.172109619
85613.289999999994 0.248417303
85614.089999999997 0.331056654
85614.830000000002 0.296650380
85615.619999999995 0.294650555
85616.429999999993 0.400163203
85617.179999999993 0.323309332
85617.949999999997 0.352082133
85618.759999999995 0.131115362
85619.500000000000 0.173053071
85620.250000000000 0.237449765
85621.059999999998 0.106001705
85621.800000000003 0.186579868
85622.619999999995 0.272761166
85623.389999999999 0.590920687
85624.130000000005 0.662349403
85624.899999999994 0.369661719
85625.679999999993 0.213382587
85626.419999999998 0.271236330
85627.240000000005 0.209191680
85628.039999999994 0.319958478
85628.830000000002 0.393572181
85629.619999999995 0.282477111
85630.389999999999 0.199275747
85631.149999999994 0.247308880
85631.899999999994 0.268043041
85632.660000000003 0.494840592
85633.460000000006 0.484008521
85634.210000000006 0.400242776
85634.979999999996 -5.13956370E-03
85635.729999999996 0.342969358
85636.529999999999 0.192202702
85637.279999999999 0.244386032
85638.070000000007 0.414591193
85638.830000000002 0.477750570
85639.580000000002 0.199971825
85640.380000000005 0.416587353
85641.169999999998 0.339689821
85641.970000000001 0.608131289
85642.759999999995 0.398795009
85643.559999999998 0.442656368
85644.339999999997 0.245947555
85645.149999999994 0.515812635
85645.929999999993 0.433344752
85646.690000000002 0.500867784
85647.440000000002 0.238315582
85648.190000000002 0.307990015
85648.949999999997 0.476737946
85649.750000000000 0.434915632
85650.520000000004 0.450857967
85651.309999999998 0.245411485
85652.070000000007 0.226841286
85652.839999999997 0.298795789
85653.589999999997 0.502331197
85654.389999999999 0.482615620
85655.160000000003 0.356792122
85655.949999999997 0.298581868
85656.710000000006 0.313048691
85657.490000000005 0.334917068
85658.259999999995 0.605716228
85659.039999999994 0.295212060
85659.820000000007 0.308622032
85660.600000000006 0.428947151
85661.380000000005 0.565336347
85662.169999999998 0.573273420
85662.949999999997 0.256877244
85663.729999999996 0.334322035
85664.509999999995 0.379207492
85665.289999999994 0.122253515
85666.089999999997 0.464281201
85666.860000000001 0.474635959
85667.639999999999 0.388705909
85668.399999999994 0.191526324
85669.139999999999 0.408517718
85669.910000000003 0.129408985
85670.690000000002 0.270467132
85671.470000000001 0.184327275
85672.270000000004 0.227944881
85673.050000000003 0.474069566
85673.860000000001 0.215948984
85674.639999999999 0.238113225
85675.419999999998 0.212820113
85676.210000000006 0.319090068
85677.029999999999 0.236773446
85677.779999999999 0.134609208
85678.539999999994 0.502083778
85679.289999999994 0.479118764
85680.039999999994 0.447077513
85680.809999999998 0.247923821
85681.559999999998 0.288680851
85682.330000000002 0.304573476
85683.130000000005 0.387160987
85683.910000000003 0.585188329
85684.710000000006 0.502601624
85685.500000000000 0.221270859
85686.240000000005 0.243256405
85687.039999999994 0.389251947
85687.850000000006 0.683979869
85688.649999999994 0.376283765
85689.419999999998 0.383978695
85690.210000000006 0.278544158
85690.970000000001 0.320935726
85691.759999999995 0.432975680
85692.529999999999 0.218045563
85693.320000000007 9.96015221E-02
85694.070000000007 9.57032517E-02
85694.869999999995 0.419406474
85695.679999999993 0.201797530
85696.440000000002 0.172893986
85697.220000000001 0.202773586
85697.979999999996 0.389882952
85698.750000000000 0.358265013
85699.520000000004 0.240655825
85700.320000000007 0.363731623
85701.080000000002 0.138823226
85701.860000000001 0.592694938
85702.600000000006 0.400522083
85703.399999999994 0.211479470
85704.160000000003 0.408870220
85704.949999999997 0.469117552
85705.699999999997 0.523031056
85706.470000000001 0.456379533
85707.229999999996 0.251657516
85708.029999999999 0.516650140
85708.779999999999 0.196220219
85709.559999999998 0.389329940
85710.300000000003 -1.08642261E-02
85711.100000000006 0.149812490
85711.850000000006 0.256011903
85712.649999999994 0.375192970
85713.399999999994 0.448659599
85714.160000000003 0.437108517
85714.929999999993 0.392616838
85715.690000000002 0.597242713
85716.440000000002 0.408653736
85717.220000000001 0.249828473
85717.960000000006 0.368893892
85718.720000000001 6.88986033E-02
85719.500000000000 0.286882073
85720.289999999994 0.430991501
85721.039999999994 0.142532423
85721.860000000001 0.157252759
85722.600000000006 0.370972514
85723.360000000001 0.191599995
85724.130000000005 0.327894747
85724.919999999998 0.310806990
85725.669999999998 0.316322476
85726.429999999993 0.230019480
85727.190000000002 0.370657206
85727.940000000002 0.346815228
85728.710000000006 0.196258694
85729.470000000001 0.316871464
85730.220000000001 0.235651761
85730.979999999996 0.297975600
85731.740000000005 0.444181919
85732.509999999995 8.47653076E-02
85733.320000000007 0.291037679
85734.059999999998 2.14933101E-02
85734.860000000001 9.64341313E-02
85735.619999999995 1.43509852E-02
85736.380000000005 0.300797552
85737.130000000005 0.361569375
85737.880000000005 0.246854991
85738.639999999999 0.364619195
85739.389999999999 0.258075774
85740.149999999994 0.162665486
85740.949999999997 0.362524897
85741.710000000006 6.13719262E-02
85742.520000000004 0.463745683
85743.289999999994 0.529770613
85744.089999999997 0.438471407
85744.850000000006 0.326682419
85745.660000000003 0.525450408
85746.399999999994 0.418902725
85747.199999999997 0.600464165
85747.970000000001 0.337681532
85748.720000000001 0.375380903
85749.479999999996 0.266293794
85750.240000000005 0.336442173
85751.000000000000 0.473304629
85751.740000000005 0.734412849
85752.509999999995 0.713726103
85753.330000000002 0.771381438
85754.070000000007 0.895030677
85754.880000000005 0.840943217
85755.639999999999 0.713668585
85756.399999999994 0.998584330
85757.149999999994 1.07551777
85757.899999999994 0.959021151
85758.649999999994 0.811846673
85759.399999999994 0.891183615
85760.160000000003 0.899326801
85760.960000000006 1.01796198
85761.750000000000 0.997271657
85762.500000000000 0.938827872
85763.289999999994 1.00768459
85764.100000000006 0.970401108
85764.880000000005 1.12740707
85765.679999999993 1.29823887
85766.460000000006 0.882643521
85767.259999999995 0.913712561
85768.050000000003 1.20782328
85768.800000000003 0.804015815
85769.559999999998 1.08624673
85770.320000000007 0.834259272
85771.130000000005 0.816305637
85771.860000000001 0.909498990
85772.649999999994 1.07081723
85773.460000000006 1.09979367
85774.199999999997 1.17611432
85774.990000000005 0.995552003
85775.759999999995 1.04071736
85776.529999999999 1.04949117
85777.320000000007 1.19027424
85778.110000000001 1.18498600
85778.860000000001 0.883783758
85779.660000000003 0.921770811
85780.419999999998 0.798777342
85781.229999999996 1.05633521
85781.970000000001 0.897261620
85782.770000000004 0.967565835
85783.539999999994 1.19922090
85784.339999999997 0.972279131
85785.089999999997 1.12705207
85785.860000000001 1.33319890
85786.610000000001 1.41818857
85787.410000000003 0.757703006
85788.160000000003 0.871234417
85788.940000000002 1.03805435
85789.679999999993 1.29046369
85790.470000000001 0.714864850
85791.259999999995 1.13650584
85792.059999999998 1.01602614
85792.820000000007 0.701538682
85793.600000000006 0.730774939
85794.339999999997 1.23158205
85795.119999999995 1.10864687
85795.919999999998 0.743696272
85796.710000000006 0.839989781
85797.470000000001 1.09228778
85798.259999999995 0.743527114
85799.000000000000 1.06170940
85799.779999999999 1.02900898
85800.559999999998 0.829316616
85801.350000000006 1.19866359
85802.100000000006 1.18597567
85802.860000000001 0.844978333
85803.619999999995 0.710949719
85804.399999999994 1.16126347
85805.179999999993 1.17770839
85805.940000000002 0.958513260
85806.690000000002 0.540556967
85807.460000000006 0.927991927
85808.220000000001 1.22840619
85809.000000000000 1.17229676
85809.770000000004 1.24180901
85810.570000000007 0.954868436
85811.309999999998 0.644779444
85812.100000000006 0.949479699
85812.880000000005 1.11777234
85813.660000000003 0.984981120
85814.429999999993 0.955730677
85815.229999999996 1.15990829
85815.970000000001 1.07483232
85816.759999999995 1.10607338
85817.550000000003 0.605373740
85818.339999999997 1.19912243
85819.119999999995 0.813472509
85819.899999999994 1.05671251
85820.639999999999 0.753598630
85821.440000000002 1.25072181
85822.229999999996 0.746392906
85823.029999999999 1.07098746
85823.789999999994 1.21210265
85824.550000000003 1.08002043
85825.300000000003 1.09617496
85826.089999999997 1.41338348
85826.830000000002 1.14686954
85827.630000000005 1.24532485
85828.419999999998 0.979895532
85829.220000000001 1.03399312
85830.009999999995 0.718103945
85830.820000000007 1.15315080
85831.559999999998 0.922260940
85832.350000000006 0.839036822
85833.139999999999 0.917518914
85833.949999999997 0.524050355
85834.690000000002 0.899733126
85835.460000000006 1.02164698
85836.220000000001 0.806306303
85837.009999999995 0.970215261
85837.759999999995 0.762461424
85838.580000000002 0.801419675
85839.320000000007 0.906056583
85840.089999999997 1.23770797
85840.850000000006 1.07063293
85841.639999999999 0.964364827
85842.389999999999 1.13388789
85843.210000000006 1.26797318
85843.949999999997 0.933282495
85844.729999999996 0.978532851
85845.509999999995 0.697297513
85846.300000000003 1.09164524
85847.110000000001 1.01567996
85847.910000000003 0.905656517
85848.649999999994 1.24142611
85849.429999999993 1.00733912
85850.199999999997 0.883907795
85851.000000000000 0.845398962
85851.740000000005 0.991361141
85852.529999999999 1.17045832
85853.320000000007 1.13300872
85854.110000000001 1.03827548
85854.880000000005 0.997012556
85855.679999999993 1.16115022
85856.419999999998 1.00731397
85857.210000000006 1.04072654
85858.000000000000 1.11573958
85858.789999999994 1.28788674
85859.589999999997 0.833559513
85860.399999999994 1.09076285
85861.149999999994 0.892368913
85861.929999999993 0.718836188
85862.699999999997 0.537153244
85863.479999999996 1.21241367
85864.240000000005 1.16134524
85865.000000000000 0.970576406
85865.750000000000 1.24535275
85866.529999999999 0.757629752
85867.270000000004 0.669297099
85868.039999999994 0.968100488
85868.800000000003 0.968163371
85869.589999999997 0.616648972
85870.350000000006 1.07049382
85871.149999999994 0.906526268
85871.940000000002 1.12754011
85872.770000000004 1.15123892
85873.529999999999 1.30678284
85874.320000000007 1.08337736
85875.080000000002 1.02292073
85875.869999999995 1.16489017
85876.610000000001 1.23123932
85877.369999999995 1.30994081
85878.119999999995 0.842176378
85878.889999999999 0.997596741
85879.630000000005 1.01840925
85880.410000000003 1.01300669
85881.179999999993 0.883512199
85881.990000000005 1.12643337
85882.740000000005 0.821541727
85883.550000000003 1.16164124
85884.339999999997 0.899265766
85885.139999999999 0.786468387
85885.929999999993 1.03157854
85886.740000000005 0.770334959
85887.479999999996 1.04959226
85888.289999999994 0.961042404
85889.080000000002 1.00631440
85889.869999999995 0.715893269
85890.610000000001 1.24687850
85891.410000000003 1.09229362
85892.199999999997 0.820843160
85893.009999999995 1.34647357
85893.750000000000 1.10921597
85894.539999999994 1.15634775
85895.320000000007 0.791972876
85896.139999999999 0.862417996
85896.880000000005 1.06849825
85897.679999999993 0.638364136
85898.479999999996 0.662112713
85899.270000000004 0.837829947
85900.059999999998 0.812988698
85900.899999999994 1.22194600
85901.639999999999 1.19025636
85902.429999999993 1.14516449
85903.229999999996 1.32895625
85904.020000000004 0.831128180
85904.809999999998 1.08709216
85905.619999999995 0.859283686
85906.380000000005 0.884507716
85907.169999999998 0.658155084
85907.970000000001 0.685733020
85908.779999999999 1.13314235
85909.520000000004 0.905586958
85910.309999999998 0.802363455
85911.089999999997 1.04285264
85911.880000000005 1.01576817
85912.679999999993 1.16793406
85913.490000000005 1.46577346
85914.229999999996 0.943857729
85915.009999999995 0.987492561
85915.789999999994 0.866962910
85916.589999999997 1.29135060
85917.389999999999 1.25266218
85918.199999999997 0.884898961
85918.940000000002 0.838299513
85919.729999999996 1.06788063
85920.520000000004 0.899453461
85921.270000000004 1.31453645
85922.070000000007 1.27230430
85922.820000000007 0.770583391
85923.639999999999 0.982063472
85924.410000000003 1.02391422
85925.210000000006 1.09875274
85925.990000000005 1.24404609
85926.789999999994 0.906399548
85927.570000000007 1.30595684
85928.369999999995 0.960475981
85929.149999999994 0.822627783
85929.960000000006 0.969463825
85930.750000000000 1.06892955
85931.509999999995 0.955264986
85932.259999999995 1.15215206
85933.009999999995 0.985056639
85933.809999999998 1.04956532
85934.550000000003 0.775474787
85935.330000000002 0.930415571
85936.130000000005 1.06701851
85936.899999999994 0.932449162
85937.710000000006 1.31972158
85938.490000000005 0.876582921
85939.289999999994 0.857497931
85940.089999999997 1.33350396
85940.830000000002 1.34302509
85941.580000000002 1.03069055
85942.389999999999 1.11554778
85943.130000000005 0.795779884
85943.929999999993 1.23288560
85944.699999999997 1.10012531
85945.460000000006 0.926002502
85946.199999999997 1.15426528
85947.000000000000 1.12935698
85947.779999999999 1.06196141
85948.529999999999 1.24825144
85949.279999999999 0.786476612
85950.089999999997 1.05875933
85950.839999999997 1.04210794
85951.639999999999 0.908923864
85952.429999999993 0.922060192
85953.169999999998 0.635608971
85953.929999999993 1.00814795
85954.720000000001 1.25294554
85955.520000000004 1.00439632
85956.259999999995 0.701838017
85957.029999999999 0.595277488
85957.850000000006 0.964643180
85958.589999999997 1.00349784
85959.389999999999 1.07323098
