85303.000000000000 1.02262247
85305.000000000000 0.978986681
85307.000000000000 1.02571738
85310.000000000000 0.955051422
85312.000000000000 0.973329723
85314.000000000000 1.03751957
85317.000000000000 1.00430763
85319.000000000000 0.951719165
85321.000000000000 1.03968608
85324.000000000000 0.992203951
85326.000000000000 0.991051078
85328.000000000000 1.01184332
85330.000000000000 0.992651463
85333.000000000000 0.981018782
85335.000000000000 0.973672628
85338.000000000000 1.00766098
85340.000000000000 0.999507010
85342.000000000000 1.04608881
85345.000000000000 1.02848423
85347.000000000000 1.02337730
85349.000000000000 0.975263894
85352.000000000000 0.959851861
85354.000000000000 0.939497113
85357.000000000000 1.00040090
85359.000000000000 1.03237104
85361.000000000000 1.05163801
85364.000000000000 1.01388276
85366.000000000000 1.04678571
85369.000000000000 1.02925479
85371.000000000000 1.00883579
85373.000000000000 1.00335860
85375.000000000000 1.02063107
85378.000000000000 1.01078629
85380.000000000000 1.03421712
85383.000000000000 0.996446490
85385.000000000000 1.01082039
85387.000000000000 0.969328940
85390.000000000000 0.966249108
85392.000000000000 0.997966170
85394.000000000000 1.01551831
85397.000000000000 0.952807903
85399.000000000000 0.978972971
85401.000000000000 1.00293195
85404.000000000000 0.995092869
85406.000000000000 0.983660698
85408.000000000000 0.996270359
85411.000000000000 1.01776254
85413.000000000000 0.976669252
85415.000000000000 0.964272797
85417.000000000000 1.00581551
85420.000000000000 1.00123310
85422.000000000000 0.956666172
85425.000000000000 1.00745177
85427.000000000000 1.02037799
85429.000000000000 1.04513991
85432.000000000000 0.994079053
85434.000000000000 1.02078915
85436.000000000000 1.01374483
85439.000000000000 0.999426365
85441.000000000000 1.03003931
85443.000000000000 0.945151746
85446.000000000000 1.01910710
85448.000000000000 1.01395285
85450.000000000000 1.00339973
85453.000000000000 0.982882261
85455.000000000000 1.02304804
85457.000000000000 1.01290667
85460.000000000000 0.980707705
85462.000000000000 0.993168473
85465.000000000000 0.979089677
85467.000000000000 1.05688107
85469.000000000000 0.991511881
85472.000000000000 0.984591305
85474.000000000000 1.01709163
85476.000000000000 0.943398297
85479.000000000000 1.01163280
85481.000000000000 1.00256109
85484.000000000000 0.994238257
85486.000000000000 1.00015223
85488.000000000000 0.957899749
85491.000000000000 0.995548487
85493.000000000000 1.01934040
85495.000000000000 0.960822761
85498.000000000000 0.961243749
85500.000000000000 0.989119232
85503.000000000000 1.02237630
85505.000000000000 1.03983831
85508.000000000000 1.02268422
85510.000000000000 0.947872162
85512.000000000000 0.964432895
85515.000000000000 0.980568290
85517.000000000000 0.981507957
85520.000000000000 0.981200099
85522.000000000000 0.972641826
85525.000000000000 1.03723025
85527.000000000000 0.980471134
85529.000000000000 1.03328836
85532.000000000000 1.01268363
85534.000000000000 0.996158957
85537.000000000000 0.967868865
85539.000000000000 1.00416136
85542.000000000000 0.988637388
85544.000000000000 1.04146683
85546.000000000000 0.980692744
85549.000000000000 1.02336049
85551.000000000000 1.00046527
85554.000000000000 0.991145313
85556.000000000000 1.00368226
85558.000000000000 1.02946734
85561.000000000000 1.04172277
85563.000000000000 0.985627472
85566.000000000000 1.03887236
85568.000000000000 1.01444519
85570.000000000000 0.963169575
85573.000000000000 0.995892167
85575.000000000000 1.03525949
85578.000000000000 0.994982123
85580.000000000000 1.00457561
85582.000000000000 0.993348658
85585.000000000000 0.986446500
85587.000000000000 0.970132172
85589.000000000000 0.970704913
85592.000000000000 0.995902836
85594.000000000000 1.03820932
85597.000000000000 0.953727722
85599.000000000000 1.00064635
85602.000000000000 1.07214797
85604.000000000000 0.983215392
85606.000000000000 0.991429806
85609.000000000000 0.978151441
85611.000000000000 0.915806949
85614.000000000000 0.775591612
85616.000000000000 0.637953699
85619.000000000000 0.546183765
85621.000000000000 0.486384153
85623.000000000000 0.493991286
85626.000000000000 0.518834233
85628.000000000000 0.484441787
85631.000000000000 0.446325749
85633.000000000000 0.460597336
85636.000000000000 0.489097804
85638.000000000000 0.451864153
85640.000000000000 0.488830149
85643.000000000000 0.445283830
85645.000000000000 0.433246106
85648.000000000000 0.456325561
85650.000000000000 0.424656779
85652.000000000000 0.471593827
85655.000000000000 0.472471356
85657.000000000000 0.462241352
85659.000000000000 0.444718301
85662.000000000000 0.448273093
85664.000000000000 0.401205629
85667.000000000000 0.427534968
85669.000000000000 0.413721234
85671.000000000000 0.461597294
85674.000000000000 0.448041320
85676.000000000000 0.482107580
85679.000000000000 0.438649505
85681.000000000000 0.437301278
85683.000000000000 0.494788200
85686.000000000000 0.480875552
85688.000000000000 0.468175620
85690.000000000000 0.483276576
85693.000000000000 0.575174689
85695.000000000000 0.573171198
85698.000000000000 0.565807760
85700.000000000000 0.566221595
85702.000000000000 0.484046817
85705.000000000000 0.483526886
85707.000000000000 0.473812371
85710.000000000000 0.534857929
85712.000000000000 0.430721611
85714.000000000000 0.473550111
85717.000000000000 0.516329587
85719.000000000000 0.472176760
85722.000000000000 0.452505618
85724.000000000000 0.455721647
85726.000000000000 0.478383958
85729.000000000000 0.431189448
85731.000000000000 0.433497757
85733.000000000000 0.461971968
85736.000000000000 0.436405391
85738.000000000000 0.426717252
85740.000000000000 0.425772399
85743.000000000000 0.415517539
85745.000000000000 0.450002164
85748.000000000000 0.450248808
85750.000000000000 0.436250538
85753.000000000000 0.438611150
85755.000000000000 0.470956147
85757.000000000000 0.433800131
85760.000000000000 0.476453841
85762.000000000000 0.436967760
85764.000000000000 0.467697978
85767.000000000000 0.482296944
85769.000000000000 0.492392540
85772.000000000000 0.489190280
85774.000000000000 0.504292667
85777.000000000000 0.542505085
85779.000000000000 0.663785517
85781.000000000000 0.751607060
85784.000000000000 0.918151081
85786.000000000000 0.977776587
85789.000000000000 1.00784862
85791.000000000000 1.02520001
85794.000000000000 0.971888959
85796.000000000000 1.01646137
85799.000000000000 0.984679282
85801.000000000000 0.998959899
85803.000000000000 0.992940724
85806.000000000000 1.02810788
85808.000000000000 0.994221210
85811.000000000000 1.02344167
85813.000000000000 0.992730916
85815.000000000000 1.00686359
85818.000000000000 0.950080812
85820.000000000000 1.04778850
85823.000000000000 0.972700298
85825.000000000000 1.05579996
85827.000000000000 1.00298774
85830.000000000000 0.981463909
85832.000000000000 1.00192165
85835.000000000000 0.971686542
85837.000000000000 1.01744556
85839.000000000000 1.01173007
85842.000000000000 1.02674842
85844.000000000000 0.984762013
85847.000000000000 1.01356411
85849.000000000000 0.983308733
85852.000000000000 0.991700947
85854.000000000000 0.978279829
85856.000000000000 0.966091692
85859.000000000000 0.959222615
85861.000000000000 0.971313417
85863.000000000000 1.02537143
85866.000000000000 0.966410697
85868.000000000000 1.00594473
85871.000000000000 1.01911080
85873.000000000000 1.01982307
85875.000000000000 1.05097234
85878.000000000000 0.994832456
85880.000000000000 0.986323178
85883.000000000000 1.00291979
85885.000000000000 0.962802887
85887.000000000000 0.974145710
85890.000000000000 1.07104909
85892.000000000000 1.01003146
85895.000000000000 0.958152056
85897.000000000000 1.05936086
85899.000000000000 1.00458705
85902.000000000000 1.03739178
85904.000000000000 1.01652884
85907.000000000000 1.01053095
85909.000000000000 0.977494895
85911.000000000000 1.02304089
85914.000000000000 0.994067490
85916.000000000000 0.971309602
85919.000000000000 1.00357544
85921.000000000000 0.999806225
85924.000000000000 1.00366271
85926.000000000000 0.981544971
85928.000000000000 1.00102687
85931.000000000000 1.01658881
85933.000000000000 1.04229426
85935.000000000000 0.955409706
85938.000000000000 0.997302473
85940.000000000000 1.00145066
85943.000000000000 1.00986350
85945.000000000000 1.00747454
85948.000000000000 1.01713824
85950.000000000000 1.00832129
85953.000000000000 0.979328752
85955.000000000000 1.03001440
85957.000000000000 0.986592293
85960.000000000000 1.02328825
85962.000000000000 0.987718582
85965.000000000000 1.01980710
85967.000000000000 1.00016701
85969.000000000000 0.985888064
85972.000000000000 0.968086421
85974.000000000000 1.02271175
85976.000000000000 0.974629045
85979.000000000000 1.02359271
85981.000000000000 0.992945552
85984.000000000000 1.01812398
85986.000000000000 0.965232491
85989.000000000000 1.00193870
85991.000000000000 0.996335566
85993.000000000000 0.977250814
85996.000000000000 0.974034190
85998.000000000000 0.947282195
86000.000000000000 0.991662562
86003.000000000000 0.977594137
86005.000000000000 1.03217888
86008.000000000000 1.01204944
86010.000000000000 0.993947089
86013.000000000000 0.976451039
86015.000000000000 0.983490944
86017.000000000000 0.979043484
86020.000000000000 0.983272016
86022.000000000000 0.987903833
86025.000000000000 0.979524910
86027.000000000000 0.980069041
86029.000000000000 0.946574569
86032.000000000000 0.978591442
86034.000000000000 1.06002367
86037.000000000000 1.01743639
86039.000000000000 0.998117089
86041.000000000000 1.01135373
86044.000000000000 1.01161492
86046.000000000000 1.02530646
86049.000000000000 1.04350686
86051.000000000000 1.05333543
86054.000000000000 1.02129579
86056.000000000000 1.02030075
86059.000000000000 0.963189781
86061.000000000000 1.03378808
86063.000000000000 1.01560915
86066.000000000000 1.02244663
86068.000000000000 0.972963214
86071.000000000000 0.994788885
86073.000000000000 0.966993213
86075.000000000000 1.00739980
86078.000000000000 1.02060556
86080.000000000000 0.961745381
86083.000000000000 1.00218964
86085.000000000000 1.03417134
86087.000000000000 1.02323329
86090.000000000000 0.976143241
86092.000000000000 0.994187653
86095.000000000000 0.987401724
86097.000000000000 1.00651002
86099.000000000000 0.973402798
86102.000000000000 1.01518738
86104.000000000000 1.02061677
86107.000000000000 0.988174140
86109.000000000000 0.964090765
86112.000000000000 1.01234961
86114.000000000000 0.960938334
